<:GIN:>,Response=<:MAP:>,infra.grpc.handler,GetLatestMailChannelOrderByHashCode: get empty mail channel order,begin Consume call,no need process continue:<:SEQ:> I STATUS c:true in:<:NUM:> target:<:NUM:> type:int64 CH VERSION <:*:> <:*:> <:*:> type:string,RecordThirdPartyCost,scCallBack receive <:request:>,receive <:*:>,send by <:*:> OrderID=<:SEQ:> <:traceID:> <:transactionID:> <:spanID:>,deal<:SmsCallback:>,dealSmsCallback complete <:callback:>,not find dictionary type=<:NUM:>,PushSmsOrderResult: <:result:>,WeChatMsg Send WechatMsg <:*:>,UpdateWeChatLog UpdateWeChatStatus msgID=<:NUM:> code=<:NUM:> <:detail:>,send by <:*:> OrderID=<:SEQ:>,dealMailCallback complete <:callback:>,<:dealMailCallback:>,PushMailSendResult: <:result:>,begin SendMailTask,use preferred orderID=<:SEQ:> <:channel:>,scCallBack DealCallBack <:event:>,SendMailTask success,SendMail cast=<:NUM:> Ms,saveChannelOrder orderID=<:SEQ:>,getAppSmsLimit <:*:> not exist,SendWeChatMsg <:*:>,juhe sendSms <:rs:>,sanZi <:*:> return <:*:> <:traceID:> <:transactionID:> <:spanID:>,<:ChineseInfo:>,<:NUM:> <:*:>,load <:*:> config ok,syncSmsChannel: m.doSyncSmsChannel: sms <:channel:>,resetApproveCallbackTask taskID=<:SEQ:>,dealSmsCallback dealSmsCallbackRetry <:order:>,<:AliMailCallback:>,ykmsymsg <:*:> start kms,uCloud <:*:> callback return <:*:> <:traceID:> <:transactionID:> <:spanID:>,sendWeChatMsg SendMsg failed,version,ykms addr: ykms://ymsg@<:IP:>:<:NUM:>,waiting task controller finished,task controller finished,dao close finished,sendSmsMsg failed <:*:> <:*:>,syncSmsStatusCode: m.doSyncSmsStatusCode: sms <:status:>,timestamp,unknown
1006,974,64,0,42,35,102,18,39,37,38,38,30,34,54,54,48,11,11,11,7,7,11,7,7,7,26,34,10,9,3,9,6,4,2,3,0,2,3,4,1,1,1,2,1,0,0,2024-01-04 19:59:49,12
991,968,402,0,18,15,100,10,36,40,35,35,30,32,54,54,46,9,9,9,3,3,7,3,3,3,20,39,7,7,2,0,0,4,2,3,2,0,0,0,0,0,0,0,0,0,0,2024-01-04 20:01:49,5
937,928,33,0,18,15,37,10,12,13,12,12,45,12,20,20,17,9,9,9,3,3,7,3,3,3,10,4,3,1,0,9,6,4,2,1,2,2,0,1,1,1,1,2,1,1,1,2024-01-04 20:03:49,1
960,939,382,0,12,10,45,4,23,20,22,22,30,21,23,23,22,6,6,6,2,2,2,2,2,2,6,8,8,3,1,8,6,4,2,0,4,2,1,2,1,1,1,2,1,0,1,2024-01-04 20:05:49,1
974,969,885,847,12,10,34,4,14,13,14,14,30,15,19,19,15,2,2,2,2,2,2,2,2,2,11,10,2,1,0,0,0,4,2,0,0,0,0,2,0,0,0,0,0,1,2,2024-01-04 20:07:49,1
948,930,915,871,49,41,49,16,22,19,22,22,30,20,21,21,28,8,8,8,8,8,8,8,8,8,8,6,9,4,1,7,6,4,2,1,0,2,2,3,1,1,1,2,1,1,0,2024-01-04 20:09:49,7
966,946,1273,881,53,44,60,18,52,32,50,50,45,50,19,19,41,9,9,9,9,9,9,9,9,9,21,9,7,8,2,9,6,4,2,0,0,2,1,1,1,1,1,2,1,0,0,2024-01-04 20:11:49,1
954,936,881,842,24,20,44,8,27,24,25,25,30,25,16,16,28,4,4,4,4,4,4,4,4,4,12,6,4,6,2,0,0,4,2,0,0,0,1,0,0,0,0,0,0,0,1,2024-01-04 20:13:49,0
957,942,1213,837,0,0,47,0,22,21,21,21,30,21,26,26,21,0,0,0,0,0,0,0,0,0,13,13,3,8,1,8,6,4,2,0,0,2,0,0,1,1,1,2,1,0,1,2024-01-04 20:15:49,0
968,954,873,834,24,20,47,8,31,26,29,29,30,28,15,15,32,4,4,4,4,4,4,4,4,4,10,7,4,7,2,0,0,4,2,2,0,0,1,1,0,0,0,0,0,1,2,2024-01-04 20:17:49,4
942,930,876,841,18,15,38,6,16,16,14,14,30,14,19,19,20,3,3,3,3,3,3,3,3,3,7,7,6,2,2,8,6,4,2,1,0,2,0,0,1,1,1,2,1,1,0,2024-01-04 20:19:49,0
937,924,1183,810,6,5,40,2,17,20,17,17,45,16,17,17,22,3,3,3,1,1,1,1,1,1,13,8,3,3,0,8,6,4,2,1,2,2,0,0,1,1,1,2,1,0,0,2024-01-04 20:21:49,0
935,925,902,872,0,0,37,0,18,20,18,18,30,18,17,17,20,0,0,0,0,0,0,0,0,0,19,7,5,3,0,0,0,4,2,0,0,0,0,0,0,0,0,0,0,0,1,2024-01-04 20:23:49,0
988,962,1255,859,53,44,71,18,35,33,31,31,30,30,28,28,43,8,8,9,9,9,9,9,9,9,13,16,11,7,4,8,6,4,2,1,0,2,0,1,1,1,1,2,1,0,1,2024-01-04 20:25:49,1
967,956,874,847,19,16,38,6,15,10,15,15,45,16,25,25,13,4,4,3,3,3,3,3,3,3,9,12,1,4,0,4,6,4,2,0,0,2,0,1,1,1,1,2,1,1,2,2024-01-04 20:27:49,1
960,947,928,890,30,25,48,10,26,25,25,25,15,25,17,17,31,5,5,5,5,5,5,5,5,5,9,11,4,4,1,0,0,4,2,1,0,0,1,0,0,0,0,0,0,1,0,2024-01-04 20:29:49,0
934,913,1312,928,12,10,45,4,21,19,20,20,45,20,24,24,21,4,4,4,2,2,2,2,2,2,10,8,11,3,1,9,6,4,2,0,2,2,2,3,1,1,1,2,1,0,0,2024-01-04 20:31:49,2
1020,941,1222,983,6,5,265,2,108,225,108,108,30,86,16,16,249,3,3,3,1,1,1,1,1,1,239,4,2,53,0,0,0,4,2,23,2,0,1,0,0,0,0,0,0,1,1,2024-01-04 20:33:49,0
965,934,1117,730,24,20,55,8,167,23,166,166,30,160,22,22,33,4,4,4,4,4,4,4,4,4,20,4,2,13,1,8,6,4,2,6,0,2,0,0,1,1,1,2,1,0,1,2024-01-04 20:35:49,2
984,967,38,0,30,25,45,10,31,26,30,30,45,31,14,14,31,5,5,5,5,5,5,5,5,5,12,8,6,8,1,4,6,4,2,0,0,2,1,1,1,1,1,2,1,1,2,2024-01-04 20:37:49,1
926,909,36,0,30,25,43,10,23,19,22,22,15,20,17,17,26,5,5,5,5,5,5,5,5,5,12,5,8,2,2,0,0,4,2,2,0,0,0,0,0,0,0,0,0,0,0,2024-01-04 20:39:49,2
959,942,398,0,42,35,59,14,39,36,37,37,45,38,16,16,43,7,7,7,7,7,7,7,7,7,13,5,4,8,2,8,6,4,2,0,0,2,1,1,1,1,1,2,1,1,0,2024-01-04 20:41:49,3
978,953,52,0,18,15,70,6,39,38,38,38,30,37,28,28,42,3,3,3,3,3,3,3,3,3,22,17,11,10,2,0,0,4,2,1,0,0,1,1,0,0,0,0,0,0,1,2024-01-04 20:43:49,2
957,941,389,0,24,20,52,8,26,24,26,26,30,26,24,24,28,4,4,4,4,4,4,4,4,4,14,6,7,6,0,9,6,4,2,0,0,2,0,2,1,1,1,2,1,0,1,2024-01-04 20:45:49,2
959,949,882,852,24,20,29,8,18,16,18,18,45,18,9,9,20,4,4,4,4,4,4,4,4,4,13,1,4,4,0,5,6,4,2,0,0,2,0,0,1,1,1,2,1,1,2,2024-01-04 20:47:49,0
948,929,931,879,24,20,54,18,34,31,33,33,15,31,17,17,37,14,14,14,4,4,14,4,4,4,15,4,5,8,1,0,0,4,2,2,0,0,0,1,0,0,0,0,0,0,0,2024-01-04 20:49:49,4
952,925,1293,884,6,5,59,2,37,40,37,37,45,34,14,14,45,1,1,1,1,1,1,1,1,1,27,4,11,10,0,9,6,4,2,4,0,2,0,1,1,1,1,2,1,1,0,2024-01-04 20:51:49,0
954,943,909,876,24,20,37,8,16,16,15,15,30,15,17,17,20,4,4,4,4,4,4,4,4,4,11,4,5,4,1,0,0,4,2,0,0,0,0,0,0,0,0,0,0,0,1,2024-01-04 20:53:49,0
947,932,1207,819,12,10,43,4,29,31,29,29,30,29,10,10,33,2,2,2,2,2,2,2,2,2,14,0,7,4,0,9,6,4,2,0,0,2,1,1,1,1,1,2,1,0,1,2024-01-04 20:55:49,0
956,937,864,820,12,10,44,4,29,32,29,29,45,29,9,9,35,2,2,2,2,2,2,2,2,2,19,5,5,10,0,9,6,4,2,1,0,2,0,0,1,1,1,2,1,1,2,2024-01-04 20:57:49,0
937,926,867,846,6,5,33,2,18,13,18,18,15,18,19,19,14,1,1,1,1,1,1,1,1,1,7,12,7,2,0,0,0,4,2,0,0,0,0,1,0,0,0,0,0,0,0,2024-01-04 20:59:49,1
953,936,1222,839,23,19,43,8,27,26,26,26,45,25,11,11,32,6,6,6,4,4,4,4,4,4,11,4,6,4,1,6,6,4,2,2,2,2,2,2,1,1,1,2,1,1,0,2024-01-04 21:01:49,2
938,928,906,880,13,11,27,4,12,12,12,12,45,13,12,12,14,4,4,4,2,2,2,2,2,2,9,3,5,3,0,6,6,4,3,0,2,2,0,1,1,1,1,2,1,1,1,2024-01-04 21:03:49,1
956,935,1240,863,6,5,38,2,40,23,38,38,15,38,14,14,24,5,5,5,1,1,1,1,1,1,6,3,5,3,2,0,0,4,4,0,4,0,0,0,0,0,0,0,0,0,1,2024-01-04 21:05:49,0
940,930,860,824,12,10,26,4,19,20,18,18,45,19,4,4,22,2,2,2,2,2,2,2,2,2,10,2,6,3,1,9,6,4,4,0,0,2,0,0,1,1,1,2,1,1,2,2024-01-04 21:07:49,0
953,936,941,894,18,15,51,6,38,38,37,37,15,37,11,11,41,3,3,3,3,3,3,3,3,3,11,6,6,7,1,0,0,4,2,0,0,0,0,0,0,0,0,0,0,0,0,2024-01-04 21:09:49,3
946,930,1323,961,18,15,25,7,18,11,16,16,45,18,9,9,15,4,4,4,3,3,4,3,3,3,5,4,9,0,2,8,6,4,2,0,0,2,2,1,1,1,1,2,1,2,0,2024-01-04 21:11:49,2
940,927,1000,962,12,10,40,4,22,27,22,22,45,21,10,10,30,2,2,2,2,2,2,2,2,2,22,1,6,4,0,4,6,4,1,1,0,2,1,0,1,1,1,2,1,0,1,2024-01-04 21:13:49,0
971,950,1067,673,46,38,57,15,43,31,38,38,15,37,17,17,40,8,8,7,8,8,7,8,8,8,7,4,9,7,5,0,0,4,2,1,0,0,0,1,0,0,0,0,0,0,1,2024-01-04 21:15:49,7
938,928,20,0,2,2,22,1,15,16,15,15,45,14,5,5,17,0,0,1,0,0,1,0,0,0,12,1,4,2,1,8,6,4,2,1,0,2,1,0,1,1,1,2,1,0,2,2024-01-04 21:17:49,1
961,944,41,0,24,20,55,10,25,27,26,26,15,24,23,23,32,6,6,6,4,4,6,4,4,4,15,14,11,5,0,0,0,4,2,1,0,0,0,0,0,0,0,0,0,1,0,2024-01-04 21:19:49,1
944,927,395,0,18,15,53,6,41,41,41,41,45,42,8,8,45,3,3,3,3,3,3,3,3,3,13,2,6,8,0,7,6,4,2,1,0,2,0,0,1,1,1,2,1,2,0,2024-01-04 21:21:49,0
940,929,23,0,0,0,24,0,15,13,15,15,45,15,11,11,13,0,0,0,0,0,0,0,0,0,9,1,4,5,0,7,6,4,2,0,0,2,0,0,1,1,1,2,1,0,1,2024-01-04 21:23:49,3
936,929,358,0,0,0,19,0,10,10,10,10,15,10,9,9,10,0,0,0,0,0,0,0,0,0,5,3,5,1,0,0,0,4,2,0,0,0,0,1,0,0,0,0,0,0,1,2024-01-04 21:25:49,1
966,949,919,874,18,15,48,6,28,30,27,27,45,27,15,15,33,3,3,3,3,3,3,3,3,3,9,3,5,7,1,7,6,4,2,0,0,2,2,0,1,1,1,2,1,0,2,2024-01-04 21:27:49,0
941,928,896,873,29,24,28,10,21,15,18,18,15,19,8,8,20,5,5,5,5,5,5,5,5,5,3,6,7,1,3,0,0,4,2,0,0,0,1,0,0,0,0,0,0,1,0,2024-01-04 21:29:49,0
948,930,1261,876,15,12,39,5,23,22,22,22,45,21,14,14,25,4,4,4,3,3,2,3,3,3,7,2,7,4,1,9,6,4,2,0,2,2,1,0,1,1,1,2,1,0,0,2024-01-04 21:31:49,0
949,937,914,874,34,29,42,11,22,25,21,21,45,24,12,12,30,8,8,8,5,5,6,5,5,5,11,5,2,4,1,8,6,4,2,0,2,2,0,0,1,1,1,2,1,3,1,2024-01-04 21:33:49,0
927,917,1200,823,6,5,33,2,22,22,22,22,15,22,10,10,23,1,1,1,1,1,1,1,1,1,4,1,6,4,0,0,0,4,2,0,0,0,1,0,0,0,0,0,0,0,1,2024-01-04 21:35:49,0
976,963,865,838,17,14,30,12,25,20,26,26,45,22,5,5,25,9,9,9,3,3,9,3,3,3,6,2,8,2,0,9,6,4,2,2,0,2,0,0,1,1,1,2,1,0,2,2024-01-04 21:37:49,3
970,949,921,853,87,72,61,31,46,34,46,46,30,43,11,11,50,15,15,16,15,15,16,15,15,15,8,3,8,6,1,8,6,4,2,1,0,2,0,0,1,1,1,2,1,0,0,2024-01-04 21:39:49,3
945,931,1219,835,22,19,41,7,28,28,28,28,30,28,9,9,32,5,5,4,3,3,4,3,3,3,11,1,6,5,0,0,0,4,2,1,0,0,3,0,0,0,0,0,0,1,0,2024-01-04 21:41:49,1
935,922,949,900,24,20,48,8,33,33,32,32,45,33,11,11,37,4,4,4,4,4,4,4,4,4,3,1,2,9,1,8,6,4,2,0,0,2,0,1,1,1,1,2,1,2,1,2024-01-04 21:43:49,0
928,920,1218,854,6,5,22,2,10,7,9,9,15,9,14,14,8,1,1,1,1,1,1,1,1,1,4,0,1,1,1,0,0,4,2,0,0,0,0,0,0,0,0,0,0,0,1,2024-01-04 21:45:49,0
996,970,893,844,42,35,54,14,38,34,33,33,45,32,12,12,42,7,7,7,7,7,7,7,7,7,18,4,15,6,5,8,6,4,2,1,0,2,0,0,1,1,1,2,1,0,2,2024-01-04 21:47:49,3
924,918,923,901,12,10,19,4,12,11,11,11,30,11,6,6,13,2,2,2,2,2,2,2,2,2,8,1,5,0,1,8,6,4,2,0,0,2,0,0,1,1,1,2,1,0,0,2024-01-04 21:49:49,0
948,922,1374,964,18,15,53,6,44,44,44,44,30,45,6,6,47,3,3,3,3,3,3,3,3,3,11,1,8,12,0,0,0,4,2,0,0,0,4,0,0,0,0,0,0,1,0,2024-01-04 21:51:49,0
950,929,1025,972,8,7,58,3,42,39,42,42,45,40,15,15,43,2,2,2,1,1,2,1,1,1,7,3,9,10,2,8,6,4,2,3,0,2,0,1,1,1,1,2,1,1,1,2024-01-04 21:53:49,3
946,927,992,591,24,20,59,6,35,33,35,35,15,36,21,21,38,4,4,4,4,4,3,4,3,3,15,3,6,5,0,0,0,4,2,0,1,0,1,1,0,0,0,0,0,1,1,2024-01-04 21:55:49,2
965,955,26,0,12,10,29,4,12,15,13,13,45,13,12,12,17,2,2,2,2,2,2,2,2,2,10,7,6,3,0,7,6,4,2,0,0,2,0,0,1,1,1,2,1,0,2,2024-01-04 21:57:49,3
935,926,25,0,0,0,27,0,18,18,18,18,30,18,9,9,18,0,0,0,0,0,0,0,0,0,7,2,1,3,0,8,6,4,2,0,0,2,2,0,1,1,1,2,1,0,0,2024-01-04 21:59:49,0
924,915,372,0,12,10,30,4,14,18,14,14,30,15,10,10,20,4,4,4,2,2,2,2,2,2,10,5,6,3,0,0,0,4,2,0,2,0,1,1,0,0,0,0,0,1,0,2024-01-04 22:01:49,0
964,944,40,0,24,20,46,8,30,28,30,30,45,32,14,14,32,6,6,6,4,4,4,4,4,4,7,7,7,7,0,9,6,4,2,0,2,2,1,0,1,1,1,2,1,2,1,2024-01-04 22:03:49,0
946,935,372,0,12,10,32,4,18,18,18,18,30,19,12,12,20,2,2,2,2,2,2,2,2,2,6,3,5,6,0,7,6,4,2,0,0,2,1,0,1,1,1,2,1,1,1,2024-01-04 22:05:49,0
980,956,928,874,42,35,45,14,37,34,33,33,30,33,4,4,41,7,7,7,7,7,7,7,7,7,10,1,9,7,4,0,0,4,2,0,0,0,2,0,0,0,0,0,0,0,2,2024-01-04 22:07:49,0
916,901,913,888,6,5,27,2,22,20,22,22,30,20,5,5,22,1,1,1,1,1,1,1,1,1,5,1,6,6,0,8,6,4,2,1,0,2,1,0,1,1,1,2,1,0,0,2024-01-04 22:09:49,3
948,936,1231,864,18,15,27,7,19,17,20,20,30,17,5,5,22,4,4,4,3,3,4,3,3,3,7,1,3,5,0,0,0,4,2,2,0,0,0,0,0,0,0,0,0,1,0,2024-01-04 22:11:49,5
942,934,893,871,12,10,22,4,12,11,12,12,45,13,9,9,13,2,2,2,2,2,2,2,2,2,5,1,4,3,0,8,6,4,2,0,0,2,1,0,1,1,1,2,1,1,1,2024-01-04 22:13:49,3
955,940,1202,816,18,15,47,6,26,29,27,27,30,28,15,15,32,3,3,3,3,3,3,3,3,3,9,5,7,5,0,7,6,4,2,0,0,2,3,0,1,1,1,2,1,1,1,2024-01-04 22:15:49,1
947,938,864,843,6,5,26,2,15,14,15,15,30,15,11,11,15,1,1,1,1,1,1,1,1,1,6,5,5,0,0,0,0,4,2,0,0,0,0,0,0,0,0,0,0,0,2,2024-01-04 22:17:49,0
927,912,891,857,0,0,34,0,27,23,25,25,30,25,11,11,23,0,0,0,0,0,0,0,0,0,7,3,6,4,2,3,6,4,2,0,0,2,0,0,1,1,1,2,1,0,0,2024-01-04 22:19:49,0
935,927,1196,830,6,5,26,2,15,13,15,15,30,15,12,12,14,1,1,1,1,1,1,1,1,1,4,2,1,2,0,0,0,4,2,0,0,0,1,0,0,0,0,0,0,0,0,2024-01-04 22:21:49,1
940,919,930,876,12,10,52,4,41,40,41,41,45,43,10,10,42,2,2,2,2,2,2,2,2,2,4,0,2,16,0,5,6,4,2,0,0,2,3,0,1,1,1,2,1,2,1,2024-01-04 22:23:49,0
961,951,1259,883,30,25,33,13,21,21,21,21,30,22,7,7,26,8,8,8,5,5,8,5,5,5,5,0,2,6,0,8,6,4,2,0,0,2,1,1,1,1,1,2,1,1,1,2024-01-04 22:25:49,0
955,948,860,831,6,5,30,2,16,17,16,16,30,16,12,12,18,1,1,1,1,1,1,1,1,1,3,2,3,4,0,0,0,4,2,0,0,0,0,0,0,0,0,0,0,0,2,2024-01-04 22:27:49,5
919,905,947,923,0,0,24,0,22,21,22,22,30,22,3,3,21,0,0,0,0,0,0,0,0,0,11,1,7,4,0,8,6,4,2,0,0,2,0,0,1,1,1,2,1,0,0,2024-01-04 22:29:49,0
946,926,1341,943,18,15,54,6,37,35,36,36,30,36,16,16,38,5,5,5,3,3,3,3,3,3,9,3,2,10,1,0,0,4,2,0,2,0,1,0,0,0,0,0,0,0,0,2024-01-04 22:31:49,0
953,943,1005,977,24,20,29,8,12,13,12,12,45,14,12,12,17,6,6,6,4,4,4,4,4,4,8,3,2,4,0,9,6,4,2,0,2,2,0,1,1,1,1,2,1,2,1,2024-01-04 22:33:49,0
953,938,976,596,16,13,36,5,23,22,22,22,30,24,11,11,25,2,2,2,3,3,2,3,3,3,6,3,4,6,1,8,6,4,2,0,0,2,1,0,1,1,1,2,1,2,1,2024-01-04 22:35:49,1
965,950,24,0,8,7,27,3,27,19,26,26,30,26,7,7,20,2,2,2,1,1,2,1,1,1,7,3,5,5,1,0,0,4,2,0,0,0,1,0,0,0,0,0,0,0,2,2024-01-04 22:37:49,3
912,905,32,0,18,15,32,6,19,20,19,19,30,19,9,9,23,3,3,3,3,3,3,3,3,3,6,3,3,4,0,9,6,4,2,0,0,2,0,0,1,1,1,2,1,0,0,2024-01-04 22:39:49,0
936,928,364,0,6,5,25,2,12,13,12,12,45,12,11,11,14,1,1,1,1,1,1,1,1,1,5,3,3,4,0,7,6,4,2,0,0,2,0,0,1,1,1,2,1,0,0,2024-01-04 22:41:49,1
943,930,33,0,12,10,33,4,19,21,19,19,30,19,9,9,24,4,4,4,2,2,2,2,2,2,7,0,5,7,0,0,0,4,2,1,2,0,0,0,0,0,0,0,0,1,1,2024-01-04 22:43:49,0
937,925,383,0,18,15,40,6,21,20,22,22,30,24,17,17,23,7,7,7,3,3,3,3,3,3,4,1,1,3,0,8,6,4,2,0,4,2,0,0,1,1,1,2,1,2,1,2024-01-04 22:45:49,3
980,972,875,854,12,10,33,5,7,7,10,10,30,8,19,19,14,3,3,3,2,2,3,2,2,2,9,8,1,1,0,0,0,4,2,2,0,0,2,1,0,0,0,0,0,0,2,2024-01-04 22:47:49,12
951,927,920,866,12,10,72,4,44,42,44,44,30,44,27,27,45,2,2,2,2,2,2,2,2,2,6,22,3,13,0,8,6,4,2,0,0,2,5,0,1,1,1,2,1,0,0,2024-01-04 22:49:49,1
945,931,1268,880,18,15,37,8,23,20,22,22,45,20,12,12,25,5,5,5,3,3,5,3,3,3,4,5,3,8,1,9,6,4,2,2,0,2,0,0,1,1,1,2,1,0,0,2024-01-04 22:51:49,6
951,941,889,859,12,10,35,4,14,14,14,14,30,14,18,18,17,2,2,2,2,2,2,2,2,2,7,6,3,3,0,0,0,4,2,1,0,0,1,0,0,0,0,0,0,1,1,2024-01-04 22:53:49,0
946,935,1211,823,18,15,41,6,31,32,31,31,30,33,6,6,35,3,3,3,3,3,3,3,3,3,8,0,3,5,0,8,6,4,2,0,0,2,1,0,1,1,1,2,1,2,1,2024-01-04 22:55:49,0
971,966,861,834,42,35,28,16,10,10,9,9,30,9,11,11,17,9,9,9,7,7,9,7,7,7,2,6,4,1,1,0,0,4,2,0,0,0,0,0,0,0,0,0,0,0,2,2024-01-04 22:57:49,0
912,899,882,849,0,0,34,0,27,28,28,28,30,28,6,6,28,0,0,0,0,0,0,0,0,0,5,1,3,7,0,8,6,4,1,0,0,2,1,0,1,1,1,2,1,0,0,2024-01-04 22:59:49,3
946,935,1198,824,18,15,36,9,19,19,19,19,45,19,14,14,22,8,8,8,3,3,6,3,3,3,4,9,3,3,0,7,6,4,2,0,2,2,0,0,1,1,1,2,1,0,0,2024-01-04 23:01:49,0
948,936,920,885,6,5,40,2,26,27,26,26,30,27,12,12,28,3,3,3,1,1,1,1,1,1,5,6,3,6,0,0,0,4,2,0,2,0,1,0,0,0,0,0,0,1,1,2024-01-04 23:03:49,0
959,945,1245,867,36,30,34,15,19,18,17,17,30,20,10,10,24,13,13,13,6,6,9,6,6,6,1,2,4,3,1,7,6,4,2,0,4,2,2,0,1,1,1,2,1,3,1,2024-01-04 23:05:49,0
971,952,872,826,6,5,38,2,31,33,31,31,45,30,3,3,35,1,1,1,1,1,1,1,1,1,6,1,6,11,1,8,6,4,2,1,0,2,1,0,1,1,1,2,1,0,2,2024-01-04 23:07:49,2
919,905,922,883,18,15,42,7,32,30,32,32,15,32,9,9,33,4,4,4,3,3,4,3,3,3,3,3,3,8,0,0,0,4,2,0,0,0,1,0,0,0,0,0,0,0,0,2024-01-04 23:09:49,0
943,937,1334,974,6,5,26,2,11,15,11,11,45,11,10,10,16,1,1,1,1,1,1,1,1,1,4,8,4,3,0,9,6,4,2,0,0,2,0,0,1,1,1,2,1,0,0,2024-01-04 23:11:49,1
942,929,1002,964,18,15,39,7,22,24,22,22,30,22,12,12,27,4,4,4,3,3,4,3,3,3,9,1,4,7,0,0,0,4,2,0,0,0,1,0,0,0,0,0,0,0,1,2024-01-04 23:13:49,0
955,939,1068,684,30,25,41,10,30,25,29,29,30,30,11,11,30,5,5,5,5,5,5,5,5,5,9,1,4,5,1,8,6,4,2,0,0,2,0,0,1,1,1,2,1,2,1,2024-01-04 23:15:49,0
958,952,23,0,18,15,25,6,12,11,13,13,45,12,11,11,14,3,3,3,3,3,3,3,3,3,3,4,2,1,0,7,6,4,2,0,0,2,1,1,1,1,1,2,1,1,2,2024-01-04 23:17:49,3
918,909,39,0,0,0,44,0,29,30,29,29,15,28,13,13,31,0,0,0,0,0,0,0,0,0,4,4,1,7,0,0,0,4,2,1,0,0,0,0,0,0,0,0,0,0,0,2024-01-04 23:19:49,0
934,924,371,0,12,10,30,4,22,21,21,21,45,21,7,7,23,2,2,2,2,2,2,2,2,2,7,1,4,5,1,7,6,4,2,0,0,2,0,0,1,1,1,2,1,0,0,2024-01-04 23:21:49,0
943,934,28,0,6,5,30,2,15,16,15,15,30,15,13,13,17,1,1,1,1,1,1,1,1,1,3,3,2,5,0,0,0,4,2,0,0,0,1,0,0,0,0,0,0,0,1,2024-01-04 23:23:49,1
941,927,377,0,24,20,36,8,28,26,27,27,30,26,4,4,32,4,4,4,4,4,4,4,4,4,5,0,2,9,1,3,6,4,2,2,0,2,0,0,1,1,1,2,1,1,1,2024-01-04 23:25:49,1
981,972,906,870,24,20,36,11,16,17,16,16,45,17,14,14,22,7,7,7,4,4,7,4,4,4,6,4,2,6,0,6,6,4,2,1,0,2,2,0,1,1,1,2,1,2,2,2024-01-04 23:27:49,3
913,905,887,872,6,5,18,2,11,11,10,10,15,10,6,6,12,1,1,1,1,1,1,1,1,1,4,3,5,2,1,0,0,4,2,0,0,0,0,0,0,0,0,0,0,0,0,2024-01-04 23:29:49,0
938,926,1249,866,12,10,40,4,21,21,21,21,45,21,17,17,23,4,4,4,2,2,2,2,2,2,9,4,4,2,0,9,6,4,2,0,2,2,0,1,1,1,1,2,1,0,0,2024-01-04 23:31:49,0
951,934,922,883,0,0,43,0,33,31,33,33,45,33,12,12,31,2,2,2,0,0,0,0,0,0,3,5,0,13,0,8,6,4,2,0,2,2,1,0,1,1,1,2,1,0,1,2024-01-04 23:33:49,0
941,936,1200,819,18,15,34,7,20,22,20,20,15,22,9,9,25,4,4,4,3,3,4,3,3,3,4,0,1,4,0,0,0,4,2,0,0,0,0,1,0,0,0,0,0,2,1,2024-01-04 23:35:49,0
962,951,876,836,12,10,41,4,32,31,32,32,45,34,8,8,33,2,2,2,2,2,2,2,2,2,8,3,4,4,0,8,6,4,2,0,0,2,2,0,1,1,1,2,1,2,2,2024-01-04 23:37:49,0
919,916,872,862,0,0,12,0,4,3,3,3,15,3,9,9,3,0,0,0,0,0,0,0,0,0,1,3,2,0,1,0,0,4,2,0,0,0,0,0,0,0,0,0,0,0,0,2024-01-04 23:39:49,0
934,916,1225,840,18,15,43,6,30,31,31,31,45,29,9,9,34,3,3,3,3,3,3,3,3,3,6,1,5,11,0,9,6,4,2,0,0,2,1,1,1,1,1,2,1,0,0,2024-01-04 23:41:49,2
943,931,953,907,12,10,47,4,34,34,34,34,45,34,11,11,36,2,2,2,2,2,2,2,2,2,5,1,1,10,0,9,6,4,2,0,0,2,1,0,1,1,1,2,1,0,1,2024-01-04 23:43:49,0
936,927,1243,861,6,5,40,2,24,25,24,24,15,24,14,14,26,1,1,1,1,1,1,1,1,1,7,0,2,6,0,0,0,4,2,0,0,0,1,0,0,0,0,0,0,0,1,2024-01-04 23:45:49,0
970,959,870,831,30,25,34,10,22,20,22,22,45,25,9,9,25,5,5,5,5,5,5,5,5,5,5,1,2,4,0,8,6,4,2,0,0,2,3,0,1,1,1,2,1,3,2,2024-01-04 23:47:49,0
912,906,921,902,6,5,17,4,9,7,8,8,30,8,9,9,8,3,3,3,1,1,3,1,1,1,4,2,3,1,1,9,6,4,2,0,0,2,0,0,1,1,1,2,1,0,0,2024-01-04 23:49:49,0
937,922,1348,953,0,0,39,0,31,33,31,31,30,31,6,6,33,0,0,0,0,0,0,0,0,0,6,2,3,10,0,0,0,4,2,0,0,0,1,0,0,0,0,0,0,0,0,2024-01-04 23:51:49,0
948,936,996,959,0,0,40,0,24,25,24,24,45,24,15,15,25,0,0,0,0,0,0,0,0,0,0,4,2,7,0,7,6,4,2,0,0,2,2,0,1,1,1,2,1,0,1,2024-01-04 23:53:49,0
935,926,981,611,12,10,24,8,16,15,16,16,15,16,7,7,17,6,6,6,2,2,6,2,2,2,5,0,6,1,0,0,0,4,2,0,0,0,0,0,0,0,0,0,0,0,1,2024-01-04 23:55:49,0
975,966,47,0,36,30,45,25,27,31,27,27,45,29,8,8,37,19,19,19,6,6,19,6,6,6,6,5,1,7,0,7,6,4,2,0,0,2,1,0,1,1,1,2,1,2,2,2024-01-04 23:57:49,0
932,925,25,0,12,10,25,4,16,17,16,16,30,17,6,6,19,2,2,2,2,2,2,2,2,2,5,1,1,4,0,8,6,4,2,0,0,2,2,0,1,1,1,2,1,1,0,2024-01-04 23:59:49,0
944,927,388,0,0,0,47,0,33,33,33,33,30,32,13,13,34,2,2,2,0,0,0,0,0,0,4,5,1,10,0,0,0,4,2,1,2,0,3,1,0,0,0,0,0,0,0,2024-01-05 00:01:49,3
946,934,23,0,6,5,29,2,18,15,15,15,45,15,13,13,16,3,3,3,1,1,1,1,1,1,1,6,2,3,3,8,6,4,2,0,2,2,2,0,1,1,1,2,1,0,1,2024-01-05 00:03:49,0
940,933,358,0,4,3,19,1,4,6,4,4,15,4,12,12,7,4,4,4,1,1,0,1,1,1,5,3,4,0,0,0,0,4,2,0,4,0,1,0,0,0,0,0,0,0,1,2024-01-05 00:05:49,0
962,950,883,840,38,32,34,13,27,18,26,26,45,29,10,10,24,7,7,7,6,6,7,6,6,6,6,4,2,5,1,2,6,4,2,0,0,2,1,1,1,1,1,2,1,3,2,2024-01-05 00:07:49,0
925,915,862,832,12,10,30,4,21,20,20,20,30,21,8,8,22,2,2,2,2,2,2,2,2,2,2,1,4,3,1,8,6,4,2,0,0,2,2,1,1,1,1,2,1,1,0,2024-01-05 00:09:49,0
934,916,1242,868,6,5,33,2,26,29,26,26,30,26,3,3,30,5,5,5,1,1,1,1,1,1,6,1,4,7,0,0,0,4,2,0,4,0,2,0,0,0,0,0,0,0,0,2024-01-05 00:11:49,0
943,938,832,817,12,10,14,4,5,4,5,5,45,5,8,8,6,2,2,2,2,2,2,2,2,2,3,0,1,1,0,9,6,4,2,0,0,2,0,0,1,1,1,2,1,0,1,2024-01-05 00:13:49,0
953,947,1196,822,42,35,34,16,11,10,11,11,15,11,17,17,17,9,9,9,7,7,9,7,7,7,4,2,3,1,0,0,0,4,2,0,0,0,0,0,0,0,0,0,0,0,1,2024-01-05 00:15:49,1
964,954,834,800,18,15,36,6,22,23,22,22,45,24,10,10,26,3,3,3,3,3,3,3,3,3,5,4,2,5,0,9,6,4,2,0,0,2,0,0,1,1,1,2,1,2,2,2024-01-05 00:17:49,0
913,907,851,830,6,5,23,2,13,10,14,14,30,13,12,12,11,1,1,1,1,1,1,1,1,1,2,3,2,2,0,7,6,4,2,0,0,2,0,0,1,1,1,2,1,1,0,2024-01-05 00:19:49,1
947,936,1198,827,36,30,30,12,17,17,17,17,30,17,7,7,23,6,6,6,6,6,6,6,6,6,5,1,2,7,0,0,0,4,2,0,0,0,1,0,0,0,0,0,0,0,0,2024-01-05 00:21:49,0
935,929,833,809,6,5,24,3,11,13,11,11,45,11,10,10,14,2,2,2,1,1,2,1,1,1,3,0,1,4,0,8,6,4,2,0,0,2,0,0,1,1,1,2,1,0,1,2024-01-05 00:23:49,0
945,935,1228,862,18,15,25,8,16,17,16,16,30,16,5,5,20,5,5,5,3,3,5,3,3,3,6,1,4,4,0,8,6,4,2,0,0,2,1,0,1,1,1,2,1,0,1,2024-01-05 00:25:49,0
958,950,897,864,12,10,34,4,21,20,21,21,30,22,12,12,22,2,2,2,2,2,2,2,2,2,4,2,2,5,0,0,0,4,2,0,0,0,0,0,0,0,0,0,0,1,2,2024-01-05 00:27:49,0
918,914,871,856,24,20,18,8,7,7,7,7,30,9,7,7,11,4,4,4,4,4,4,4,4,4,1,5,3,2,0,4,6,4,2,0,0,2,0,0,1,1,1,2,1,2,0,2024-01-05 00:29:49,0
948,943,1338,966,6,5,33,10,10,11,10,10,30,10,21,21,12,11,11,11,1,1,9,1,1,1,4,10,2,1,0,0,0,4,2,0,2,0,0,0,0,0,0,0,0,0,0,2024-01-05 00:31:49,1
938,930,987,967,0,0,23,0,12,11,12,12,45,12,12,12,11,2,2,2,0,0,0,0,0,0,2,4,1,4,0,9,6,4,2,0,2,2,0,0,1,1,1,2,1,0,1,2024-01-05 00:33:49,0
938,931,1216,854,0,0,20,0,10,10,10,10,30,10,10,10,10,0,0,0,0,0,0,0,0,0,2,2,2,3,0,9,6,4,2,0,0,2,0,0,1,1,1,2,1,0,1,2024-01-05 00:35:49,0
950,942,74,58,12,10,17,4,12,10,11,11,30,12,5,5,12,2,2,2,2,2,2,2,2,2,2,2,4,3,1,0,0,4,2,0,0,0,0,0,0,0,0,0,0,1,2,2024-01-05 00:37:49,0
923,908,42,0,18,15,36,6,27,27,26,26,30,28,6,6,30,3,3,3,3,3,3,3,3,3,2,0,3,9,1,7,6,4,2,0,0,2,2,0,1,1,1,2,1,2,0,2024-01-05 00:39:49,0
921,921,358,0,12,10,16,4,2,4,2,2,30,3,10,10,6,2,2,2,2,2,2,2,2,2,3,2,1,0,0,0,0,4,1,0,0,0,0,0,0,0,0,0,0,1,0,2024-01-05 00:41:49,0
948,936,43,0,12,10,45,4,27,27,27,27,45,26,15,15,30,2,2,2,2,2,2,2,2,2,3,2,0,7,0,8,6,4,2,1,0,2,2,0,1,1,1,2,1,0,1,2024-01-05 00:43:49,3
938,931,366,0,12,10,26,4,8,5,6,6,30,6,19,19,7,2,2,2,2,2,2,2,2,2,2,3,4,0,2,9,6,4,2,0,0,2,0,0,1,1,1,2,1,0,1,2024-01-05 00:45:49,1
940,935,884,868,0,0,17,0,9,7,9,9,30,9,10,10,7,0,0,0,0,0,0,0,0,0,2,3,1,4,0,0,0,4,2,0,0,0,0,0,0,0,0,0,0,0,2,2024-01-05 00:47:49,0
932,927,926,900,12,10,23,4,12,12,12,12,30,14,9,9,14,2,2,2,2,2,2,2,2,2,2,4,4,1,0,9,6,4,2,0,0,2,1,0,1,1,1,2,1,2,0,2024-01-05 00:49:49,0
944,940,1249,871,12,10,32,4,12,13,12,12,30,13,17,17,15,2,2,2,2,2,2,2,2,2,2,12,1,3,0,0,0,4,2,0,0,0,1,0,0,0,0,0,0,1,0,2024-01-05 00:51:49,0
934,926,884,866,0,0,21,0,7,6,6,6,45,6,15,15,6,4,4,4,0,0,0,0,0,0,1,4,1,2,0,8,6,4,2,0,4,2,0,0,1,1,1,2,1,0,1,2024-01-05 00:53:49,0
936,929,1181,824,6,5,17,3,4,4,5,5,30,5,12,12,5,6,6,6,1,1,2,1,1,1,2,5,2,0,0,9,6,4,2,0,4,2,1,0,1,1,1,2,1,0,1,2024-01-05 00:55:49,3
969,963,850,840,0,0,14,0,3,3,3,3,30,3,11,11,3,4,4,4,0,0,0,0,0,0,0,8,0,2,0,0,0,4,2,0,4,0,0,0,0,0,0,0,0,0,2,2024-01-05 00:57:49,0
913,908,859,843,24,20,17,8,6,6,5,5,30,7,7,7,10,6,6,6,4,4,4,4,4,4,0,3,2,1,1,8,6,4,2,0,2,2,0,0,1,1,1,2,1,2,0,2024-01-05 00:59:49,0
936,929,1193,832,0,0,24,0,11,11,11,11,45,11,13,13,11,2,2,2,0,0,0,0,0,0,0,8,0,3,0,9,6,4,2,0,2,2,2,0,1,1,1,2,1,0,0,2024-01-05 01:01:49,0
935,930,911,897,6,5,17,2,5,6,5,5,30,6,10,10,7,3,3,3,1,1,1,1,1,1,2,4,1,2,0,0,0,4,2,0,2,0,1,0,0,0,0,0,0,1,1,2024-01-05 01:03:49,0
938,934,1199,842,0,0,20,0,4,7,5,5,30,5,13,13,7,0,0,0,0,0,0,0,0,0,1,5,1,1,0,7,6,4,2,0,0,2,0,0,1,1,1,2,1,0,1,2024-01-05 01:05:49,1
962,956,870,846,6,5,16,2,10,9,10,10,30,10,6,6,10,1,1,1,1,1,1,1,1,1,3,4,1,4,0,0,0,4,2,0,0,0,1,0,0,0,0,0,0,0,2,2024-01-05 01:07:49,3
908,903,883,861,6,5,23,2,17,16,17,17,30,17,5,5,18,1,1,1,1,1,1,1,1,1,0,1,0,5,0,9,6,4,2,1,0,2,0,0,1,1,1,2,1,1,0,2024-01-05 01:09:49,6
931,929,1325,974,12,10,11,4,3,2,3,3,45,5,7,7,4,2,2,2,2,2,2,2,2,2,2,4,1,0,0,6,6,4,2,0,0,2,0,0,1,1,1,2,1,2,0,2024-01-05 01:11:49,0
932,927,964,945,12,10,18,4,7,8,8,8,30,9,8,8,10,2,2,2,2,2,2,2,2,2,1,0,3,2,0,0,0,4,2,0,0,0,0,0,0,0,0,0,0,1,1,2024-01-05 01:13:49,1
936,930,1013,663,6,5,20,2,9,7,7,7,30,7,12,12,8,1,1,1,1,1,1,1,1,1,1,3,1,1,2,8,6,4,2,0,0,2,1,0,1,1,1,2,1,0,1,2024-01-05 01:15:49,0
946,939,23,0,0,0,20,0,9,9,9,9,30,9,11,11,9,0,0,0,0,0,0,0,0,0,1,6,2,4,0,0,0,4,2,0,0,0,0,0,0,0,0,0,0,0,2,2024-01-05 01:17:49,0
939,931,19,0,2,1,20,1,10,10,10,10,30,10,9,9,11,0,0,0,1,1,0,1,1,1,4,1,3,3,0,8,6,4,2,0,0,2,1,0,1,1,1,2,1,0,0,2024-01-05 01:19:49,0
929,923,361,0,28,24,20,11,9,6,7,7,45,9,10,10,10,7,7,7,4,4,7,4,4,4,0,4,2,1,2,7,6,4,2,0,0,2,0,0,1,1,1,2,1,2,0,2024-01-05 01:21:49,0
949,940,25,0,18,15,24,6,13,11,12,12,30,12,10,10,14,3,3,3,3,3,3,3,3,3,3,0,4,4,1,0,0,4,2,0,0,0,0,0,0,0,0,0,0,1,1,2024-01-05 01:23:49,0
934,928,365,0,12,10,22,4,15,14,15,15,30,15,6,6,16,2,2,2,2,2,2,2,2,2,2,2,1,3,0,9,6,4,2,0,0,2,1,0,1,1,1,2,1,0,1,2024-01-05 01:25:49,1
948,945,888,876,0,0,15,0,3,2,2,2,30,2,13,13,2,0,0,0,0,0,0,0,0,0,1,3,2,0,1,0,0,4,2,0,0,0,0,0,0,0,0,0,0,0,2,2024-01-05 01:27:49,0
917,910,891,880,6,5,13,2,6,7,6,6,30,6,5,5,8,4,4,4,1,1,1,1,1,1,1,3,1,2,0,8,6,4,2,0,3,2,1,0,1,1,1,2,1,0,0,2024-01-05 01:29:49,0
935,929,1240,870,6,5,29,2,10,10,10,10,45,11,18,18,11,3,3,3,1,1,1,1,1,1,2,7,2,2,0,9,6,4,2,0,2,2,0,0,1,1,1,2,1,1,0,2024-01-05 01:31:49,0
935,934,885,868,12,10,17,4,7,6,7,7,30,9,9,9,8,2,2,2,2,2,2,2,2,2,1,2,0,1,0,0,0,4,2,0,0,0,0,0,0,0,0,0,0,2,1,2024-01-05 01:33:49,0
930,928,1182,821,0,0,16,0,6,6,6,6,30,6,10,10,6,0,0,0,0,0,0,0,0,0,1,2,0,1,0,9,6,4,2,0,0,2,1,0,1,1,1,2,1,0,1,2024-01-05 01:35:49,0
939,932,845,830,2,1,14,1,7,11,7,7,45,7,6,6,12,0,0,0,1,1,0,1,1,1,2,3,1,5,0,3,6,4,2,0,0,2,1,0,1,1,1,2,1,0,2,2024-01-05 01:37:49,0
936,930,879,865,10,9,15,9,11,4,10,10,15,11,6,6,5,8,8,8,1,1,8,1,1,1,0,0,0,2,1,0,0,4,2,0,0,0,1,0,0,0,0,0,0,1,0,2024-01-05 01:39:49,0
959,950,1224,834,64,53,41,23,17,17,17,17,45,18,13,13,28,12,12,12,11,11,12,11,11,11,0,6,1,6,0,8,6,4,2,0,0,2,0,0,1,1,1,2,1,1,0,2024-01-05 01:41:49,1
937,935,909,891,14,12,17,5,4,6,4,4,30,5,9,9,8,3,3,3,2,2,3,2,2,2,1,1,2,0,0,0,0,4,2,0,0,0,1,0,0,0,0,0,0,1,1,2024-01-05 01:43:49,1
930,927,1233,869,12,10,22,4,4,5,4,4,30,5,15,15,7,2,2,2,2,2,2,2,2,2,3,1,3,0,0,8,6,4,2,0,0,2,1,0,1,1,1,2,1,1,1,2024-01-05 01:45:49,0
929,927,843,832,0,0,14,0,4,3,4,4,45,4,11,11,3,0,0,0,0,0,0,0,0,0,0,4,0,1,0,8,6,4,2,0,0,2,0,0,1,1,1,2,1,0,2,2024-01-05 01:47:49,0
934,931,921,905,0,0,15,0,7,8,7,7,15,7,7,7,8,0,0,0,0,0,0,0,0,0,1,2,1,2,0,0,0,4,2,0,0,0,1,0,0,0,0,0,0,0,0,2024-01-05 01:49:49,0
932,928,1331,963,0,0,15,0,6,6,7,7,45,7,9,9,6,0,0,0,0,0,0,0,0,0,4,4,0,0,0,9,6,4,2,0,0,2,0,0,1,1,1,2,1,0,0,2024-01-05 01:51:49,1
936,931,986,963,14,12,22,5,8,8,8,8,45,10,12,12,10,3,3,3,2,2,3,2,2,2,0,2,0,4,0,9,6,4,2,0,0,2,1,0,1,1,1,2,1,2,1,2024-01-05 01:53:49,1
930,924,969,605,6,5,22,2,12,11,12,12,15,10,7,7,15,1,1,1,1,1,1,1,1,1,2,1,2,3,1,0,0,4,2,3,0,0,0,0,0,0,0,0,0,1,1,2024-01-05 01:55:49,3
933,927,23,0,0,0,26,0,16,16,15,15,45,15,10,10,16,0,0,0,0,0,0,0,0,0,1,7,1,4,1,8,6,4,2,0,0,2,0,0,1,1,1,2,1,0,2,2024-01-05 01:57:49,0
927,925,9,0,6,5,12,2,4,4,4,4,15,4,7,7,5,1,1,1,1,1,1,1,1,1,0,3,1,1,0,0,0,4,2,0,0,0,0,0,0,0,0,0,0,0,0,2024-01-05 01:59:49,0
930,927,352,0,0,0,15,0,2,2,2,2,45,2,13,13,2,2,2,2,0,0,0,0,0,0,0,8,0,1,0,8,6,4,2,0,2,2,0,0,1,1,1,2,1,0,0,2024-01-05 02:01:49,0
945,941,20,0,12,10,24,4,10,10,10,10,45,12,12,12,12,2,2,2,2,2,2,2,2,2,0,6,0,4,0,8,6,4,2,0,0,2,0,0,1,1,1,2,1,2,1,2024-01-05 02:03:49,0
924,919,357,0,6,5,15,2,6,5,6,6,15,7,9,9,6,1,1,1,1,1,1,1,1,1,2,1,1,3,0,0,0,4,2,0,0,0,0,0,0,0,0,0,0,1,1,2024-01-05 02:05:49,0
947,946,861,844,0,0,9,0,4,3,4,4,45,4,6,6,3,0,0,0,0,0,0,0,0,0,1,4,1,0,0,8,6,4,2,0,0,2,0,0,1,1,1,2,1,0,2,2024-01-05 02:07:49,0
931,926,872,861,6,5,11,2,6,5,6,6,15,7,5,5,6,1,1,1,1,1,1,1,1,1,2,1,1,4,0,0,0,4,2,0,0,0,0,0,0,0,0,0,0,1,0,2024-01-05 02:09:49,0
927,926,1231,882,6,5,11,2,5,4,5,5,45,5,6,6,5,1,1,1,1,1,1,1,1,1,2,4,0,1,0,9,6,4,2,0,0,2,0,0,1,1,1,2,1,0,0,2024-01-05 02:11:49,3
937,936,870,847,18,15,18,6,3,5,3,3,45,5,10,10,8,3,3,3,3,3,3,3,3,3,1,0,2,0,0,6,6,4,2,0,0,2,1,0,1,1,1,2,1,2,1,2024-01-05 02:13:49,0
927,925,1202,846,12,10,14,4,3,2,3,3,15,4,10,10,4,2,2,2,2,2,2,2,2,2,1,1,1,0,0,0,0,4,2,0,0,0,0,0,0,0,0,0,0,1,1,2024-01-05 02:15:49,0
931,929,848,837,6,5,14,2,4,5,4,4,45,4,8,8,6,1,1,1,1,1,1,1,1,1,1,4,1,1,0,9,6,4,2,0,0,2,0,0,1,1,1,2,1,0,2,2024-01-05 02:17:49,0
934,932,874,856,0,0,19,0,7,7,7,7,15,7,12,12,7,0,0,0,0,0,0,0,0,0,1,4,1,1,0,0,0,4,2,0,0,0,0,0,0,0,0,0,0,0,0,2024-01-05 02:19:49,0
933,927,1183,825,0,0,22,0,9,10,9,9,45,9,12,12,10,1,1,1,0,0,0,0,0,0,4,6,4,3,0,7,6,4,1,0,1,2,0,0,1,1,1,2,1,0,0,2024-01-05 02:21:49,0
937,933,937,919,12,10,17,4,7,4,7,7,45,8,11,11,6,2,2,2,2,2,2,2,2,2,0,1,0,0,0,8,6,4,2,0,0,2,1,0,1,1,1,2,1,2,1,2024-01-05 02:23:49,0
922,920,1204,853,6,5,10,2,5,3,5,5,15,6,6,6,4,1,1,1,1,1,1,1,1,1,0,2,0,0,0,0,0,4,2,0,0,0,0,0,0,0,0,0,0,1,1,2024-01-05 02:25:49,0
947,941,851,831,6,5,22,5,10,8,9,9,45,9,13,13,9,4,4,4,1,1,4,1,1,1,0,3,0,3,1,8,6,4,2,0,0,2,0,0,1,1,1,2,1,0,2,2024-01-05 02:27:49,0
936,933,910,901,6,5,12,2,6,6,6,6,30,6,5,5,7,1,1,1,1,1,1,1,1,1,0,3,1,3,0,7,6,4,2,0,0,2,0,0,1,1,1,2,1,0,0,2024-01-05 02:29:49,0
932,929,1314,954,0,0,20,0,3,2,3,3,30,3,18,18,2,2,2,2,0,0,0,0,0,0,1,7,1,0,0,0,0,4,2,0,2,0,0,0,0,0,0,0,0,0,0,2024-01-05 02:31:49,0
928,926,986,973,6,5,17,2,3,4,3,3,45,4,12,12,5,1,1,1,1,1,1,1,1,1,0,5,0,2,0,4,6,4,2,0,0,2,0,0,1,1,1,2,1,1,1,2024-01-05 02:33:49,0
918,916,1002,643,6,5,12,2,2,2,2,2,15,3,9,9,3,1,1,1,1,1,1,1,1,1,1,1,0,2,0,0,0,4,2,0,0,0,0,0,0,0,0,0,0,1,1,2024-01-05 02:35:49,0
956,951,21,0,6,5,25,2,13,16,13,13,45,14,9,9,17,1,1,1,1,1,1,1,1,1,2,6,1,3,0,7,6,4,2,0,0,2,1,0,1,1,1,2,1,1,2,2024-01-05 02:37:49,0
927,926,9,0,0,0,11,0,3,2,3,3,30,3,8,8,2,0,0,0,0,0,0,0,0,0,1,2,1,0,0,9,6,4,2,0,0,2,1,0,1,1,1,2,1,0,0,2024-01-05 02:39:49,0
935,931,358,0,12,10,17,4,5,4,5,5,30,6,11,11,6,2,2,2,2,2,2,2,2,2,1,4,1,2,0,0,0,4,2,0,0,0,0,0,0,0,0,0,0,1,0,2024-01-05 02:41:49,0
918,916,16,0,12,10,21,4,4,5,4,4,45,5,14,14,7,2,2,2,2,2,2,2,2,2,0,6,1,1,0,8,6,4,2,0,0,2,0,0,1,1,1,2,1,1,1,2024-01-05 02:43:49,0
931,926,367,0,6,5,25,2,8,9,8,8,30,9,15,15,10,1,1,1,1,1,1,1,1,1,3,1,2,2,0,9,6,4,2,0,0,2,0,0,1,1,1,2,1,1,1,2024-01-05 02:45:49,0
957,954,881,864,12,10,19,4,5,6,5,5,30,6,11,11,8,2,2,2,2,2,2,2,2,2,1,4,1,2,0,0,0,4,2,0,0,0,0,0,0,0,0,0,0,1,2,2024-01-05 02:47:49,0
929,924,899,880,0,0,13,0,8,8,8,8,30,8,5,5,8,0,0,0,0,0,0,0,0,0,2,0,2,2,0,9,6,4,2,0,0,2,0,0,1,1,1,2,1,0,0,2024-01-05 02:49:49,0
926,924,1252,885,0,0,14,0,5,5,5,5,30,5,9,9,5,0,0,0,0,0,0,0,0,0,0,4,0,1,0,0,0,4,2,0,0,0,0,0,0,0,0,0,0,0,0,2024-01-05 02:51:49,0
926,925,875,859,6,5,16,3,3,3,3,3,45,3,12,12,4,2,2,2,1,1,2,1,1,1,0,2,0,0,0,8,6,4,2,0,0,2,0,0,1,1,1,2,1,0,1,2024-01-05 02:53:49,0
924,923,1208,849,18,15,11,6,2,2,2,2,30,4,6,6,5,3,3,3,3,3,3,3,3,3,0,0,0,1,0,7,6,4,2,0,0,2,0,0,1,1,1,2,1,2,1,2024-01-05 02:55:49,0
962,960,848,832,12,10,20,4,6,6,6,6,30,7,12,12,8,2,2,2,2,2,2,2,2,2,3,9,1,0,0,0,0,4,2,0,0,0,0,0,0,0,0,0,0,1,2,2024-01-05 02:57:49,0
931,926,851,842,6,5,12,2,3,4,3,3,30,3,7,7,5,5,5,5,1,1,1,1,1,1,1,3,2,0,0,6,6,4,2,0,4,2,0,0,1,1,1,2,1,0,0,2024-01-05 02:59:49,0
928,924,1204,849,6,5,13,4,3,3,3,3,45,3,9,9,4,5,5,5,1,1,3,1,1,1,0,4,0,1,0,7,6,4,2,0,2,2,0,0,1,1,1,2,1,0,0,2024-01-05 03:01:49,0
932,926,901,887,6,5,17,3,4,6,5,5,30,5,10,10,7,4,4,4,1,1,2,1,1,1,1,4,0,3,0,0,0,4,2,0,2,0,0,0,0,0,0,0,0,0,1,2024-01-05 03:03:49,3
929,928,1239,882,12,10,17,4,3,3,3,3,30,5,11,11,6,2,2,2,2,2,2,2,2,2,1,3,0,1,0,8,6,4,2,0,0,2,0,0,1,1,1,2,1,2,1,2024-01-05 03:05:49,1
959,954,845,826,12,10,13,7,3,1,3,3,30,4,10,10,3,9,9,9,2,2,5,2,2,2,0,8,0,0,0,0,0,4,2,0,4,0,1,0,0,0,0,0,0,1,2,2024-01-05 03:07:49,0
926,926,911,904,0,0,10,0,2,3,2,2,30,2,7,7,3,0,0,0,0,0,0,0,0,0,1,3,1,0,0,8,6,4,2,0,0,2,0,0,1,1,1,2,1,0,0,2024-01-05 03:09:49,0
931,928,1334,980,6,5,11,2,6,5,6,6,45,7,5,5,6,1,1,1,1,1,1,1,1,1,2,3,2,0,0,8,6,4,2,0,0,2,0,0,1,1,1,2,1,1,0,2024-01-05 03:11:49,0
930,924,969,957,6,5,13,2,5,3,4,4,30,3,8,8,5,4,4,4,1,1,1,1,1,1,1,0,2,0,1,0,0,4,2,1,3,0,0,0,0,0,0,0,0,0,1,2024-01-05 03:13:49,0
917,917,931,576,12,10,12,4,0,0,0,0,30,2,10,10,2,2,2,2,2,2,2,2,2,2,0,1,0,0,0,8,6,4,2,0,0,2,0,0,1,1,1,2,1,2,1,2024-01-05 03:15:49,0
957,948,25,0,6,5,27,2,15,19,15,15,30,16,7,7,20,1,1,1,1,1,1,1,1,1,2,3,3,6,0,0,0,4,2,0,0,0,1,0,0,0,0,0,0,1,2,2024-01-05 03:17:49,0
927,924,17,0,6,5,14,2,5,4,5,5,30,5,9,9,5,1,1,1,1,1,1,1,1,1,0,1,0,2,0,9,6,4,2,0,0,2,0,0,1,1,1,2,1,0,0,2024-01-05 03:19:49,2
928,927,349,0,0,0,9,0,1,0,1,1,45,1,9,9,0,0,0,0,0,0,0,0,0,0,0,3,0,0,0,9,6,4,2,0,0,2,0,0,1,1,1,2,1,0,0,2024-01-05 03:21:49,0
924,920,14,0,0,0,14,0,6,4,5,5,30,5,10,10,4,0,0,0,0,0,0,0,0,0,0,0,0,2,1,0,0,4,2,0,0,0,0,0,0,0,0,0,0,0,1,2024-01-05 03:23:49,0
930,926,351,0,6,5,10,2,5,3,4,4,30,5,6,6,4,1,1,1,1,1,1,1,1,1,0,2,1,0,1,8,6,4,2,0,0,2,0,0,1,1,1,2,1,1,1,2024-01-05 03:25:49,0
962,961,881,863,24,20,20,11,1,1,1,1,30,3,15,15,5,7,7,7,4,4,7,4,4,4,0,5,0,1,0,0,0,4,2,0,0,0,0,0,0,0,0,0,0,2,2,2024-01-05 03:27:49,0
930,925,892,887,0,0,7,0,2,2,2,2,30,2,5,5,2,4,4,4,0,0,0,0,0,0,0,3,0,1,0,9,6,4,2,0,4,2,0,0,1,1,1,2,1,0,0,2024-01-05 03:29:49,0
918,915,1224,860,6,5,21,2,3,5,3,3,45,3,15,15,6,3,3,3,1,1,1,1,1,1,0,4,2,0,0,2,6,4,2,0,2,2,0,0,1,1,1,2,1,0,0,2024-01-05 03:31:49,0
939,932,866,847,12,10,20,4,9,9,9,9,30,9,9,9,11,5,5,5,2,2,2,2,2,2,4,2,0,4,0,0,0,4,2,0,3,0,0,0,0,0,0,0,0,0,1,2024-01-05 03:33:49,0
931,929,1191,832,18,15,14,7,3,3,3,3,30,4,8,8,6,4,4,4,3,3,4,3,3,3,2,0,2,0,0,8,6,4,2,0,0,2,0,0,1,1,1,2,1,1,1,2024-01-05 03:35:49,0
949,948,852,840,12,10,12,4,3,4,3,3,45,5,6,6,6,2,2,2,2,2,2,2,2,2,0,3,0,1,0,9,6,4,2,0,0,2,0,0,1,1,1,2,1,2,2,2024-01-05 03:37:49,0
928,927,878,864,0,0,15,0,5,4,5,5,15,5,11,11,4,0,0,0,0,0,0,0,0,0,0,5,0,1,0,0,0,4,2,0,0,0,0,0,0,0,0,0,0,0,0,2024-01-05 03:39:49,0
909,909,1196,844,0,0,12,0,1,2,1,1,45,1,10,10,2,0,0,0,0,0,0,0,0,0,0,3,1,0,0,8,6,4,2,0,0,2,0,0,1,1,1,2,1,0,0,2024-01-05 03:41:49,0
938,932,925,907,12,10,14,4,6,4,7,7,30,6,8,8,6,2,2,2,2,2,2,2,2,2,1,0,1,2,0,0,0,4,2,0,0,0,0,0,0,0,0,0,0,1,1,2024-01-05 03:43:49,1
923,923,1239,881,6,5,16,2,0,1,0,0,30,0,14,14,2,1,1,1,1,1,1,1,1,1,0,0,1,0,0,8,6,4,2,0,0,2,0,0,1,1,1,2,1,0,1,2024-01-05 03:45:49,0
948,947,851,833,12,10,18,4,5,6,5,5,45,7,10,10,8,2,2,2,2,2,2,2,2,2,1,3,1,0,0,8,6,4,2,0,0,2,0,0,1,1,1,2,1,2,2,2024-01-05 03:47:49,0
922,921,943,928,12,10,10,4,3,3,3,3,15,4,5,5,5,2,2,2,2,2,2,2,2,2,0,0,0,0,0,0,0,4,2,0,0,0,0,0,0,0,0,0,0,1,0,2024-01-05 03:49:49,0
926,925,1350,986,0,0,10,0,1,2,1,1,45,1,8,8,2,0,0,0,0,0,0,0,0,0,0,3,0,1,0,9,6,4,2,0,0,2,0,0,1,1,1,2,1,0,0,2024-01-05 03:51:49,0
939,933,958,941,6,5,21,2,6,5,4,4,30,4,15,15,6,1,1,1,1,1,1,1,1,1,0,5,1,1,2,0,0,4,2,0,0,0,0,0,0,0,0,0,0,0,1,2024-01-05 03:53:49,0
928,924,914,559,6,5,10,2,7,2,5,5,30,5,7,7,3,1,1,1,1,1,1,1,1,1,0,1,0,0,2,8,6,4,2,0,0,2,0,0,1,1,1,2,1,0,1,2024-01-05 03:55:49,0
926,926,11,0,12,10,13,4,0,0,0,0,45,2,11,11,2,2,2,2,2,2,2,2,2,2,0,8,0,0,0,8,6,4,2,0,0,2,0,0,1,1,1,2,1,2,2,2024-01-05 03:57:49,0
938,932,22,0,12,10,22,5,15,14,15,15,15,15,5,5,17,3,3,3,2,2,3,2,2,2,1,1,1,5,0,0,0,4,2,1,0,0,0,0,0,0,0,0,0,1,0,2024-01-05 03:59:49,3
928,925,356,0,6,5,14,2,3,5,3,3,45,3,8,8,6,3,3,3,1,1,1,1,1,1,0,3,1,1,0,8,6,4,2,0,2,2,0,0,1,1,1,2,1,0,0,2024-01-05 04:01:49,0
934,934,6,0,0,0,10,0,0,0,0,0,30,0,10,10,0,0,0,0,0,0,0,0,0,0,0,4,0,0,0,0,0,4,2,0,0,0,0,0,0,0,0,0,0,0,1,2024-01-05 04:03:49,0
919,918,355,0,0,0,11,0,2,2,2,2,30,2,9,9,2,0,0,0,0,0,0,0,0,0,0,1,1,0,0,7,6,4,2,0,0,2,0,0,1,1,1,2,1,0,1,2024-01-05 04:05:49,0
953,949,884,861,24,20,13,8,5,3,5,5,45,5,6,6,7,4,4,4,4,4,4,4,4,4,0,4,2,0,1,7,6,4,2,0,0,2,0,0,1,1,1,2,1,2,2,2024-01-05 04:07:49,1
926,926,881,875,6,5,6,2,0,0,0,0,15,1,5,5,1,1,1,1,1,1,1,1,1,1,0,1,0,0,0,0,0,4,1,0,0,0,0,0,0,0,0,0,0,1,0,2024-01-05 04:09:49,0
928,926,1249,900,0,0,10,0,5,5,5,5,45,5,5,5,5,0,0,0,0,0,0,0,0,0,0,3,0,2,0,7,6,4,2,0,0,2,0,0,1,1,1,2,1,0,0,2024-01-05 04:11:49,0
928,927,880,869,6,5,10,2,1,1,1,1,45,2,8,8,2,1,1,1,1,1,1,1,1,1,1,0,0,0,0,8,6,4,2,0,0,2,0,0,1,1,1,2,1,1,1,2024-01-05 04:13:49,0
927,926,1185,827,12,10,15,4,3,4,3,3,15,3,9,9,6,2,2,2,2,2,2,2,2,2,0,0,1,1,0,0,0,4,2,0,0,0,0,0,0,0,0,0,0,0,1,2024-01-05 04:15:49,0
926,920,838,818,12,10,23,4,13,13,13,13,45,14,8,8,15,2,2,2,2,2,2,2,2,2,3,4,2,2,0,9,6,4,2,0,0,2,2,0,1,1,1,2,1,1,2,2024-01-05 04:17:49,0
930,929,872,859,12,10,13,4,2,2,2,2,15,3,9,9,4,2,2,2,2,2,2,2,2,2,2,1,0,1,0,0,0,4,2,0,0,0,0,0,0,0,0,0,0,1,0,2024-01-05 04:19:49,0
930,930,1187,837,6,5,11,2,0,0,0,0,45,1,10,10,1,1,1,1,1,1,1,1,1,1,0,4,0,0,0,8,6,4,2,0,0,2,0,0,1,1,1,2,1,1,0,2024-01-05 04:21:49,0
933,932,918,906,0,0,13,0,2,2,2,2,45,2,11,11,2,0,0,0,0,0,0,0,0,0,2,1,0,1,0,7,6,4,2,0,0,2,0,0,1,1,1,2,1,0,1,2024-01-05 04:23:49,0
933,930,1213,865,0,0,7,0,4,2,4,4,15,3,5,5,2,0,0,0,0,0,0,0,0,0,0,1,0,1,0,0,0,4,2,0,0,0,0,0,0,0,0,0,0,0,1,2024-01-05 04:25:49,0
924,924,840,827,6,5,15,2,1,1,1,1,45,2,13,13,2,1,1,1,1,1,1,1,1,1,0,3,0,0,0,8,6,4,2,0,0,2,0,0,1,1,1,2,1,1,2,2024-01-05 04:27:49,0
943,940,932,919,6,5,14,2,6,6,6,6,30,7,7,7,7,1,1,1,1,1,1,1,1,1,0,5,0,3,0,7,6,4,2,0,0,2,0,0,1,1,1,2,1,1,0,2024-01-05 04:29:49,0
937,935,1308,942,18,15,23,6,2,3,2,2,30,3,17,17,6,5,5,5,3,3,3,3,3,3,0,6,1,0,0,0,0,4,2,0,2,0,0,0,0,0,0,0,0,1,0,2024-01-05 04:31:49,0
928,926,974,963,0,0,13,0,4,4,4,4,45,4,9,9,4,0,0,0,0,0,0,0,0,0,2,3,1,0,0,8,6,4,2,0,0,2,0,0,1,1,1,2,1,0,1,2024-01-05 04:33:49,0
915,913,961,604,0,0,16,0,5,5,5,5,15,4,10,10,6,0,0,0,0,0,0,0,0,0,1,1,1,1,0,0,0,4,2,1,0,0,1,0,0,0,0,0,0,0,1,2024-01-05 04:35:49,3
927,927,3,0,0,0,6,0,0,0,0,0,45,0,6,6,0,0,0,0,0,0,0,0,0,0,0,3,0,0,0,8,6,4,2,0,0,2,0,0,1,1,1,2,1,0,2,2024-01-05 04:37:49,0
940,940,12,0,12,10,10,4,1,1,1,1,30,3,7,7,3,2,2,2,2,2,2,2,2,2,0,1,0,0,0,8,6,4,2,0,0,2,0,0,1,1,1,2,1,2,0,2024-01-05 04:39:49,0
912,912,355,0,6,5,15,2,3,3,3,3,30,4,11,11,4,1,1,1,1,1,1,1,1,1,0,4,0,0,0,0,0,4,2,0,0,0,0,0,0,0,0,0,0,1,0,2024-01-05 04:41:49,0
940,939,16,0,6,5,12,2,2,2,2,2,45,2,9,9,3,1,1,1,1,1,1,1,1,1,0,1,0,1,0,8,6,4,2,0,0,2,0,0,1,1,1,2,1,0,1,2024-01-05 04:43:49,0
927,927,358,0,6,5,15,2,0,0,0,0,15,1,14,14,1,1,1,1,1,1,1,1,1,1,0,0,0,0,0,0,0,4,2,0,0,0,0,0,0,0,0,0,0,1,1,2024-01-05 04:45:49,0
931,929,876,862,12,10,15,4,2,3,2,2,45,2,10,10,5,2,2,2,2,2,2,2,2,2,0,3,1,2,0,9,6,4,2,0,0,2,0,0,1,1,1,2,1,0,2,2024-01-05 04:47:49,1
939,936,912,900,12,10,11,4,2,0,2,2,30,4,8,8,3,2,2,2,2,2,2,2,2,2,1,3,0,0,1,3,6,4,2,0,0,2,0,0,1,1,1,2,1,2,0,2024-01-05 04:49:49,4
927,927,1246,880,6,5,12,2,2,2,2,2,30,3,9,9,3,1,1,1,1,1,1,1,1,1,1,4,0,0,0,0,0,4,2,0,0,0,0,0,0,0,0,0,0,1,0,2024-01-05 04:51:49,0
935,932,871,856,0,0,16,0,4,4,4,4,45,4,12,12,4,0,0,0,0,0,0,0,0,0,0,2,0,3,0,8,6,4,2,0,0,2,0,0,1,1,1,2,1,0,1,2024-01-05 04:53:49,0
925,925,1192,837,0,0,10,0,4,4,4,4,30,4,6,6,4,0,0,0,0,0,0,0,0,0,0,0,0,0,0,4,6,4,2,0,0,2,0,0,1,1,1,2,1,0,1,2024-01-05 04:55:49,0
945,942,846,836,0,0,13,0,5,3,4,4,30,4,10,10,3,0,0,0,0,0,0,0,0,0,1,7,0,1,1,0,0,4,2,0,0,0,0,0,0,0,0,0,0,0,2,2024-01-05 04:57:49,0
934,916,855,850,0,0,6,0,3,1,3,3,30,3,5,5,1,16,16,16,0,0,0,0,0,0,0,1,0,2,0,8,6,4,2,0,16,2,0,0,1,1,1,2,1,0,0,2024-01-05 04:59:49,6
941,936,1147,788,18,15,18,6,5,4,4,4,30,6,11,11,7,5,5,5,3,3,3,3,3,3,1,6,1,0,1,0,0,4,2,0,2,0,0,0,0,0,0,0,0,2,0,2024-01-05 05:01:49,0
936,936,844,836,6,5,11,2,0,0,0,0,45,1,10,10,1,1,1,1,1,1,1,1,1,1,0,4,0,0,0,8,6,4,2,0,0,2,0,0,1,1,1,2,1,1,1,2024-01-05 05:03:49,0
922,920,1228,872,0,0,11,0,3,3,3,3,30,3,8,8,3,0,0,0,0,0,0,0,0,0,1,0,1,1,0,8,6,4,2,0,0,2,0,0,1,1,1,2,1,0,1,2024-01-05 05:05:49,0
930,927,888,868,0,0,12,0,5,6,5,5,30,5,6,6,6,0,0,0,0,0,0,0,0,0,0,4,0,3,0,0,0,4,2,0,0,0,0,0,0,0,0,0,0,0,2,2024-01-05 05:07:49,0
933,932,914,908,0,0,7,0,2,2,2,2,30,2,5,5,2,0,0,0,0,0,0,0,0,0,0,1,0,1,0,9,6,4,2,0,0,2,0,0,1,1,1,2,1,0,0,2024-01-05 05:09:49,0
934,932,1326,975,12,10,12,4,3,3,3,3,30,5,7,7,5,2,2,2,2,2,2,2,2,2,0,5,0,1,0,0,0,4,2,0,0,0,1,0,0,0,0,0,0,2,0,2024-01-05 05:11:49,0
928,923,969,956,6,5,14,2,7,3,5,5,45,6,10,10,4,1,1,1,1,1,1,1,1,1,0,2,0,1,2,7,6,4,2,0,0,2,0,0,1,1,1,2,1,1,1,2024-01-05 05:13:49,0
925,925,1003,648,6,5,12,2,2,2,2,2,30,3,9,9,3,1,1,1,1,1,1,1,1,1,0,0,0,0,0,8,6,4,2,0,0,2,0,0,1,1,1,2,1,1,1,2024-01-05 05:15:49,0
934,934,6,0,6,5,11,2,0,1,0,0,30,0,9,9,2,1,1,1,1,1,1,1,1,1,0,5,1,0,0,0,0,4,2,0,0,0,0,0,0,0,0,0,0,0,2,2024-01-05 05:17:49,0
926,925,9,0,0,0,10,0,2,1,2,2,30,2,9,9,1,0,0,0,0,0,0,0,0,0,0,1,0,1,0,9,6,4,2,0,0,2,0,0,1,1,1,2,1,0,0,2024-01-05 05:19:49,0
930,930,355,0,18,15,13,8,1,1,1,1,45,3,9,9,4,5,5,5,3,3,5,3,3,3,0,3,0,0,0,8,6,4,2,0,0,2,0,0,1,1,1,2,1,2,0,2024-01-05 05:21:49,0
932,932,14,0,6,5,13,2,1,2,1,1,30,2,10,10,3,1,1,1,1,1,1,1,1,1,0,0,0,0,0,0,0,4,2,0,0,0,0,0,0,0,0,0,0,1,1,2024-01-05 05:23:49,0
907,907,347,0,0,0,6,0,1,1,1,1,30,1,5,5,1,0,0,0,0,0,0,0,0,0,0,1,0,0,0,9,6,4,2,0,0,2,0,0,1,1,1,2,1,0,1,2024-01-05 05:25:49,0
944,944,871,859,0,0,15,0,3,2,3,3,30,3,13,13,2,0,0,0,0,0,0,0,0,0,0,3,0,0,0,0,0,4,2,0,0,0,0,0,0,0,0,0,0,0,2,2024-01-05 05:27:49,0
927,927,900,898,0,0,3,0,0,0,0,0,30,0,3,3,0,0,0,0,0,0,0,0,0,0,0,1,0,0,0,7,6,4,2,0,0,2,0,0,1,1,1,2,1,0,0,2024-01-05 05:29:49,0
937,934,1232,866,18,15,22,6,2,3,2,2,45,4,16,16,6,5,5,5,3,3,3,3,3,3,1,5,1,0,0,9,6,4,2,0,2,2,1,0,1,1,1,2,1,2,0,2024-01-05 05:31:49,0
926,925,870,858,6,5,11,2,3,3,3,3,30,4,7,7,4,1,1,1,1,1,1,1,1,1,0,0,0,1,0,0,0,4,2,0,0,0,0,0,0,0,0,0,0,1,1,2024-01-05 05:33:49,0
934,934,1182,827,0,0,14,0,0,0,0,0,30,0,14,14,0,0,0,0,0,0,0,0,0,0,0,6,0,0,0,8,6,4,2,0,0,2,0,0,1,1,1,2,1,0,1,2024-01-05 05:35:49,0
933,931,844,839,0,0,8,0,2,2,2,2,45,2,6,6,2,0,0,0,0,0,0,0,0,0,0,3,0,1,0,9,6,4,2,0,0,2,1,0,1,1,1,2,1,0,2,2024-01-05 05:37:49,0
938,935,867,852,6,5,13,8,6,6,6,6,15,6,6,6,7,7,7,7,1,1,7,1,1,1,0,0,0,2,0,0,0,4,2,0,0,0,0,0,0,0,0,0,0,0,0,2024-01-05 05:39:49,0
952,947,1222,839,58,48,33,21,13,13,13,13,45,13,10,10,23,11,11,11,10,10,11,10,10,10,0,3,0,3,0,8,6,4,2,0,0,2,0,0,1,1,1,2,1,0,0,2024-01-05 05:41:49,1
933,932,904,885,20,17,14,7,3,3,3,3,30,6,8,8,6,4,4,4,3,3,4,3,3,3,0,0,0,1,0,0,0,4,2,0,0,0,0,0,0,0,0,0,0,3,1,2024-01-05 05:43:49,1
925,925,1224,868,0,0,15,0,0,0,0,0,30,0,15,15,0,0,0,0,0,0,0,0,0,0,0,1,0,0,0,8,6,4,2,0,0,2,0,0,1,1,1,2,1,0,1,2024-01-05 05:45:49,0
931,930,847,833,12,10,15,4,2,3,2,2,45,3,10,10,5,2,2,2,2,2,2,2,2,2,1,3,1,1,0,7,6,4,2,0,0,2,0,0,1,1,1,2,1,1,2,2024-01-05 05:47:49,0
926,923,918,904,0,0,11,0,5,6,5,5,15,5,5,5,6,0,0,0,0,0,0,0,0,0,0,0,0,1,0,0,0,4,2,0,0,0,2,0,0,0,0,0,0,0,0,2024-01-05 05:49:49,0
919,919,1300,937,0,0,9,0,0,1,0,0,45,0,8,8,1,0,0,0,0,0,0,0,0,0,0,3,0,0,0,8,6,4,2,0,0,2,0,0,1,1,1,2,1,0,0,2024-01-05 05:51:49,0
939,937,988,970,12,10,17,4,3,3,3,3,30,5,12,12,5,2,2,2,2,2,2,2,2,2,0,2,0,2,0,0,0,4,2,0,0,0,0,0,0,0,0,0,0,2,1,2024-01-05 05:53:49,0
916,913,994,637,8,7,13,3,6,4,6,6,30,5,6,6,7,2,2,2,1,1,2,1,1,1,0,0,0,2,1,8,6,4,1,2,0,2,1,0,1,1,1,2,1,1,1,2024-01-05 05:55:49,2
939,939,7,0,0,0,10,0,0,0,0,0,45,0,10,10,0,0,0,0,0,0,0,0,0,0,0,7,0,0,0,8,6,4,2,0,0,2,0,0,1,1,1,2,1,0,2,2024-01-05 05:57:49,0
925,925,7,0,0,0,8,0,3,3,3,3,15,3,5,5,3,0,0,0,0,0,0,0,0,0,0,1,0,0,0,0,0,4,2,0,0,0,0,0,0,0,0,0,0,0,0,2024-01-05 05:59:49,0
944,941,368,0,12,10,27,10,2,1,2,2,45,1,24,24,3,10,10,10,2,2,8,2,2,2,0,4,0,1,0,9,6,4,2,0,2,2,0,0,1,1,1,2,1,0,0,2024-01-05 06:01:49,0
940,937,31,0,12,10,34,4,6,5,6,6,45,7,27,27,7,2,2,2,2,2,2,2,2,2,0,4,1,1,0,8,6,4,2,0,0,2,1,0,1,1,1,2,1,1,1,2024-01-05 06:03:49,0
911,909,361,0,12,10,17,4,5,5,5,5,15,7,10,10,7,2,2,2,2,2,2,2,2,2,1,0,1,1,0,0,0,4,2,0,0,0,0,0,0,0,0,0,0,2,1,2024-01-05 06:05:49,0
947,947,891,876,0,0,7,0,2,1,2,2,45,2,6,6,1,0,0,0,0,0,0,0,0,0,1,4,0,0,0,3,6,4,2,0,0,2,0,0,1,1,1,2,1,0,2,2024-01-05 06:07:49,0
936,934,883,874,0,0,13,0,5,5,5,5,15,5,7,7,6,0,0,0,0,0,0,0,0,0,2,3,1,0,0,0,0,4,2,0,0,0,1,0,0,0,0,0,0,0,0,2024-01-05 06:09:49,1
928,925,1229,874,0,0,18,0,11,11,11,11,45,11,7,7,11,0,0,0,0,0,0,0,0,0,2,5,1,1,0,7,6,4,2,0,0,2,2,0,1,1,1,2,1,0,0,2024-01-05 06:11:49,0
924,919,863,850,6,5,14,2,7,3,6,6,45,6,9,9,5,1,1,1,1,1,1,1,1,1,3,1,1,1,1,6,6,4,2,1,0,2,0,0,1,1,1,2,1,1,1,2024-01-05 06:13:49,2
925,923,1176,821,6,5,12,2,2,2,2,2,15,3,9,9,3,1,1,1,1,1,1,1,1,1,0,0,0,2,0,0,0,4,2,0,0,0,0,0,0,0,0,0,0,1,1,2024-01-05 06:15:49,0
953,953,855,841,24,20,15,8,1,3,1,1,45,3,8,8,7,4,4,4,4,4,4,4,4,4,0,4,1,0,0,7,6,4,2,0,0,2,0,0,1,1,1,2,1,2,2,2024-01-05 06:17:49,0
923,923,865,856,0,0,10,0,0,1,0,0,30,0,9,9,1,0,0,0,0,0,0,0,0,0,0,1,0,0,0,7,6,4,2,0,0,2,0,0,1,1,1,2,1,0,0,2024-01-05 06:19:49,0
918,918,1156,807,0,0,10,0,1,1,1,1,30,1,9,9,1,0,0,0,0,0,0,0,0,0,1,3,0,0,0,0,0,4,2,0,0,0,0,0,0,0,0,0,0,0,0,2024-01-05 06:21:49,0
928,928,900,886,12,10,13,4,1,1,1,1,45,2,10,10,3,2,2,2,2,2,2,2,2,2,1,0,0,0,0,7,6,4,2,0,0,2,0,0,1,1,1,2,1,1,1,2024-01-05 06:23:49,0
925,925,1197,849,6,5,5,2,0,0,0,0,15,1,4,4,1,1,1,1,1,1,1,1,1,1,0,0,0,0,0,0,0,4,2,0,0,0,0,0,0,0,0,0,0,1,1,2024-01-05 06:25:49,0
943,938,866,845,12,10,23,7,8,8,8,8,45,9,13,13,10,5,5,5,2,2,5,2,2,2,2,3,1,2,0,8,6,4,2,0,0,2,1,0,1,1,1,2,1,1,2,2024-01-05 06:27:49,0
922,919,912,906,0,0,6,0,5,3,4,4,30,4,3,3,3,0,0,0,0,0,0,0,0,0,0,1,0,1,1,3,6,4,2,0,0,2,0,0,1,1,1,2,1,0,0,2024-01-05 06:29:49,0
936,933,1318,959,0,0,17,0,1,1,1,1,30,1,16,16,1,2,2,2,0,0,0,0,0,0,1,5,0,0,0,0,0,4,2,0,2,0,0,0,0,0,0,0,0,0,0,2024-01-05 06:31:49,0
926,925,981,965,6,5,16,2,5,8,5,5,45,5,7,7,9,1,1,1,1,1,1,1,1,1,2,0,2,1,0,8,6,4,2,0,0,2,0,0,1,1,1,2,1,0,1,2024-01-05 06:33:49,0
927,926,1017,663,6,5,10,2,1,0,1,1,30,2,9,9,1,1,1,1,1,1,1,1,1,1,0,1,0,0,0,7,6,4,2,0,0,2,0,0,1,1,1,2,1,1,1,2024-01-05 06:35:49,0
943,941,13,0,12,10,14,4,6,5,6,6,30,8,7,7,7,2,2,2,2,2,2,2,2,2,0,3,0,1,0,0,0,4,2,0,0,0,1,0,0,0,0,0,0,2,2,2024-01-05 06:37:49,0
918,917,14,0,0,0,13,0,6,7,6,6,30,6,6,6,7,0,0,0,0,0,0,0,0,0,0,0,0,1,0,9,6,4,2,0,0,2,0,0,1,1,1,2,1,0,0,2024-01-05 06:39:49,0
918,918,358,0,6,5,14,2,4,3,4,4,30,4,10,10,4,1,1,1,1,1,1,1,1,1,0,3,0,0,0,0,0,4,2,0,0,0,0,0,0,0,0,0,0,0,0,2024-01-05 06:41:49,0
936,933,17,0,0,0,18,0,5,6,5,5,45,5,12,12,6,0,0,0,0,0,0,0,0,0,1,4,0,2,0,9,6,4,2,0,0,2,0,0,1,1,1,2,1,0,1,2024-01-05 06:43:49,0
928,925,365,0,6,5,22,2,7,7,7,7,30,8,14,14,8,1,1,1,1,1,1,1,1,1,1,0,1,2,0,6,6,4,2,0,0,2,0,0,1,1,1,2,1,1,1,2024-01-05 06:45:49,0
956,955,876,861,12,10,16,4,3,3,3,3,30,5,11,11,5,2,2,2,2,2,2,2,2,2,0,4,0,1,0,0,0,4,2,0,0,0,0,0,0,0,0,0,0,2,2,2024-01-05 06:47:49,0
919,916,886,871,12,10,13,4,5,4,5,5,30,6,7,7,6,2,2,2,2,2,2,2,2,2,0,2,1,2,0,9,6,4,2,0,0,2,1,0,1,1,1,2,1,1,0,2024-01-05 06:49:49,0
930,927,1248,883,0,0,11,0,5,3,4,4,30,4,8,8,3,0,0,0,0,0,0,0,0,0,0,3,0,1,1,0,0,4,2,0,0,0,0,0,0,0,0,0,0,0,0,2024-01-05 06:51:49,0
937,931,890,868,6,5,23,3,10,9,10,10,45,9,12,12,11,2,2,2,1,1,2,1,1,1,3,2,1,2,0,9,6,4,2,1,0,2,0,0,1,1,1,2,1,0,1,2024-01-05 06:53:49,5
939,932,1172,810,24,20,16,8,9,5,8,8,30,7,7,7,9,4,4,4,4,4,4,4,4,4,2,1,2,1,1,9,6,4,2,0,0,2,0,0,1,1,1,2,1,1,1,2024-01-05 06:55:49,0
945,942,836,823,6,5,15,2,6,4,6,6,30,7,10,10,5,1,1,1,1,1,1,1,1,1,0,7,0,3,0,0,0,4,2,0,0,0,0,0,0,0,0,0,0,1,2,2024-01-05 06:57:49,0
924,920,865,851,6,5,14,2,9,8,9,9,30,10,5,5,9,1,1,1,1,1,1,1,1,1,0,1,0,3,0,3,6,4,2,0,0,2,0,0,1,1,1,2,1,1,0,2024-01-05 06:59:49,0
928,923,1183,831,0,0,10,0,3,2,3,3,30,3,8,8,2,2,2,2,0,0,0,0,0,0,1,3,1,0,0,0,0,4,2,0,2,0,0,0,0,0,0,0,0,0,0,2024-01-05 07:01:49,0
947,943,921,896,24,20,23,11,8,10,8,8,45,8,9,9,14,7,7,7,4,4,7,4,4,4,1,3,1,2,0,9,6,4,2,0,0,2,0,0,1,1,1,2,1,0,1,2024-01-05 07:03:49,0
925,923,1239,884,12,10,13,4,2,3,2,2,30,3,8,8,5,2,2,2,2,2,2,2,2,2,1,0,1,1,0,8,6,4,2,0,0,2,0,0,1,1,1,2,1,1,1,2024-01-05 07:05:49,2
947,944,863,840,12,10,17,7,4,5,4,4,30,5,10,10,7,5,5,5,2,2,5,2,2,2,1,8,0,3,0,0,0,4,2,0,0,0,0,0,0,0,0,0,0,1,2,2024-01-05 07:07:49,0
929,926,927,915,6,5,13,2,5,6,5,5,30,6,6,6,7,1,1,1,1,1,1,1,1,1,2,2,2,1,0,8,6,4,2,0,0,2,0,0,1,1,1,2,1,1,0,2024-01-05 07:09:49,0
927,926,1315,968,0,0,8,0,4,3,4,4,30,4,5,5,3,0,0,0,0,0,0,0,0,0,0,3,0,0,0,0,0,4,2,0,0,0,0,0,0,0,0,0,0,0,0,2024-01-05 07:11:49,0
927,925,962,950,0,0,12,0,5,4,5,5,45,5,8,8,4,0,0,0,0,0,0,0,0,0,1,0,1,0,0,9,6,4,2,0,0,2,0,0,1,1,1,2,1,0,1,2024-01-05 07:13:49,0
925,922,984,621,0,0,19,0,7,9,7,7,30,7,10,10,9,0,0,0,0,0,0,0,0,0,4,1,0,2,0,8,6,4,2,0,0,2,0,0,1,1,1,2,1,0,1,2024-01-05 07:15:49,0
953,949,18,0,18,15,20,6,8,8,8,8,30,11,9,9,11,3,3,3,3,3,3,3,3,3,3,5,1,2,0,0,0,4,2,0,0,0,0,0,0,0,0,0,0,3,2,2024-01-05 07:17:49,0
934,926,28,0,18,15,31,6,16,15,16,16,30,17,12,12,19,3,3,3,3,3,3,3,3,3,4,4,1,6,0,8,6,4,2,0,0,2,1,0,1,1,1,2,1,1,0,2024-01-05 07:19:49,3
932,925,356,0,10,8,19,3,8,6,6,6,30,6,11,11,8,1,1,1,2,2,1,2,2,2,1,5,2,2,2,0,0,4,2,0,0,0,1,0,0,0,0,0,0,0,0,2024-01-05 07:21:49,0
933,930,19,0,2,2,19,1,9,8,9,9,45,9,11,11,8,1,1,1,0,0,1,0,0,0,3,0,1,1,0,7,6,4,2,0,0,2,0,0,1,1,1,2,1,0,1,2024-01-05 07:23:49,0
926,923,352,0,0,0,12,0,6,6,6,6,30,6,6,6,6,0,0,0,0,0,0,0,0,0,0,2,0,2,0,8,6,4,2,0,0,2,1,0,1,1,1,2,1,0,1,2024-01-05 07:25:49,0
963,954,916,881,18,15,38,6,20,20,19,19,30,20,15,15,23,3,3,3,3,3,3,3,3,3,1,5,1,6,1,0,0,4,2,0,0,0,0,0,0,0,0,0,0,1,2,2024-01-05 07:27:49,0
920,914,879,868,12,10,10,7,9,5,6,6,30,7,3,3,7,5,5,5,2,2,5,2,2,2,0,1,0,2,3,7,6,4,2,0,0,2,0,0,1,1,1,2,1,1,0,2024-01-05 07:29:49,0
942,938,1241,877,6,5,23,2,4,4,4,4,30,5,18,18,5,3,3,3,1,1,1,1,1,1,1,7,0,1,0,0,0,4,2,0,2,0,0,0,0,0,0,0,0,1,0,2024-01-05 07:31:49,0
932,930,879,866,12,10,13,4,5,4,5,5,45,5,7,7,6,2,2,2,2,2,2,2,2,2,0,0,1,2,0,8,6,4,2,0,0,2,0,0,1,1,1,2,1,0,1,2024-01-05 07:33:49,0
929,925,1177,815,0,0,16,0,7,6,6,6,15,6,10,10,6,0,0,0,0,0,0,0,0,0,0,2,1,2,1,0,0,4,2,0,0,0,0,0,0,0,0,0,0,0,1,2024-01-05 07:35:49,0
933,932,827,817,6,5,10,3,4,5,4,4,45,4,4,4,6,2,2,2,1,1,2,1,1,1,0,1,1,1,0,8,6,4,1,0,0,2,0,0,1,1,1,2,1,0,2,2024-01-05 07:37:49,0
934,930,877,860,12,10,15,4,7,6,7,7,30,9,7,7,8,2,2,2,2,2,2,2,2,2,2,1,0,2,0,8,6,4,3,0,0,2,0,0,1,1,1,2,1,2,0,2024-01-05 07:39:49,0
920,917,1185,828,6,5,16,2,5,5,5,5,30,6,10,10,6,1,1,1,1,1,1,1,1,1,1,3,1,1,0,0,0,4,1,0,0,0,1,0,0,0,0,0,0,1,0,2024-01-05 07:41:49,0
943,941,906,894,6,5,16,2,4,3,4,4,45,3,11,11,5,1,1,1,1,1,1,1,1,1,1,3,1,1,0,8,6,4,2,1,0,2,0,0,1,1,1,2,1,0,1,2024-01-05 07:43:49,2
929,924,1238,870,0,0,27,0,10,12,10,10,15,10,15,15,12,0,0,0,0,0,0,0,0,0,0,1,1,4,0,0,0,4,2,0,0,0,0,0,0,0,0,0,0,0,1,2024-01-05 07:45:49,0
941,933,868,847,12,10,27,4,13,10,13,13,45,11,15,15,12,2,2,2,2,2,2,2,2,2,0,8,2,2,1,9,6,4,2,0,0,2,0,0,1,1,1,2,1,1,2,2024-01-05 07:47:49,1
941,934,925,900,18,15,19,6,12,11,12,12,30,13,5,5,14,3,3,3,3,3,3,3,3,3,3,0,1,4,0,7,6,4,2,0,0,2,1,0,1,1,1,2,1,1,0,2024-01-05 07:49:49,0
931,927,1338,967,6,5,16,2,8,7,8,8,30,9,8,8,8,1,1,1,1,1,1,1,1,1,2,3,0,4,0,0,0,4,2,0,0,0,0,0,0,0,0,0,0,1,0,2024-01-05 07:51:49,3
939,934,988,961,18,15,24,6,10,9,9,9,45,10,12,12,12,3,3,3,3,3,3,3,3,3,4,2,1,2,1,8,6,4,2,0,0,2,1,0,1,1,1,2,1,1,1,2024-01-05 07:53:49,1
926,922,983,621,0,0,15,0,7,9,6,6,15,6,6,6,9,0,0,0,0,0,0,0,0,0,2,0,3,1,1,0,0,4,2,0,0,0,0,0,0,0,0,0,0,0,1,2024-01-05 07:55:49,0
930,925,20,0,6,5,23,2,12,11,12,12,45,12,11,11,12,1,1,1,1,1,1,1,1,1,1,8,0,3,0,9,6,4,2,0,0,2,0,0,1,1,1,2,1,0,2,2024-01-05 07:57:49,0
938,936,12,0,12,10,12,5,5,4,5,5,30,6,6,6,6,3,3,3,2,2,3,2,2,2,1,2,1,0,0,8,6,4,2,0,0,2,0,0,1,1,1,2,1,1,0,2024-01-05 07:59:49,0
1186,1175,591,3,556,463,158,245,10,4,9,9,30,9,61,61,97,154,154,154,93,93,152,93,93,93,2,6,0,1,2,0,0,4,2,0,2,0,1,0,0,0,0,0,0,2,0,2024-01-05 08:01:49,49
940,936,14,0,8,7,18,3,5,5,4,4,45,4,12,12,6,2,2,2,1,1,2,1,1,1,3,5,2,2,1,7,6,4,2,0,0,2,0,0,1,1,1,2,1,0,1,2024-01-05 08:03:49,1
937,931,354,0,0,0,21,0,4,3,6,6,15,4,14,14,7,0,0,0,0,0,0,0,0,0,4,5,1,2,0,0,0,4,2,2,0,0,2,0,0,0,0,0,0,0,1,2024-01-05 08:05:49,8
945,939,883,862,0,0,17,0,11,10,11,11,45,11,7,7,10,0,0,0,0,0,0,0,0,0,4,5,1,3,0,8,6,4,2,0,0,2,1,0,1,1,1,2,1,0,2,2024-01-05 08:07:49,0
934,930,882,870,6,5,18,2,9,7,8,8,30,7,9,9,9,1,1,1,1,1,1,1,1,1,2,5,2,1,1,8,6,4,2,1,0,2,0,0,1,1,1,2,1,0,0,2024-01-05 08:09:49,0
928,926,1232,880,12,10,8,4,2,1,1,1,30,3,5,5,3,2,2,2,2,2,2,2,2,2,1,3,1,0,1,0,0,4,2,0,0,0,0,0,0,0,0,0,0,2,0,2024-01-05 08:11:49,0
937,932,883,868,0,0,19,0,9,7,9,9,45,8,11,11,8,0,0,0,0,0,0,0,0,0,1,3,0,3,0,7,6,4,2,1,0,2,2,0,1,1,1,2,1,0,1,2024-01-05 08:13:49,0
932,927,1188,825,6,5,23,2,9,9,9,9,15,9,13,13,10,1,1,1,1,1,1,1,1,1,0,3,0,4,0,0,0,4,2,0,0,0,1,0,0,0,0,0,0,0,1,2024-01-05 08:15:49,0
927,921,854,839,0,0,17,0,9,11,9,9,45,9,6,6,11,0,0,0,0,0,0,0,0,0,5,2,3,5,0,8,6,4,2,0,0,2,0,0,1,1,1,2,1,0,2,2024-01-05 08:17:49,0
953,941,888,851,18,15,38,6,19,18,19,19,15,18,16,16,22,3,3,3,3,3,3,3,3,3,4,1,6,3,0,0,0,4,2,1,0,0,1,1,0,0,0,0,0,1,0,2024-01-05 08:19:49,1
933,924,1208,830,12,10,38,4,12,7,9,9,45,10,29,29,9,2,2,2,2,2,2,2,2,2,2,3,2,3,3,9,6,4,2,0,0,2,0,0,1,1,1,2,1,1,0,2024-01-05 08:21:49,0
928,927,938,921,6,5,15,2,3,4,3,3,45,4,10,10,5,1,1,1,1,1,1,1,1,1,0,0,1,1,0,9,6,4,2,0,0,2,0,0,1,1,1,2,1,1,1,2024-01-05 08:23:49,0
928,921,1233,873,0,0,16,0,11,10,11,11,15,11,5,5,10,0,0,0,0,0,0,0,0,0,3,0,1,2,0,0,0,4,3,0,0,0,2,1,0,0,0,0,0,0,1,2024-01-05 08:25:49,2
944,939,854,834,6,5,23,2,10,8,10,10,45,10,14,14,9,1,1,1,1,1,1,1,1,1,5,3,0,2,0,9,6,4,4,0,0,2,0,0,1,1,1,2,1,0,2,2024-01-05 08:27:49,0
930,924,929,916,6,5,15,2,11,10,10,10,15,9,3,3,12,1,1,1,1,1,1,1,1,1,2,1,2,3,1,0,0,4,4,1,0,0,0,0,0,0,0,0,0,0,0,2024-01-05 08:29:49,0
936,930,1314,945,6,5,26,2,9,9,8,8,45,8,16,16,10,3,3,3,1,1,1,1,1,1,2,5,2,1,1,9,6,4,4,0,2,2,0,0,1,1,1,2,1,0,0,2024-01-05 08:31:49,0
944,936,981,960,18,15,23,6,9,8,9,9,45,11,12,12,11,3,3,3,3,3,3,3,3,3,4,4,3,3,0,8,6,4,4,0,0,2,0,0,1,1,1,2,1,2,1,2024-01-05 08:33:49,0
923,920,959,598,6,5,22,2,9,10,9,9,15,9,11,11,11,1,1,1,1,1,1,1,1,1,2,3,3,1,0,0,0,4,4,0,0,0,0,0,0,0,0,0,0,0,1,2024-01-05 08:35:49,0
924,922,8,0,0,0,11,0,5,4,5,5,45,5,7,7,4,0,0,0,0,0,0,0,0,0,4,3,0,2,0,8,6,4,4,0,0,2,0,0,1,1,1,2,1,0,2,2024-01-05 08:37:49,0
936,929,17,0,0,0,16,0,12,10,10,10,15,10,6,6,10,0,0,0,0,0,0,0,0,0,3,0,3,1,2,0,0,4,4,0,0,0,0,0,0,0,0,0,0,0,0,2024-01-05 08:39:49,0
948,939,369,0,12,10,31,5,18,16,17,17,45,16,12,12,19,3,3,3,2,2,3,2,2,2,3,3,4,2,1,7,6,4,4,1,0,2,0,0,1,1,1,2,1,0,0,2024-01-05 08:41:49,0
943,932,26,0,32,27,25,10,12,10,11,11,45,10,10,10,15,5,5,5,5,5,5,5,5,5,2,0,5,1,2,8,6,4,4,0,0,2,0,0,1,1,1,2,1,1,1,2024-01-05 08:43:49,1
931,924,371,0,10,8,28,4,10,9,10,10,15,10,16,16,12,2,2,2,2,2,2,2,2,2,1,0,0,5,0,0,0,4,4,1,0,0,0,0,0,0,0,0,0,1,1,2024-01-05 08:45:49,2
937,934,874,860,6,5,17,2,4,4,4,4,45,4,12,12,5,1,1,1,1,1,1,1,1,1,3,4,1,2,0,8,6,4,4,0,0,2,0,0,1,1,1,2,1,0,2,2024-01-05 08:47:49,1
945,935,893,864,18,15,24,6,14,16,13,13,15,14,5,5,19,3,3,3,3,3,3,3,3,3,5,0,7,1,1,0,0,4,4,0,0,0,3,0,0,0,0,0,0,1,0,2024-01-05 08:49:49,0
953,934,1260,875,24,20,31,8,20,15,18,18,45,15,11,11,20,4,4,4,4,4,4,4,4,4,6,3,8,1,5,9,6,4,4,1,0,2,1,0,1,1,1,2,1,0,0,2024-01-05 08:51:49,13
932,927,860,834,6,5,27,2,11,12,11,11,30,12,14,14,13,1,1,1,1,1,1,1,1,1,1,2,0,4,0,0,0,4,4,0,0,0,0,1,0,0,0,0,0,1,1,2024-01-05 08:53:49,0
936,929,1193,830,18,15,20,6,10,6,7,7,30,8,11,11,9,3,3,3,3,3,3,3,3,3,3,3,2,0,3,7,6,4,4,0,0,2,0,0,1,1,1,2,1,1,1,2024-01-05 08:55:49,0
954,946,868,841,24,20,30,8,15,15,12,12,45,12,11,11,19,4,4,4,4,4,4,4,4,4,8,7,1,3,3,9,6,4,4,0,0,2,0,0,1,1,1,2,1,0,2,2024-01-05 08:57:49,0
935,928,885,857,28,21,26,4,14,11,13,13,15,13,8,8,18,3,3,4,7,7,4,7,7,7,2,1,2,3,1,0,0,4,4,0,0,0,1,0,0,0,0,0,0,0,0,2024-01-05 08:59:49,21
1300,1279,1607,825,866,724,372,337,28,21,26,26,45,21,208,208,164,192,192,191,142,142,189,142,142,142,8,23,7,3,7,8,6,4,4,1,2,2,0,6,1,1,1,2,1,0,0,2024-01-05 09:01:49,89
1037,1020,955,884,184,156,69,82,20,19,19,19,30,19,23,23,47,53,53,53,28,28,53,28,28,28,8,6,6,7,37,0,0,4,4,0,0,0,0,0,0,0,0,0,0,0,1,2024-01-05 09:03:49,31
940,931,1252,876,36,30,36,19,14,14,14,14,30,16,15,15,20,13,13,13,6,6,13,6,6,6,7,3,4,6,0,7,6,4,4,0,0,2,1,0,1,1,1,2,1,2,1,2024-01-05 09:05:49,2
976,965,876,835,90,75,39,33,14,13,12,12,45,12,11,11,28,18,18,18,15,15,18,15,15,15,5,6,5,3,2,8,6,4,4,0,0,2,0,0,1,1,1,2,1,0,2,2024-01-05 09:07:49,10
961,944,917,878,18,15,42,7,27,25,22,22,15,22,14,14,28,7,7,7,3,3,5,3,2,2,5,3,5,6,5,0,0,4,4,0,2,0,0,1,0,0,0,0,0,0,0,2024-01-05 09:09:49,1
961,941,1351,974,30,25,39,15,24,20,21,21,45,20,13,13,26,10,10,10,5,5,10,5,5,5,12,3,8,4,2,4,6,4,4,1,0,2,0,1,1,1,1,2,1,0,0,2024-01-05 09:11:49,0
962,945,1007,975,36,30,37,15,22,14,19,19,30,17,16,16,21,9,9,9,6,6,9,6,6,6,4,4,7,3,4,0,0,4,4,1,0,0,1,0,0,0,0,0,0,0,1,2024-01-05 09:13:49,0
918,908,1062,665,18,15,53,6,19,21,19,19,30,21,29,29,24,3,3,3,3,3,3,3,3,3,9,0,3,4,0,9,6,4,4,0,0,2,0,0,1,1,1,2,1,2,1,2024-01-05 09:15:49,0
965,951,30,0,6,5,30,2,27,20,27,27,45,27,9,9,21,1,1,1,1,1,1,1,1,1,11,1,5,6,0,5,6,4,4,0,0,2,1,0,1,1,1,2,1,0,2,2024-01-05 09:17:49,1
927,911,34,0,12,10,32,4,24,19,24,24,15,22,10,10,22,2,2,2,2,2,2,2,2,2,6,1,3,10,0,0,0,4,3,1,0,0,0,0,0,0,0,0,0,1,0,2024-01-05 09:19:49,1
969,947,383,0,24,20,40,10,29,26,26,26,45,26,10,10,30,6,6,6,4,4,6,4,4,4,11,1,5,10,4,7,6,4,4,0,0,2,1,0,1,1,1,2,1,0,0,2024-01-05 09:21:49,5
944,922,39,0,30,25,38,12,26,19,19,19,30,18,13,13,25,7,7,7,5,5,7,5,5,5,6,0,7,3,7,0,0,4,4,1,0,0,0,1,0,0,0,0,0,0,1,2024-01-05 09:23:49,4
950,937,378,0,42,35,35,16,18,17,17,17,30,18,11,11,24,9,9,9,7,7,9,7,7,7,10,0,5,5,1,8,6,4,4,0,0,2,1,0,1,1,1,2,1,1,1,2024-01-05 09:25:49,0
993,976,927,871,72,60,57,27,30,25,29,29,45,27,20,20,37,15,15,15,12,12,15,12,12,12,6,2,9,4,2,7,6,4,4,0,0,2,0,1,1,1,1,2,1,1,2,2024-01-05 09:27:49,7
959,947,894,861,60,50,36,24,16,16,16,16,15,16,10,10,26,14,14,14,10,10,14,10,10,10,5,3,11,0,0,0,0,4,4,0,0,0,0,0,0,0,0,0,0,0,0,2024-01-05 09:29:49,0
1030,1004,1288,872,78,65,119,31,32,25,28,28,45,26,81,81,38,20,20,20,13,13,18,13,13,13,9,50,11,4,5,6,6,4,4,0,2,2,2,2,1,1,1,2,1,0,0,2024-01-05 09:31:49,3
1026,1011,900,851,30,25,134,10,23,21,22,22,30,20,107,107,27,6,6,6,5,5,5,5,5,5,6,84,9,4,1,0,0,4,3,1,1,0,0,0,0,0,0,0,0,0,1,2024-01-05 09:33:49,1
960,938,1231,840,42,35,50,16,29,18,25,25,30,24,25,25,25,9,9,9,7,7,9,7,7,7,7,1,11,4,4,7,6,4,4,0,0,2,0,1,1,1,1,2,1,0,1,2024-01-05 09:35:49,0
989,974,872,824,48,40,54,19,19,20,17,17,30,19,26,26,28,11,11,11,8,8,11,8,8,8,6,8,9,2,2,0,0,4,4,0,0,0,1,0,0,0,0,0,0,2,2,2024-01-05 09:37:49,1
955,937,914,861,22,18,56,12,27,33,25,25,30,23,19,19,37,8,8,8,4,4,8,4,4,4,17,3,7,5,3,9,6,4,4,0,0,2,0,0,1,1,1,2,1,0,0,2024-01-05 09:39:49,1
966,950,1248,835,84,70,82,33,20,25,15,15,45,14,42,42,40,19,19,19,14,14,19,14,14,14,3,11,8,1,4,8,6,4,3,1,0,2,0,0,1,1,1,2,1,0,0,2024-01-05 09:41:49,3
984,963,970,907,18,15,78,6,31,18,31,31,30,30,57,57,22,3,3,3,3,3,3,3,3,3,8,26,6,6,1,0,0,4,2,1,0,0,0,0,0,0,0,0,0,0,1,2024-01-05 09:43:49,0
966,948,1260,860,32,27,73,11,26,22,23,23,30,22,44,44,28,6,6,6,5,5,6,5,5,5,10,14,7,3,3,8,6,4,2,1,0,2,0,0,1,1,1,2,1,0,1,2024-01-05 09:45:49,1
976,954,891,825,36,30,65,12,26,30,27,27,30,27,29,29,36,6,6,6,6,6,6,6,6,6,6,2,15,7,0,0,0,4,2,0,0,0,0,0,0,0,0,0,0,2,2,2024-01-05 09:47:49,1
959,932,950,881,30,25,66,16,37,31,35,35,30,34,29,29,37,11,11,11,5,5,11,5,5,5,8,2,11,8,2,9,6,4,2,1,0,2,1,0,1,1,1,2,1,1,0,2024-01-05 09:49:49,6
952,933,1380,954,44,36,75,16,26,20,22,22,45,19,46,46,29,7,7,8,8,8,8,8,8,8,12,5,7,4,5,8,6,4,2,1,0,2,0,4,1,1,1,2,1,0,0,2024-01-05 09:51:49,8
986,961,1033,967,58,49,69,19,28,21,24,24,30,22,39,39,30,13,13,12,9,9,10,9,9,9,5,6,11,5,4,0,0,4,2,0,2,0,0,0,0,0,0,0,0,0,1,2024-01-05 09:53:49,0
976,953,1070,663,54,45,69,19,28,23,24,24,30,22,36,36,33,13,13,13,9,9,10,9,9,9,6,6,9,5,4,9,6,4,2,1,3,2,1,0,1,1,1,2,1,0,1,2024-01-05 09:55:49,0
1010,989,83,0,98,82,90,35,37,27,35,35,30,34,45,45,45,19,19,19,16,16,19,16,16,16,10,10,9,4,2,0,0,4,2,1,0,0,1,0,0,0,0,0,0,1,2,2024-01-05 09:57:49,4
970,951,84,0,84,70,101,35,22,16,18,18,30,19,71,71,30,21,21,21,14,14,21,14,14,14,4,24,9,4,4,8,6,4,2,0,0,2,1,4,1,1,1,2,1,1,0,2024-01-05 09:59:49,3
1135,1089,722,0,314,262,416,108,52,56,55,55,45,62,301,301,115,58,58,58,52,52,56,52,52,52,34,47,11,5,5,9,6,4,2,7,2,2,12,20,1,1,1,2,1,15,0,2024-01-05 10:01:49,44
1051,1030,104,0,130,108,163,45,21,21,19,19,30,19,120,120,43,29,29,30,22,22,26,22,19,19,7,59,9,2,4,0,0,4,2,0,4,0,2,0,0,0,0,0,0,0,1,2024-01-05 10:03:49,13
1055,1022,424,0,62,52,168,22,36,25,31,31,30,29,132,132,36,19,19,18,10,10,13,10,9,9,7,104,10,3,5,9,6,4,2,1,5,2,2,19,1,1,1,2,1,0,1,2024-01-05 10:05:49,21
992,963,926,839,102,85,87,35,40,32,38,38,30,38,38,38,49,19,19,19,17,17,18,17,17,17,9,9,18,4,2,0,0,4,2,0,1,0,0,0,0,0,0,0,0,1,2,2024-01-05 10:07:49,1
993,976,937,862,90,75,81,39,23,15,20,20,30,21,51,51,30,24,24,24,15,15,24,15,15,15,7,7,5,6,3,8,6,4,2,0,0,2,0,1,1,1,1,2,1,1,0,2024-01-05 10:09:49,3
994,969,1407,886,104,86,100,41,36,34,33,33,30,31,48,48,52,23,23,23,18,18,23,18,18,18,13,11,9,2,4,0,0,4,2,0,0,0,2,1,0,0,0,0,0,0,0,2024-01-05 10:11:49,1
999,984,924,845,123,103,93,44,23,24,21,21,45,21,49,49,44,24,24,24,20,20,24,20,20,20,12,14,10,2,2,9,6,4,2,0,0,2,0,1,1,1,1,2,1,0,1,2024-01-05 10:13:49,2
980,966,1229,819,61,51,91,21,24,25,24,24,30,25,56,56,35,11,11,11,10,10,11,10,10,10,12,24,7,4,1,7,6,4,2,0,0,2,0,0,1,1,1,2,1,1,1,2024-01-05 10:15:49,6
1012,978,909,826,120,100,89,48,38,26,27,27,30,25,41,41,48,28,28,28,20,20,28,20,20,20,13,5,12,3,12,0,0,4,2,2,0,0,1,1,0,0,0,0,0,0,2,2024-01-05 10:17:49,10
987,968,938,861,60,50,88,21,27,25,27,27,30,29,53,53,35,11,11,11,10,10,11,10,10,10,11,15,12,3,0,9,6,4,2,0,0,2,0,2,1,1,1,2,1,2,0,2024-01-05 10:19:49,3
1009,967,1272,812,102,85,126,41,59,46,46,46,30,43,62,62,64,25,25,25,17,17,24,17,17,17,23,8,18,7,14,0,0,4,2,1,1,0,1,0,0,0,0,0,0,0,0,2024-01-05 10:21:49,2
992,968,951,870,81,67,81,36,33,27,28,28,45,26,40,40,41,23,23,23,14,14,22,14,14,14,11,1,9,3,5,9,6,4,2,0,1,2,0,0,1,1,1,2,1,0,1,2024-01-05 10:23:49,2
962,935,1261,860,63,53,65,21,33,28,27,27,30,26,27,27,38,11,11,11,10,10,11,10,10,10,8,6,15,3,6,6,6,4,2,0,0,2,1,0,1,1,1,2,1,0,1,2024-01-05 10:25:49,0
992,964,917,843,54,45,80,19,34,25,28,28,30,28,45,45,35,10,10,10,9,9,10,9,9,9,9,6,15,2,6,0,0,4,2,1,0,0,0,0,0,0,0,0,0,1,2,2024-01-05 10:27:49,1
987,960,982,894,102,85,93,37,39,41,38,38,30,36,34,34,59,21,21,21,17,17,20,17,17,17,21,6,14,8,2,8,6,4,2,1,1,2,1,1,1,1,1,2,1,1,0,2024-01-05 10:29:49,5
984,957,1367,959,48,40,75,16,25,23,23,23,30,23,43,43,31,10,10,10,8,8,8,8,8,8,9,16,11,4,2,0,0,4,2,0,2,0,0,0,0,0,0,0,0,0,0,2024-01-05 10:31:49,11
953,937,1017,969,35,29,54,13,24,21,21,21,45,21,27,27,27,7,7,7,6,6,7,6,6,6,13,7,5,3,3,9,6,4,3,0,0,2,0,0,1,1,1,2,1,0,1,2024-01-05 10:33:49,2
982,955,1141,727,93,77,75,32,33,25,25,25,30,22,35,35,41,15,15,16,16,16,16,15,15,15,6,5,14,1,7,7,6,4,2,0,0,2,1,1,1,1,1,2,1,0,1,2024-01-05 10:35:49,4
1015,987,82,0,94,79,92,38,34,29,31,31,30,29,46,46,45,25,25,24,15,15,23,16,16,16,14,9,12,4,6,0,0,4,2,1,1,0,0,4,0,0,0,0,0,1,2,2024-01-05 10:37:49,8
971,947,62,0,36,30,76,14,33,28,33,33,30,30,41,41,35,8,8,8,6,6,8,6,6,6,11,15,11,5,1,8,6,4,2,1,0,2,1,0,1,1,1,2,1,1,0,2024-01-05 10:39:49,2
1024,992,433,0,148,123,109,51,34,31,31,31,30,31,53,53,56,30,30,30,25,25,26,25,25,25,19,18,11,1,3,0,0,4,2,0,4,0,0,1,0,0,0,0,0,0,0,2024-01-05 10:41:49,0
1026,994,97,0,164,137,109,62,46,33,39,39,45,38,48,48,61,36,36,36,27,27,35,27,27,27,13,17,17,4,7,9,6,4,2,1,1,2,1,1,1,1,1,2,1,0,1,2024-01-05 10:43:49,2
1004,975,442,0,118,99,107,44,46,37,42,42,30,40,50,50,57,25,25,25,19,19,25,19,19,19,15,10,15,2,4,9,6,4,2,1,0,2,1,0,1,1,1,2,1,0,1,2024-01-05 10:45:49,0
1009,988,941,861,110,91,81,43,44,37,41,41,30,41,24,24,57,24,24,24,19,19,24,19,19,19,18,3,17,4,3,0,0,4,2,1,0,0,0,1,0,0,0,0,0,1,2,2024-01-05 10:47:49,6
1023,992,964,874,150,125,98,57,48,45,40,40,30,41,28,28,70,33,33,33,25,25,32,25,25,25,15,4,15,1,8,2,6,4,2,0,1,2,0,0,1,1,1,2,1,1,0,2024-01-05 10:49:49,12
983,948,1291,871,114,95,62,43,42,25,30,30,30,30,18,18,44,24,24,24,19,19,24,19,19,19,6,3,13,3,12,0,0,4,2,0,0,0,0,0,0,0,0,0,0,1,0,2024-01-05 10:51:49,1
1024,991,933,856,120,100,89,50,38,25,28,28,45,26,42,42,47,29,29,29,20,20,29,20,20,20,10,9,14,1,10,8,6,4,2,1,0,2,0,0,1,1,1,2,1,0,1,2024-01-05 10:53:49,7
1002,963,1258,829,108,90,94,38,51,35,47,47,15,43,40,40,54,21,21,21,18,18,21,18,18,18,12,11,13,8,7,0,0,4,2,1,0,0,2,0,0,0,0,0,0,0,1,2024-01-05 10:55:49,9
1007,976,897,830,72,60,66,26,39,33,29,29,45,28,20,20,46,14,14,14,12,12,14,12,12,12,11,4,18,3,10,7,6,4,2,1,0,2,0,1,1,1,1,2,1,1,2,2024-01-05 10:57:49,0
1027,987,952,856,107,89,125,42,54,41,44,44,30,44,66,66,59,24,24,24,18,18,24,18,18,18,11,34,16,9,10,7,6,4,2,0,0,2,0,1,1,1,1,2,1,1,0,2024-01-05 10:59:49,2
1062,965,1346,832,67,56,194,24,130,117,116,116,30,110,57,56,137,32,32,32,11,11,13,11,11,11,101,18,17,16,17,0,0,4,2,5,19,0,9,2,0,0,0,0,0,0,0,2024-01-05 11:01:49,21
1004,983,972,888,102,85,90,43,32,29,30,30,45,29,44,45,46,26,26,26,17,17,26,17,17,17,19,11,6,6,3,8,6,4,2,0,0,2,1,1,1,1,1,2,1,0,1,2024-01-05 11:03:49,3
1085,1011,1323,858,184,153,135,82,90,72,65,65,15,62,32,32,103,54,54,55,31,31,51,31,31,31,23,7,22,9,26,0,0,4,2,0,4,0,1,0,0,0,0,0,0,0,1,2024-01-05 11:05:49,31
1068,1013,944,834,167,139,117,57,78,57,56,56,45,56,31,31,86,30,30,29,28,28,29,28,28,28,25,13,18,11,22,8,6,4,2,1,0,2,0,0,1,1,1,2,1,1,2,2024-01-05 11:07:49,11
966,942,908,862,63,53,52,29,28,21,25,25,30,23,21,21,31,19,19,19,10,10,19,10,10,10,10,8,10,3,3,7,6,4,2,0,0,2,0,1,1,1,1,2,1,0,0,2024-01-05 11:09:49,3
1006,980,1382,960,120,100,90,49,39,34,35,35,30,34,35,35,55,29,29,29,20,20,29,20,20,20,16,9,11,3,5,0,0,4,2,1,0,0,1,1,0,0,0,0,0,1,0,2024-01-05 11:11:49,11
1021,1005,1042,979,114,95,72,62,17,14,17,17,45,17,39,39,33,43,43,43,19,19,43,19,19,19,7,11,4,8,1,8,6,4,2,0,0,2,0,1,1,1,1,2,1,0,1,2024-01-05 11:13:49,16
965,942,1087,682,42,35,69,14,36,37,34,34,15,34,25,25,44,7,7,7,7,7,7,7,7,7,18,9,11,5,1,0,0,4,1,0,0,0,1,0,0,0,0,0,0,0,1,2024-01-05 11:15:49,5
1011,985,66,0,136,113,76,52,36,26,31,31,45,27,25,25,52,29,29,29,23,23,29,23,23,23,11,9,14,1,7,9,6,4,2,3,0,2,1,0,1,1,1,2,1,1,2,2024-01-05 11:17:49,10
991,968,61,0,98,82,71,37,25,25,20,20,30,20,29,29,41,20,20,20,16,16,20,16,16,16,11,12,11,5,6,8,6,4,2,0,0,2,1,0,1,1,1,2,1,0,0,2024-01-05 11:19:49,10
1036,993,446,0,144,120,114,49,69,57,58,58,30,58,33,33,81,26,26,26,24,24,26,24,24,24,20,17,20,3,11,0,0,4,2,0,0,0,1,1,0,0,0,0,0,2,0,2024-01-05 11:21:49,8
1003,978,71,0,100,83,81,40,28,27,25,25,45,23,37,37,44,24,24,23,17,17,23,17,17,17,15,11,10,5,4,8,6,4,2,0,0,2,0,1,1,1,1,2,1,0,1,2024-01-05 11:23:49,10
1035,999,422,0,128,107,95,57,42,30,33,33,15,32,44,44,51,35,35,36,21,21,36,21,21,21,17,15,14,7,9,0,0,4,2,0,0,0,0,1,0,0,0,0,0,0,1,2024-01-05 11:25:49,0
1010,986,916,841,126,105,87,45,33,28,25,25,45,26,38,38,49,24,24,24,21,21,24,21,21,21,11,14,11,2,8,5,6,4,2,0,0,2,1,0,1,1,1,2,1,1,2,2024-01-05 11:27:49,1
989,964,922,868,102,85,55,39,27,18,18,18,15,16,18,18,37,22,22,22,17,17,22,17,17,17,6,2,10,4,9,0,0,4,2,2,0,0,1,0,0,0,0,0,0,0,0,2024-01-05 11:29:49,2
1000,968,1288,865,126,105,85,45,39,29,28,28,45,29,35,35,50,26,26,26,21,21,24,21,21,21,18,9,10,6,12,7,6,4,2,0,2,2,0,0,1,1,1,2,1,1,0,2024-01-05 11:31:49,6
995,965,893,828,60,50,75,21,58,37,52,52,45,52,28,28,47,11,11,11,10,10,11,10,10,10,16,10,13,8,6,9,6,4,2,0,0,2,1,0,1,1,1,2,1,0,1,2024-01-05 11:33:49,0
975,951,1237,841,54,45,63,20,28,23,25,25,15,25,31,31,32,11,11,11,9,9,11,9,9,9,11,10,9,3,3,0,0,4,2,0,0,0,1,0,0,0,0,0,0,0,1,2024-01-05 11:35:49,1
991,967,927,841,102,85,89,36,37,27,33,33,45,31,45,45,44,19,19,19,17,17,19,17,17,17,15,4,10,4,5,8,6,4,2,0,0,2,0,0,1,1,1,2,1,0,2,2024-01-05 11:37:49,4
999,979,954,863,125,104,94,48,29,27,28,28,15,25,45,45,49,28,28,28,21,21,27,21,21,21,8,4,7,7,3,0,0,4,2,1,1,0,1,0,0,0,0,0,0,1,0,2024-01-05 11:39:49,7
985,960,1247,845,91,76,66,33,31,27,27,27,45,28,24,24,42,18,18,18,15,15,18,15,15,15,18,7,8,6,4,8,6,4,2,0,0,2,0,0,1,1,1,2,1,1,0,2024-01-05 11:41:49,5
997,975,1020,892,78,65,134,37,33,23,29,29,45,28,97,97,37,24,24,24,13,13,24,13,13,13,8,5,9,7,4,9,6,4,2,1,0,2,1,64,1,1,1,2,1,0,1,2024-01-05 11:43:49,64
964,942,1371,869,84,70,163,31,26,32,23,23,15,23,117,117,46,17,17,17,14,14,17,14,14,14,22,5,9,7,3,0,0,4,2,0,0,0,0,85,0,0,0,0,0,0,1,2024-01-05 11:45:49,86
994,968,975,843,56,46,144,20,26,20,20,20,45,20,115,115,30,8,8,10,10,10,10,10,10,10,9,13,10,4,7,8,6,4,2,0,0,2,0,85,1,1,1,2,1,0,2,2024-01-05 11:47:49,84
1006,997,1058,896,148,124,171,58,27,24,27,27,15,28,122,122,48,36,36,34,24,24,34,24,24,24,12,10,2,4,0,0,0,4,2,0,0,0,2,87,0,0,0,0,0,1,0,2024-01-05 11:49:49,87
997,964,1466,968,126,105,147,39,27,13,19,19,45,20,112,112,35,31,31,31,21,21,21,21,18,18,9,8,5,1,8,9,6,4,2,1,10,2,0,83,1,1,1,2,1,2,0,2024-01-05 11:51:49,87
1102,996,1056,941,138,115,141,56,113,37,74,74,45,60,81,81,60,33,33,33,23,23,33,23,23,23,19,26,14,5,43,9,6,4,2,0,0,2,0,16,1,1,1,2,1,0,1,2024-01-05 11:53:49,20
1026,983,1102,671,96,80,98,44,56,35,40,40,15,39,46,46,52,28,28,28,16,16,28,16,16,16,14,12,9,4,17,0,0,4,2,1,0,0,0,3,0,0,0,0,0,0,1,2024-01-05 11:55:49,10
1040,989,74,0,102,85,78,37,80,28,57,57,45,55,32,32,46,20,20,20,17,17,20,17,17,17,11,12,16,4,23,9,6,4,2,1,0,2,0,5,1,1,1,2,1,0,2,2024-01-05 11:57:49,4
999,982,132,0,96,80,157,34,22,20,20,20,15,20,120,120,37,18,18,18,16,16,18,16,16,16,10,27,9,4,2,0,0,4,2,1,0,0,0,82,0,0,0,0,0,1,0,2024-01-05 11:59:49,84
1022,1002,529,0,222,185,191,79,29,27,28,28,45,27,126,126,65,44,44,44,37,37,42,37,37,37,9,10,6,4,1,9,6,4,2,1,2,2,3,82,1,1,1,2,1,1,0,2024-01-05 12:01:49,106
1011,983,143,0,120,100,150,42,32,25,28,28,30,26,105,105,45,22,22,22,20,20,22,20,20,20,13,8,9,7,5,0,0,4,2,0,0,0,0,85,0,0,0,0,0,0,1,2024-01-05 12:03:49,87
947,920,468,0,36,30,129,13,27,19,22,22,30,21,104,104,25,11,11,11,6,6,7,6,6,6,8,4,8,6,6,8,6,4,2,0,4,2,0,89,1,1,1,2,1,0,1,2024-01-05 12:05:49,91
966,953,941,834,12,10,106,4,18,18,16,16,45,16,86,86,20,2,2,2,2,2,2,2,2,2,7,7,4,3,2,9,6,4,2,0,0,2,1,73,1,1,1,2,1,0,2,2024-01-05 12:07:49,73
963,951,895,856,36,30,46,12,13,18,13,13,15,14,22,22,24,6,6,6,6,6,6,6,6,6,10,7,8,2,2,0,0,4,2,0,0,0,0,6,0,0,0,0,0,1,0,2024-01-05 12:09:49,13
952,931,1281,896,24,20,46,8,35,31,31,31,45,29,10,10,36,4,4,4,4,4,4,4,4,4,11,6,7,5,4,8,6,4,2,1,0,2,1,0,1,1,1,2,1,1,0,2024-01-05 12:11:49,0
973,950,890,851,18,15,42,6,28,17,24,24,30,24,22,22,20,3,3,3,3,3,3,3,3,3,6,12,9,3,4,0,0,4,2,0,0,0,1,0,0,0,0,0,0,0,1,2024-01-05 12:13:49,0
939,920,1211,839,6,5,41,2,28,20,26,26,30,26,20,20,21,1,1,1,1,1,1,1,1,1,10,11,8,2,2,9,6,4,2,0,0,2,0,0,1,1,1,2,1,0,1,2024-01-05 12:15:49,2
982,960,876,838,54,45,44,18,26,18,28,28,45,26,17,17,27,9,9,9,9,9,9,9,9,9,9,7,5,6,0,9,6,4,2,0,0,2,0,0,1,1,1,2,1,0,2,2024-01-05 12:17:49,4
954,937,888,847,24,20,41,8,30,27,28,28,15,29,10,10,31,4,4,4,4,4,4,4,4,4,4,2,5,3,2,0,0,4,2,0,0,0,4,0,0,0,0,0,0,1,0,2024-01-05 12:19:49,1
945,926,1193,817,30,25,34,10,25,19,21,21,45,22,9,9,25,5,5,5,5,5,5,5,5,5,5,1,10,6,4,9,6,4,2,1,0,2,0,1,1,1,1,2,1,2,0,2024-01-05 12:21:49,2
979,958,911,866,54,45,52,19,31,20,25,25,30,25,23,23,29,10,10,10,9,9,10,9,9,9,13,7,8,1,6,0,0,4,2,0,0,0,0,1,0,0,0,0,0,0,1,2024-01-05 12:23:49,1
954,938,1235,852,60,50,47,22,25,20,21,21,30,20,15,15,32,12,12,12,10,10,12,10,10,10,13,6,8,2,5,7,6,4,2,1,0,2,0,2,1,1,1,2,1,0,1,2024-01-05 12:25:49,8
981,961,906,851,50,41,55,21,29,28,25,25,45,25,18,18,37,13,13,12,9,9,12,9,9,9,14,3,8,7,4,7,6,4,2,0,0,2,0,0,1,1,1,2,1,0,2,2024-01-05 12:27:49,1
956,942,900,876,28,24,30,11,21,17,18,18,15,19,9,9,21,6,6,7,4,4,7,4,4,4,13,7,4,0,3,0,0,4,2,0,0,0,0,0,0,0,0,0,0,1,0,2024-01-05 12:29:49,0
938,927,1304,929,6,5,35,2,15,13,15,15,45,13,18,18,17,3,3,3,1,1,1,1,1,1,10,4,2,4,1,8,6,4,2,2,2,2,0,0,1,1,1,2,1,0,0,2024-01-05 12:31:49,4
967,953,977,938,42,35,38,17,20,17,19,19,30,20,14,14,24,10,10,10,7,7,10,7,7,7,9,4,4,6,1,0,0,4,2,0,0,0,0,0,0,0,0,0,0,1,1,2024-01-05 12:33:49,0
942,935,1164,782,51,42,47,23,14,16,13,13,30,13,22,22,25,15,15,14,9,9,14,9,9,9,10,7,4,2,1,7,6,4,2,0,0,2,0,0,1,1,1,2,1,0,1,2024-01-05 12:35:49,0
950,937,18,0,27,23,20,10,16,11,13,13,45,13,5,5,15,5,5,6,4,4,6,4,4,4,7,2,2,3,3,2,6,4,2,0,0,2,1,0,1,1,1,2,1,0,2,2024-01-05 12:37:49,0
955,943,35,0,30,25,37,13,19,20,16,16,15,17,12,12,25,9,9,9,5,5,8,5,5,5,7,3,9,0,2,0,0,4,2,0,1,0,1,0,0,0,0,0,0,1,0,2024-01-05 12:39:49,0
952,934,371,0,18,15,30,6,26,18,21,21,45,20,8,8,22,3,3,3,3,3,3,3,3,3,10,1,4,7,5,9,6,4,2,1,0,2,0,0,1,1,1,2,1,0,0,2024-01-05 12:41:49,0
947,939,32,0,24,20,35,8,15,14,15,15,30,16,17,17,18,4,4,4,4,4,4,4,4,4,10,5,2,3,1,0,0,4,2,0,0,0,1,1,0,0,0,0,0,1,1,2024-01-05 12:43:49,0
961,944,399,0,54,45,58,19,26,25,26,26,30,24,23,23,35,12,12,12,9,9,10,9,9,9,15,1,1,6,0,9,6,4,2,1,2,2,0,0,1,1,1,2,1,0,1,2024-01-05 12:45:49,0
964,954,879,842,51,42,40,17,16,17,16,16,30,16,14,14,26,9,9,9,9,9,9,9,9,9,11,3,6,3,0,0,0,4,2,0,0,0,0,0,0,0,0,0,0,0,2,2024-01-05 12:47:49,4
946,928,920,886,9,8,35,3,28,26,27,27,30,27,8,8,27,2,2,2,1,1,1,1,1,1,15,3,4,6,2,9,6,4,2,0,1,2,1,0,1,1,1,2,1,0,0,2024-01-05 12:49:49,0
953,931,1263,872,30,25,33,10,28,21,22,22,45,23,6,6,27,6,6,6,5,5,5,5,5,5,14,0,9,2,5,9,6,4,2,1,1,2,0,1,1,1,1,2,1,2,0,2024-01-05 12:51:49,0
959,945,886,847,30,25,39,12,20,17,18,18,30,19,17,17,22,7,7,7,5,5,7,5,5,5,10,1,5,5,2,0,0,4,2,0,0,0,1,0,0,0,0,0,0,1,1,2024-01-05 12:53:49,0
939,913,1211,833,12,10,38,4,38,26,33,33,30,30,7,7,31,3,3,3,2,2,2,2,2,2,15,1,6,7,5,9,6,4,2,3,1,2,2,0,1,1,1,2,1,0,1,2024-01-05 12:55:49,3
959,950,848,819,24,20,28,8,21,15,20,20,30,20,9,9,19,4,4,4,4,4,4,4,4,4,10,3,5,2,1,0,0,4,2,0,0,0,1,0,0,0,0,0,0,0,2,2024-01-05 12:57:49,0
958,936,876,848,24,20,31,8,25,19,22,22,30,22,8,8,23,4,4,4,4,4,4,4,4,4,10,3,7,2,4,7,6,4,1,0,0,2,1,0,1,1,1,2,1,0,0,2024-01-05 12:59:49,1
968,947,1230,816,54,45,70,23,33,27,32,32,45,32,33,33,37,17,17,17,9,9,14,9,9,9,11,7,6,4,1,8,6,4,2,1,3,2,0,3,1,1,1,2,1,1,0,2024-01-05 13:01:49,7
949,927,928,899,18,15,33,6,26,18,20,20,30,18,11,11,22,5,5,5,3,3,3,3,3,3,12,3,8,3,5,0,0,4,2,1,2,0,1,0,0,0,0,0,0,0,1,2024-01-05 13:03:49,0
950,928,1246,864,24,20,43,8,31,24,30,30,30,28,14,14,29,8,8,8,4,4,4,4,4,4,7,3,5,8,3,8,6,4,2,1,4,2,0,0,1,1,1,2,1,1,1,2024-01-05 13:05:49,2
968,956,893,861,30,25,30,11,18,15,16,16,30,16,10,10,20,6,6,6,5,5,6,5,5,5,8,6,8,1,2,0,0,4,2,0,0,0,0,0,0,0,0,0,0,0,2,2024-01-05 13:07:49,1
953,933,940,899,12,10,44,4,27,31,26,26,30,25,11,11,33,2,2,2,2,2,2,2,2,2,13,3,10,7,1,8,6,4,2,0,0,2,1,0,1,1,1,2,1,0,0,2024-01-05 13:09:49,0
939,920,1336,960,42,35,31,14,26,19,21,21,45,21,4,4,27,7,7,7,7,7,7,7,7,7,10,1,11,1,5,8,6,4,2,1,0,2,0,0,1,1,1,2,1,1,0,2024-01-05 13:11:49,3
983,955,999,946,36,30,60,13,31,27,25,25,30,24,26,26,34,7,7,7,6,6,7,6,6,6,9,11,17,5,6,0,0,4,2,1,0,0,0,0,0,0,0,0,0,0,1,2024-01-05 13:13:49,0
982,947,1070,680,18,15,75,6,45,28,42,42,30,39,37,37,38,3,3,3,3,3,3,3,3,3,12,21,12,5,6,9,6,4,2,4,0,2,4,1,1,1,1,2,1,1,1,2024-01-05 13:15:49,13
981,962,35,0,36,30,39,13,22,21,20,20,30,18,11,11,28,7,7,7,6,6,7,6,6,6,9,3,8,3,2,0,0,4,2,1,0,0,2,0,0,0,0,0,0,0,2,2024-01-05 13:17:49,0
979,956,50,0,90,75,54,33,27,19,23,23,30,22,19,19,35,18,18,18,15,15,18,15,15,15,8,3,10,3,4,8,6,4,2,1,0,2,1,0,1,1,1,2,1,0,0,2024-01-05 13:19:49,3
954,935,386,0,18,15,53,6,30,32,27,27,30,28,18,18,35,3,3,3,3,3,3,3,3,3,19,10,6,5,3,0,0,4,2,0,0,0,0,1,0,0,0,0,0,1,0,2024-01-05 13:21:49,0
960,934,40,0,36,30,46,14,34,22,27,27,45,25,17,17,29,8,8,8,6,6,8,6,6,6,7,7,8,7,8,9,6,4,2,1,0,2,1,0,1,1,1,2,1,1,1,2024-01-05 13:23:49,3
945,936,370,0,18,15,32,6,18,18,18,18,30,18,11,11,21,3,3,3,3,3,3,3,3,3,6,4,3,4,0,8,6,4,2,0,0,2,0,0,1,1,1,2,1,0,1,2024-01-05 13:25:49,0
968,955,902,856,51,43,46,17,32,23,30,30,30,31,15,15,31,8,8,8,8,8,8,8,8,8,8,1,7,2,2,0,0,4,2,0,0,0,0,0,0,0,0,0,0,1,2,2024-01-05 13:27:49,0
959,943,925,893,23,18,35,10,24,21,22,22,30,22,9,9,26,6,6,6,5,5,6,5,5,5,11,3,8,3,2,7,6,4,2,0,0,2,1,0,1,1,1,2,1,0,0,2024-01-05 13:29:49,2
950,931,1246,841,28,24,59,10,32,32,32,32,30,32,24,24,36,8,8,8,4,4,6,4,4,4,9,2,4,10,0,0,0,4,2,0,2,0,1,0,0,0,0,0,0,0,0,2024-01-05 13:31:49,1
989,973,906,843,144,121,71,53,26,18,21,21,45,20,28,28,42,28,28,28,23,23,28,23,23,23,7,7,7,2,5,9,6,4,2,1,0,2,0,0,1,1,1,2,1,1,1,2024-01-05 13:33:49,0
1016,990,1232,823,160,132,74,59,31,21,23,23,30,21,25,25,49,33,33,33,28,28,33,28,28,28,8,9,11,2,9,4,6,4,2,0,0,2,0,0,1,1,1,2,1,0,1,2024-01-05 13:35:49,4
1013,995,912,848,136,113,65,51,23,21,21,21,30,22,21,21,44,27,27,28,23,23,28,23,23,23,8,5,10,4,2,0,0,4,2,0,0,0,0,0,0,0,0,0,0,1,2,2024-01-05 13:37:49,2
969,950,919,863,50,42,63,21,26,28,26,26,30,26,27,27,36,14,14,13,8,8,13,8,8,8,14,8,14,2,0,4,6,4,2,0,0,2,0,0,1,1,1,2,1,0,0,2024-01-05 13:39:49,0
1003,971,1263,832,110,92,88,49,47,46,42,42,30,40,23,23,65,31,31,31,18,18,31,18,18,18,25,2,12,8,5,0,0,4,2,1,0,0,0,0,0,0,0,0,0,0,0,2024-01-05 13:41:49,7
1001,971,983,895,124,103,83,44,45,41,42,42,45,40,18,18,65,23,23,23,21,21,23,21,21,21,10,3,12,8,3,7,6,4,2,3,0,2,2,0,1,1,1,2,1,1,1,2024-01-05 13:43:49,6
978,948,1281,879,58,48,61,22,36,27,28,28,30,26,24,24,37,12,12,12,10,10,12,10,10,10,9,3,17,1,9,9,6,4,2,0,0,2,0,0,1,1,1,2,1,0,1,2024-01-05 13:45:49,5
1004,975,901,838,94,79,64,32,32,27,26,26,30,26,22,22,42,17,17,17,15,15,17,15,15,15,13,3,12,6,6,0,0,4,2,0,0,0,1,0,0,0,0,0,0,1,2,2024-01-05 13:47:49,5
992,975,975,895,118,98,79,49,37,25,35,35,30,35,34,34,45,28,28,29,20,20,29,20,20,20,12,2,7,6,2,7,6,4,2,0,0,2,0,0,1,1,1,2,1,0,0,2024-01-05 13:49:49,13
973,953,1389,960,98,82,70,36,34,32,28,28,30,29,22,22,48,21,21,20,16,16,20,16,16,16,13,0,8,3,6,0,0,4,2,0,0,0,1,2,0,0,0,0,0,1,0,2024-01-05 13:51:49,6
966,939,1015,961,54,45,59,20,32,29,24,24,45,23,20,20,39,11,11,11,9,9,11,9,9,9,16,4,15,3,8,8,6,4,2,1,0,2,0,0,1,1,1,2,1,0,1,2024-01-05 13:53:49,1
955,935,1038,645,18,15,52,8,43,34,40,40,30,41,15,15,37,5,5,5,3,3,5,3,3,3,19,4,4,7,3,9,6,4,2,0,0,2,0,2,1,1,1,2,1,1,1,2024-01-05 13:55:49,1
1009,975,76,0,110,92,88,40,41,41,33,33,30,26,26,26,62,22,22,22,18,18,22,18,18,18,24,13,17,5,9,0,0,4,2,3,0,0,0,0,0,0,0,0,0,0,2,2024-01-05 13:57:49,5
986,953,55,0,42,35,61,14,43,33,35,35,30,36,21,21,40,7,7,7,7,7,7,7,7,7,9,7,16,9,8,4,6,4,2,0,0,2,0,0,1,1,1,2,1,1,0,2024-01-05 13:59:49,1
1009,969,422,0,90,75,102,38,56,30,47,47,30,45,50,50,52,24,24,24,15,15,22,15,15,15,19,18,15,4,11,0,0,4,2,2,2,0,4,1,0,0,0,0,0,0,0,2024-01-05 14:01:49,18
1028,993,81,0,136,113,92,48,44,28,35,35,45,31,40,40,52,27,27,27,23,23,27,23,23,23,9,11,18,2,10,8,6,4,2,1,0,2,0,1,1,1,1,2,1,0,1,2024-01-05 14:03:49,4
1030,978,434,0,118,98,98,50,56,37,45,45,15,39,40,40,58,33,33,33,20,20,29,20,20,20,13,8,19,4,14,0,0,4,2,1,4,0,2,1,0,0,0,0,0,1,1,2024-01-05 14:05:49,8
1037,1002,955,862,110,92,100,43,42,44,33,33,45,29,36,36,64,25,25,25,18,18,25,18,18,18,25,13,14,5,10,9,6,4,2,2,0,2,1,3,1,1,1,2,1,0,2,2024-01-05 14:07:49,3
954,936,910,861,42,34,59,9,29,26,28,28,30,29,25,25,34,5,5,5,8,8,5,8,8,8,14,11,8,6,1,4,6,4,2,0,0,2,1,0,1,1,1,2,1,1,0,2024-01-05 14:09:49,1
963,928,1286,866,44,38,79,22,51,52,45,45,30,40,19,19,60,12,12,12,6,6,12,6,6,6,36,1,15,7,6,0,0,4,2,2,0,0,1,0,0,0,0,0,0,0,0,2024-01-05 14:11:49,0
1001,963,924,858,78,65,68,30,46,34,41,41,45,37,20,20,48,18,18,18,13,13,17,13,13,13,15,1,15,4,7,2,6,4,2,1,1,2,1,1,1,1,1,2,1,0,1,2024-01-05 14:13:49,1
1017,983,1253,829,138,115,90,48,58,31,49,49,15,47,34,34,56,25,25,25,23,23,25,23,23,23,10,7,12,7,8,0,0,4,2,2,0,0,2,1,0,0,0,0,0,1,1,2024-01-05 14:15:49,4
1026,992,905,821,168,140,85,58,48,33,41,41,45,39,23,23,62,30,30,30,28,28,30,28,28,28,22,3,11,7,8,8,6,4,2,1,0,2,2,1,1,1,1,2,1,0,2,2024-01-05 14:17:49,6
1000,969,943,869,162,135,75,57,37,29,31,31,30,31,18,18,57,32,32,32,27,27,31,27,26,26,11,4,13,6,6,9,6,4,2,1,1,2,0,0,1,1,1,2,1,1,0,2024-01-05 14:19:49,4
975,946,1213,807,54,45,69,21,36,36,33,33,30,32,23,23,46,12,12,12,9,9,12,9,9,9,24,4,8,11,3,0,0,4,2,1,0,0,0,2,0,0,0,0,0,0,0,2024-01-05 14:21:49,2
990,973,942,876,98,81,71,33,33,29,32,32,45,32,24,24,47,16,16,16,17,17,16,17,17,17,15,5,7,7,1,8,6,4,2,1,0,2,1,0,1,1,1,2,1,1,1,2024-01-05 14:23:49,7
982,955,1239,848,88,74,54,29,31,23,28,28,15,25,15,15,39,17,17,17,14,14,15,14,14,14,12,4,14,3,4,0,0,4,2,2,2,0,0,0,0,0,0,0,0,1,1,2024-01-05 14:25:49,6
1008,973,891,819,78,65,82,30,44,31,37,37,45,33,36,36,46,17,17,17,13,13,17,13,13,13,19,9,13,6,8,9,6,4,2,1,0,2,1,0,1,1,1,2,1,0,2,2024-01-05 14:27:49,6
989,953,985,901,72,60,88,36,63,62,54,54,30,54,13,13,75,24,24,24,12,12,24,12,12,12,38,6,15,9,9,8,6,4,2,1,0,2,1,0,1,1,1,2,1,1,0,2024-01-05 14:29:49,2
1000,948,1367,954,69,57,75,24,55,35,41,41,30,36,25,25,50,14,14,14,12,12,12,12,12,12,17,6,21,3,15,0,0,4,2,2,2,0,1,1,0,0,0,0,0,0,0,2024-01-05 14:31:49,2
1034,985,1044,969,105,88,89,41,55,37,49,49,45,41,31,31,58,24,24,24,17,17,24,17,17,17,23,10,21,2,10,8,6,4,2,2,0,2,5,1,1,1,1,2,1,0,1,2024-01-05 14:33:49,11
989,953,1139,732,96,77,78,22,40,26,25,25,15,23,31,31,47,12,12,12,19,19,12,19,19,19,9,11,15,3,15,0,0,4,2,2,0,0,1,1,0,0,0,0,0,0,1,2024-01-05 14:35:49,4
1014,975,67,0,84,73,73,41,55,44,51,51,45,50,18,18,55,22,22,22,11,11,22,11,11,11,17,7,21,4,5,7,6,4,2,0,0,2,3,1,1,1,1,2,1,1,2,2024-01-05 14:37:49,4
1015,978,86,0,120,100,93,43,53,38,51,51,15,49,35,35,58,26,26,26,20,20,23,20,19,19,22,7,12,12,3,0,0,4,2,0,3,0,1,1,0,0,0,0,0,0,0,2024-01-05 14:39:49,3
1011,972,429,0,132,110,100,41,49,42,40,40,45,36,31,31,69,24,24,24,22,22,21,22,20,20,19,11,13,7,10,9,6,4,2,2,3,2,4,1,1,1,1,2,1,1,0,2024-01-05 14:41:49,11
1065,993,99,0,152,127,106,52,74,49,53,53,45,50,32,32,74,36,36,36,25,25,30,25,22,22,14,10,25,8,23,8,6,4,2,0,6,2,2,0,1,1,1,2,1,0,1,2024-01-05 14:43:49,12
1019,959,424,0,83,69,88,31,71,46,51,51,15,45,26,26,62,19,19,19,14,14,17,14,14,14,11,6,25,6,21,0,0,4,2,2,2,0,0,0,0,0,0,0,0,0,1,2024-01-05 14:45:49,3
989,950,925,862,61,51,79,21,44,30,38,38,45,33,33,33,46,11,11,11,10,10,11,10,10,10,19,11,15,7,9,7,6,4,1,4,0,2,2,0,1,1,1,2,1,1,2,2024-01-05 14:47:49,9
1012,973,957,886,87,72,78,32,48,37,40,40,15,37,27,27,52,18,18,18,15,15,18,14,14,14,10,10,16,7,9,0,0,4,2,0,0,0,3,0,0,0,0,0,0,0,0,2024-01-05 14:49:49,5
1018,972,1324,875,129,108,111,43,47,53,38,38,45,29,30,30,80,33,33,33,21,21,25,22,18,18,34,11,19,5,11,3,6,4,2,6,8,2,0,1,1,1,1,2,1,1,0,2024-01-05 14:51:49,12
1015,971,906,843,90,75,74,30,72,31,57,57,45,55,27,27,47,15,15,15,15,15,15,15,15,15,12,11,16,6,15,8,6,4,2,1,0,2,1,0,1,1,1,2,1,1,1,2024-01-05 14:53:49,3
996,960,1253,828,84,70,85,32,52,45,47,47,15,45,24,24,61,18,18,18,14,14,18,14,14,14,21,5,19,5,5,0,0,4,2,2,0,0,0,0,0,0,0,0,0,0,1,2024-01-05 14:55:49,4
1004,955,892,814,102,85,81,28,51,40,41,41,45,37,24,24,57,20,20,20,17,17,14,17,14,14,17,9,22,3,13,7,6,4,2,0,6,2,1,0,1,1,1,2,1,0,2,2024-01-05 14:57:49,7
1010,963,926,854,84,70,77,28,59,46,52,52,15,46,17,17,60,14,14,14,14,14,14,14,14,14,18,7,23,5,7,0,0,4,2,0,0,0,0,0,0,0,0,0,0,1,0,2024-01-05 14:59:49,3
1038,989,1283,834,72,60,136,25,68,61,63,63,45,52,55,55,81,16,16,16,12,12,13,12,12,12,30,27,19,3,7,8,6,4,2,5,3,2,4,0,1,1,1,2,1,1,0,2024-01-05 15:01:49,12
1031,984,966,875,108,90,111,33,53,46,47,47,45,45,47,47,64,26,26,26,18,18,20,18,13,13,10,20,17,9,9,8,6,4,2,0,6,2,1,1,1,1,1,2,1,0,1,2024-01-05 15:03:49,6
1034,967,1290,862,54,45,103,19,97,58,78,78,15,74,34,34,69,14,14,14,9,9,10,9,9,9,12,16,20,11,19,0,0,4,2,2,4,0,0,0,0,0,0,0,0,0,1,2024-01-05 15:05:49,5
1090,1020,955,827,222,185,134,86,79,53,53,53,45,52,44,44,90,49,49,49,37,37,49,37,37,37,17,16,29,11,26,9,6,4,2,0,0,2,0,2,1,1,1,2,1,0,2,2024-01-05 15:07:49,5
1028,981,965,881,114,95,92,43,53,45,38,38,15,36,28,28,64,24,24,24,19,19,24,19,19,19,19,11,20,4,17,0,0,4,2,0,0,0,0,1,0,0,0,0,0,1,0,2024-01-05 15:09:49,12
1029,972,1389,962,128,106,95,40,58,47,46,46,45,46,25,25,70,26,26,27,22,22,21,22,19,19,21,11,25,9,13,7,6,4,2,1,6,2,1,1,1,1,1,2,1,1,0,2024-01-05 15:11:49,8
1065,1011,1061,956,190,159,112,72,62,44,42,42,45,40,36,36,76,42,42,41,31,31,41,31,31,31,19,8,25,4,20,9,6,4,2,1,0,2,1,0,1,1,1,2,1,0,1,2024-01-05 15:13:49,1
1009,980,1141,713,126,104,96,64,40,29,35,35,15,34,44,44,52,43,43,43,22,22,43,22,22,22,11,10,15,3,5,0,0,4,2,1,0,0,1,0,0,0,0,0,0,0,1,2024-01-05 15:15:49,4
1046,1004,85,0,102,86,101,47,47,36,36,36,45,33,48,48,53,32,32,32,16,16,30,16,16,16,15,19,19,6,11,9,6,4,2,1,2,2,0,2,1,1,1,2,1,0,2,2024-01-05 15:17:49,3
1101,1059,106,0,264,220,117,124,46,31,30,30,15,31,42,42,75,80,80,80,44,44,80,44,44,44,13,12,16,7,16,0,0,4,2,0,0,0,0,0,0,0,0,0,0,1,0,2024-01-05 15:19:49,1
1006,957,423,0,77,64,89,29,64,48,46,46,45,38,25,25,64,15,15,16,13,13,16,13,13,13,24,7,23,4,16,9,6,4,2,3,0,2,0,1,1,1,1,2,1,1,0,2024-01-05 15:21:49,8
1058,986,148,0,89,74,164,39,105,105,100,100,30,98,42,42,122,25,25,24,15,15,24,15,15,15,22,13,24,26,9,0,0,4,2,1,0,0,1,0,0,0,0,0,0,0,1,2024-01-05 15:23:49,13
1016,971,445,0,134,112,113,52,59,65,55,55,30,56,27,27,87,30,30,30,22,22,30,22,22,22,20,5,28,7,6,4,6,4,2,0,0,2,0,0,1,1,1,2,1,1,1,2024-01-05 15:25:49,21
1039,975,933,849,102,85,95,34,74,50,61,61,45,54,26,26,68,17,17,17,17,17,17,17,17,17,19,9,25,9,15,8,6,4,2,1,0,2,0,0,1,1,1,2,1,0,2,2024-01-05 15:27:49,2
1014,961,912,847,78,65,71,28,56,36,38,38,15,36,22,22,49,16,16,16,13,13,15,13,13,13,16,7,23,2,19,0,0,4,2,0,1,0,1,1,0,0,0,0,0,1,0,2024-01-05 15:29:49,1
1023,975,1330,877,102,85,109,46,53,49,39,39,45,40,43,43,66,31,31,31,17,17,29,17,17,17,25,6,19,9,15,8,6,4,2,0,2,2,1,1,1,1,1,2,1,1,0,2024-01-05 15:31:49,7
1058,1003,958,851,174,145,127,74,74,56,61,61,30,53,40,40,87,45,45,45,29,29,45,29,29,29,21,13,22,6,16,0,0,4,2,2,0,0,2,2,0,0,0,0,0,0,1,2024-01-05 15:33:49,17
1151,1082,1335,824,316,262,177,148,79,52,53,53,30,49,71,71,106,94,94,94,54,54,94,54,54,54,15,11,28,6,26,8,6,4,2,0,0,2,2,1,1,1,1,2,1,0,1,2024-01-05 15:35:49,2
1063,1001,918,821,164,138,109,61,75,46,48,48,45,43,35,35,74,39,39,39,26,26,37,26,24,24,13,10,27,2,25,9,6,4,2,2,2,2,1,1,1,1,1,2,1,0,2,2024-01-05 15:37:49,3
1064,1004,933,845,156,130,93,71,60,38,47,47,15,42,29,29,64,47,47,47,26,26,46,26,25,25,14,6,24,8,16,0,0,4,2,0,1,0,1,1,0,0,0,0,0,0,0,2024-01-05 15:39:49,2
1024,988,1277,842,156,130,96,71,44,35,32,32,45,34,35,35,61,45,45,45,26,26,45,26,26,26,12,5,17,5,12,8,6,4,2,0,0,2,2,0,1,1,1,2,1,2,0,2024-01-05 15:41:49,2
1017,971,963,875,102,85,93,39,63,51,51,51,30,50,25,25,68,22,22,22,17,17,22,17,17,17,32,5,19,7,13,0,0,4,2,0,0,0,2,0,0,0,0,0,0,0,1,2024-01-05 15:43:49,4
1043,980,1330,877,114,95,104,43,71,49,53,53,30,51,36,36,68,25,25,25,19,19,24,19,19,19,19,9,26,8,19,9,6,4,2,0,1,2,1,1,1,1,1,2,1,0,1,2024-01-05 15:45:49,2
1015,985,912,831,114,95,88,49,49,37,46,46,45,43,31,31,57,30,30,30,19,19,30,19,19,19,20,8,14,7,4,9,6,4,2,1,0,2,0,0,1,1,1,2,1,0,2,2024-01-05 15:47:49,1
1001,959,957,886,78,65,75,28,76,39,66,66,15,64,21,21,54,15,15,15,13,13,15,13,13,13,17,4,14,8,10,0,0,4,2,2,0,0,3,1,0,0,0,0,0,0,0,2024-01-05 15:49:49,3
1163,1131,1457,974,464,386,137,210,51,25,42,42,45,39,32,32,105,132,132,132,78,78,132,78,78,78,9,11,18,1,9,7,6,4,2,2,0,2,0,2,1,1,1,2,1,2,0,2024-01-05 15:51:49,14
1065,1023,1063,959,232,194,110,85,49,37,36,36,30,35,35,35,75,47,47,47,38,38,47,38,38,38,19,7,19,6,15,0,0,4,2,0,0,0,2,0,0,0,0,0,0,0,1,2024-01-05 15:53:49,3
1001,964,1129,714,114,95,77,40,49,36,44,44,30,36,20,20,57,21,21,21,19,19,21,19,19,19,20,6,18,4,8,8,6,4,2,2,0,2,3,0,1,1,1,2,1,1,1,2024-01-05 15:55:49,3
1046,1008,83,0,124,103,98,48,49,40,39,39,30,36,35,35,63,27,27,27,21,21,27,21,21,21,13,17,18,4,15,0,0,4,2,2,0,0,0,0,0,0,0,0,0,0,2,2024-01-05 15:57:49,4
988,947,69,0,76,64,80,25,52,48,45,45,30,39,19,19,61,13,13,13,12,12,13,12,12,12,24,11,20,4,13,8,6,4,2,1,0,2,0,1,1,1,1,2,1,0,0,2024-01-05 15:59:49,7
1107,1055,465,0,178,148,134,67,54,50,46,46,45,44,47,47,87,39,39,39,30,30,37,30,30,30,30,11,19,6,16,9,6,4,2,4,2,2,5,1,1,1,1,2,1,2,0,2024-01-05 16:01:49,22
1091,1032,108,0,194,161,133,76,70,42,51,51,30,48,57,57,76,47,47,46,33,33,43,33,33,33,12,27,19,1,23,0,0,4,2,1,3,0,2,0,0,0,0,0,0,0,1,2024-01-05 16:03:49,12
1060,1012,453,0,188,156,121,77,56,48,46,46,30,45,41,41,80,48,48,49,32,32,45,32,32,32,16,9,18,12,11,9,6,4,2,0,4,2,0,0,1,1,1,2,1,0,1,2024-01-05 16:05:49,7
1094,1036,980,854,196,164,145,67,84,66,68,68,30,60,47,47,98,35,35,35,32,32,35,32,32,32,36,26,25,6,27,0,0,4,2,0,0,0,0,2,0,0,0,0,0,0,2,2024-01-05 16:07:49,14
991,949,927,856,88,74,74,30,57,33,44,44,30,41,26,26,48,18,18,18,14,14,17,14,13,13,19,4,12,5,13,2,6,4,2,1,1,2,2,0,1,1,1,2,1,0,0,2024-01-05 16:09:49,4
1063,1012,1345,873,220,183,142,77,67,74,60,60,45,50,23,23,119,40,40,40,37,37,40,37,37,37,61,9,15,19,8,7,6,4,2,8,0,2,0,1,1,1,1,2,1,1,0,2024-01-05 16:11:49,2
1005,969,896,825,86,72,79,26,36,33,31,31,30,32,32,32,47,21,21,21,14,14,15,14,11,11,15,11,18,5,5,0,0,4,2,0,6,0,0,1,0,0,0,0,0,1,1,2024-01-05 16:13:49,9
1000,964,1243,835,90,75,72,35,42,27,31,31,30,27,30,30,42,20,20,20,15,15,20,15,15,15,7,6,15,3,13,9,6,4,2,0,0,2,1,0,1,1,1,2,1,0,1,2024-01-05 16:15:49,2
1011,978,919,835,126,105,94,46,43,38,40,40,30,37,34,34,60,25,25,25,21,21,25,21,21,21,10,11,15,6,4,0,0,4,2,1,0,0,1,1,0,0,0,0,0,0,2,2024-01-05 16:17:49,5
1021,980,921,840,138,115,84,51,48,32,35,35,30,34,29,29,55,28,28,28,23,23,28,23,23,23,12,4,23,4,13,9,6,4,2,0,0,2,0,0,1,1,1,2,1,0,0,2024-01-05 16:19:49,6
1016,968,1260,803,100,83,128,36,59,69,46,46,45,41,39,39,89,19,19,19,17,17,19,17,17,17,51,9,14,11,14,8,6,4,2,3,0,2,1,0,1,1,1,2,1,0,0,2024-01-05 16:21:49,4
1095,1012,996,872,162,135,141,63,105,60,72,72,30,68,50,50,91,36,36,36,27,27,36,27,27,27,26,15,28,9,34,0,0,4,2,4,0,0,3,0,0,0,0,0,0,2,1,2024-01-05 16:23:49,2
1089,1027,1326,871,238,198,118,99,129,41,100,100,30,100,36,36,82,59,59,59,40,40,59,40,40,40,20,5,21,6,30,2,6,4,2,1,0,2,0,0,1,1,1,2,1,1,1,2024-01-05 16:25:49,2
1039,980,951,834,130,109,136,49,70,67,63,63,30,55,42,42,94,28,28,28,21,21,28,21,21,21,51,13,19,13,10,0,0,4,2,4,0,0,2,0,0,0,0,0,0,0,2,2024-01-05 16:27:49,10
1022,977,978,897,124,103,89,44,51,39,41,41,30,39,27,27,62,23,23,23,21,21,23,21,21,21,21,8,23,6,11,8,6,4,2,2,0,2,2,1,1,1,1,2,1,0,0,2024-01-05 16:29:49,2
1043,990,1402,947,156,130,117,57,62,52,48,48,30,46,37,37,80,35,35,35,26,26,31,26,26,26,35,7,21,9,14,0,0,4,2,2,4,0,2,1,0,0,0,0,0,0,0,2024-01-05 16:31:49,0
1041,977,1046,961,116,97,90,40,73,49,50,50,45,49,21,21,69,23,23,23,19,19,21,19,19,19,15,5,27,4,23,8,6,4,2,1,2,2,3,0,1,1,1,2,1,0,1,2024-01-05 16:33:49,2
1037,986,1207,769,122,102,108,51,58,48,47,47,30,45,38,38,70,31,31,31,20,20,31,20,20,20,25,11,22,5,18,7,6,4,2,1,0,2,2,1,1,1,1,2,1,2,1,2024-01-05 16:35:49,10
1058,1002,104,0,180,150,117,71,64,46,52,52,30,49,40,40,77,42,42,42,30,30,41,30,30,30,18,13,29,5,14,0,0,4,1,1,1,0,2,0,0,0,0,0,0,0,2,2024-01-05 16:37:49,6
1029,970,78,0,126,105,82,43,65,44,42,42,30,40,17,17,65,22,22,22,21,21,22,21,21,21,11,4,26,3,23,7,6,4,2,0,0,2,0,1,1,1,1,2,1,0,0,2024-01-05 16:39:49,14
1012,977,422,0,108,90,98,42,75,47,68,68,30,65,31,31,67,24,24,24,18,18,24,18,18,18,24,13,18,5,8,0,0,4,2,2,0,0,0,0,0,0,0,0,0,0,0,2024-01-05 16:41:49,14
1032,984,90,0,132,110,95,48,58,45,45,45,45,40,26,26,69,26,26,26,22,22,26,22,22,22,24,4,21,5,14,7,6,4,2,2,0,2,0,0,1,1,1,2,1,0,1,2024-01-05 16:43:49,8
1076,1021,467,0,240,200,140,83,77,53,63,63,30,60,44,44,95,43,43,43,40,40,43,40,40,40,22,14,24,7,15,8,6,4,2,2,0,2,0,0,1,1,1,2,1,1,1,2024-01-05 16:45:49,10
1049,998,966,870,108,90,101,45,64,50,50,50,30,51,33,33,68,27,27,27,18,18,27,18,18,18,17,10,23,12,14,0,0,4,4,0,0,0,2,0,0,0,0,0,0,1,2,2024-01-05 16:47:49,5
1029,975,961,886,112,93,84,38,60,44,43,43,30,41,22,22,63,19,19,19,19,19,19,19,19,19,24,11,18,7,17,4,6,4,4,0,0,2,1,0,1,1,1,2,1,0,0,2024-01-05 16:49:49,3
1036,992,1299,851,146,122,107,52,52,42,46,46,30,42,37,37,69,37,37,37,24,24,31,24,21,21,28,12,15,8,7,0,0,4,4,3,6,0,1,0,0,0,0,0,0,0,0,2024-01-05 16:51:49,7
1031,968,986,851,143,119,150,50,76,88,66,66,45,51,26,26,124,25,25,25,24,24,25,24,24,24,74,5,25,17,14,9,6,4,4,12,0,2,1,0,1,1,1,2,1,0,1,2024-01-05 16:53:49,3
1034,988,1251,824,163,136,89,47,48,38,37,37,30,36,23,23,66,30,30,30,27,27,24,27,24,24,16,4,21,3,14,8,6,4,4,1,6,2,0,0,1,1,1,2,1,0,1,2024-01-05 16:55:49,6
998,962,907,834,64,53,73,24,41,34,35,35,30,34,27,27,46,13,13,13,11,11,13,11,11,11,17,5,17,4,7,0,0,4,3,1,0,0,2,1,0,0,0,0,0,2,2,2024-01-05 16:57:49,3
1042,972,955,850,122,102,101,42,121,64,104,104,30,104,17,17,84,24,24,24,20,20,22,20,20,20,28,2,33,7,18,8,6,4,2,0,2,2,0,1,1,1,1,2,1,3,0,2024-01-05 16:59:49,3
1014,963,1298,818,120,100,142,47,69,39,53,53,30,52,80,80,62,32,32,32,20,20,27,20,20,20,22,8,18,4,18,0,0,4,2,2,5,0,0,0,0,0,0,0,0,1,0,2024-01-05 17:01:49,5
1034,986,950,861,90,75,93,34,65,52,51,51,45,50,26,26,67,19,19,19,15,15,19,15,15,15,23,9,25,4,14,8,6,4,2,0,0,2,0,3,1,1,1,2,1,0,1,2024-01-05 17:03:49,3
1014,965,1280,860,84,70,93,28,61,52,56,56,30,51,26,26,67,18,18,18,14,14,14,14,14,14,18,12,27,5,10,7,6,4,2,1,4,2,0,0,1,1,1,2,1,0,1,2024-01-05 17:05:49,33
1041,979,916,829,76,63,88,26,72,53,50,50,30,47,19,19,69,13,13,13,13,13,13,13,13,13,20,7,29,8,22,0,0,4,2,2,0,0,2,1,0,0,0,0,0,0,2,2024-01-05 17:07:49,12
1019,976,970,897,86,72,73,30,57,42,46,46,30,44,15,15,58,16,16,16,14,14,16,14,14,14,24,3,16,4,12,9,6,4,2,2,0,2,1,0,1,1,1,2,1,1,0,2024-01-05 17:09:49,3
1069,989,1437,963,186,155,140,64,92,73,58,58,30,55,36,36,104,33,33,33,31,31,33,31,31,31,37,16,31,6,35,0,0,4,2,0,0,0,0,2,0,0,0,0,0,1,0,2024-01-05 17:11:49,9
1037,972,1028,952,96,80,85,32,73,42,48,48,45,45,25,25,60,20,20,20,16,16,17,16,15,15,20,8,21,6,25,9,6,4,2,2,3,2,0,1,1,1,1,2,1,0,1,2024-01-05 17:13:49,1
989,957,1149,726,106,88,83,29,32,33,29,29,15,28,31,31,52,22,22,22,18,18,15,18,15,15,19,3,14,6,3,0,0,4,2,1,7,0,0,1,0,0,0,0,0,0,1,2024-01-05 17:15:49,29
1059,991,99,0,128,107,113,49,87,64,68,68,45,64,26,26,87,31,31,31,21,21,27,21,21,21,41,12,22,9,20,9,6,4,2,2,4,2,0,1,1,1,1,2,1,0,2,2024-01-05 17:17:49,1
1099,989,235,0,108,90,246,38,228,200,216,216,30,211,28,28,218,24,24,24,18,18,20,18,18,18,41,11,22,29,13,9,6,4,2,0,4,2,0,1,1,1,1,2,1,0,0,2024-01-05 17:19:49,4
1039,956,451,0,104,86,113,32,95,71,78,78,30,72,19,19,94,23,23,23,18,18,15,18,17,17,46,4,26,23,22,0,0,4,2,5,8,0,0,1,0,0,0,0,0,2,0,2024-01-05 17:21:49,31
1071,964,178,0,52,44,200,20,167,155,150,150,45,144,31,31,169,12,12,12,8,8,12,8,8,8,70,15,20,43,19,8,6,4,2,6,0,2,0,1,1,1,1,2,1,0,1,2024-01-05 17:23:49,5
1029,974,446,0,100,83,113,45,72,58,66,66,15,56,33,33,80,28,28,28,17,17,28,17,17,17,37,6,23,11,8,0,0,4,2,5,0,0,0,2,0,0,0,0,0,0,1,2024-01-05 17:25:49,7
1091,1012,1020,872,187,156,164,70,93,93,73,73,45,73,40,40,124,43,43,43,31,31,39,31,31,31,40,8,39,7,20,8,6,4,2,0,4,2,0,1,1,1,1,2,1,0,2,2024-01-05 17:27:49,19
1012,968,932,858,121,101,84,45,61,46,45,45,30,46,18,18,66,25,25,25,20,20,25,20,20,20,20,10,19,5,17,9,6,4,2,0,0,2,0,0,1,1,1,2,1,1,0,2024-01-05 17:29:49,2
1016,973,1303,873,102,85,94,37,46,42,39,39,30,35,34,34,60,24,24,24,17,17,20,17,17,17,16,11,23,4,8,0,0,4,2,1,4,0,1,0,0,0,0,0,0,1,0,2024-01-05 17:31:49,3
1138,1036,1015,849,298,248,177,98,125,93,103,103,45,83,33,33,145,58,58,58,50,50,51,50,47,47,32,6,38,7,31,8,6,4,2,2,7,2,0,0,1,1,1,2,1,1,1,2024-01-05 17:33:49,32
1087,987,1286,824,204,170,127,68,109,69,75,75,15,71,22,22,104,42,42,42,34,34,34,34,34,34,28,2,38,6,34,0,0,4,2,1,8,0,1,0,0,0,0,0,0,0,1,2024-01-05 17:35:49,14
1086,989,949,837,146,122,135,58,103,84,70,70,45,67,26,26,109,45,45,45,24,24,34,24,24,24,21,11,42,3,34,3,6,4,2,1,11,2,0,1,1,1,1,2,1,0,2,2024-01-05 17:37:49,27
1010,958,936,856,60,50,90,23,49,53,42,42,30,38,25,25,65,23,23,23,10,10,13,10,10,10,39,8,12,14,7,9,6,4,2,2,10,2,0,2,1,1,1,2,1,0,0,2024-01-05 17:39:49,5
1041,973,1290,838,113,93,119,46,76,69,63,63,30,54,22,22,96,38,38,38,20,20,26,20,20,20,48,4,15,12,14,0,0,4,4,7,12,0,0,0,0,0,0,0,0,0,0,2024-01-05 17:41:49,3
1045,1001,979,888,187,156,98,61,39,34,34,34,45,32,30,30,68,51,51,51,31,31,33,31,28,28,15,7,10,3,4,9,6,4,4,3,18,2,0,0,1,1,1,2,1,1,1,2024-01-05 17:43:49,14
1090,975,1473,876,135,113,249,52,183,192,176,176,15,172,32,32,217,43,43,43,22,22,30,22,22,22,16,2,16,40,9,0,0,4,4,3,13,0,2,0,0,0,0,0,0,1,1,2024-01-05 17:45:49,7
1043,965,917,831,105,88,90,41,87,50,72,72,45,69,23,23,67,35,35,35,17,17,24,17,17,17,9,5,27,12,15,3,6,4,4,0,11,2,2,0,1,1,1,2,1,0,2,2024-01-05 17:47:49,1
1100,1028,1003,879,264,220,166,86,74,91,66,66,15,61,29,29,137,65,65,65,44,44,45,44,41,41,9,14,23,5,9,0,0,4,4,2,20,0,0,0,0,0,0,0,0,0,0,2024-01-05 17:49:49,57
1105,968,1517,950,90,75,330,36,201,249,164,164,45,134,36,36,294,31,31,31,15,15,21,15,15,15,59,15,42,15,37,8,6,4,4,30,10,2,1,0,1,1,1,2,1,0,0,2024-01-05 17:51:49,154
1063,994,1072,964,112,93,147,41,105,88,87,87,45,83,40,40,107,21,21,22,19,19,22,19,19,19,26,16,15,8,20,9,6,4,4,0,0,2,1,0,1,1,1,2,1,0,1,2024-01-05 17:53:49,53
1069,1026,1131,677,242,202,130,88,132,25,122,122,15,120,63,63,67,58,58,57,40,40,51,40,37,37,8,19,17,3,9,0,0,4,4,2,6,0,0,0,0,0,0,0,0,1,1,2024-01-05 17:55:49,3
1075,1026,114,0,222,185,131,84,57,38,41,41,45,42,56,56,75,47,47,47,37,37,47,37,37,37,14,23,22,6,16,7,6,4,4,0,0,2,1,1,1,1,1,2,1,1,2,2024-01-05 17:57:49,6
1018,987,61,0,72,60,101,28,39,30,33,33,15,29,56,56,45,16,16,16,12,12,16,12,12,12,13,40,15,6,10,0,0,4,4,3,0,0,0,3,0,0,0,0,0,0,0,2024-01-05 17:59:49,6
1072,1022,458,0,156,130,149,64,62,53,52,52,45,47,66,66,83,41,41,40,26,26,38,26,26,26,39,34,20,7,10,9,6,4,4,4,2,2,2,2,1,1,1,2,1,1,0,2024-01-05 18:01:49,18
1090,980,225,0,90,75,244,31,210,199,190,190,45,187,27,27,217,17,17,18,15,15,16,15,15,15,15,16,24,39,20,7,6,4,4,3,2,2,0,1,1,1,1,2,1,0,1,2024-01-05 18:03:49,2
1058,977,438,0,120,100,115,49,89,49,58,58,15,54,43,43,71,33,33,33,20,20,29,20,20,20,19,18,28,4,32,0,0,4,4,2,4,0,2,0,0,0,0,0,0,1,1,2024-01-05 18:05:49,4
1051,1010,953,856,102,85,119,42,52,46,43,43,45,43,56,56,63,25,25,25,17,17,25,17,17,17,21,30,19,5,9,9,6,4,6,0,0,2,2,1,1,1,1,2,1,1,2,2024-01-05 18:07:49,4
1002,967,923,858,84,70,79,31,47,39,39,39,15,38,27,27,53,17,17,17,14,14,17,14,14,14,21,15,18,6,8,0,0,4,6,0,0,0,0,1,0,0,0,0,0,0,0,2024-01-05 18:09:49,4
1050,989,1319,892,120,100,104,44,69,43,50,50,45,47,40,40,63,24,24,24,20,20,24,20,20,20,14,18,26,11,19,6,6,4,6,0,0,2,0,1,1,1,1,2,1,0,0,2024-01-05 18:11:49,0
1044,1001,968,851,156,130,126,63,52,51,45,45,45,43,49,49,77,37,37,37,26,26,37,26,26,26,33,9,19,9,7,8,6,4,6,0,0,2,0,1,1,1,1,2,1,0,1,2024-01-05 18:13:49,0
1039,1010,1276,832,204,170,117,80,37,30,31,31,15,31,52,52,65,46,46,46,34,34,46,34,34,34,20,16,11,9,7,0,0,4,4,0,0,0,0,0,0,0,0,0,0,0,1,2024-01-05 18:15:49,5
1024,985,912,829,114,95,90,47,61,47,52,52,45,50,23,23,67,28,28,28,19,19,28,19,19,19,20,8,19,5,9,8,6,4,6,1,0,2,1,0,1,1,1,2,1,1,2,2024-01-05 18:17:49,3
980,951,911,852,42,35,68,14,35,28,31,31,15,30,33,33,35,7,7,7,7,7,7,7,7,7,14,10,13,4,6,0,0,4,6,0,0,0,0,1,0,0,0,0,0,1,0,2024-01-05 18:19:49,1
997,961,1237,821,79,65,87,29,40,39,37,37,45,31,32,32,55,15,15,15,14,13,15,13,13,13,25,12,15,9,9,8,6,4,6,3,0,2,1,0,1,1,1,2,1,0,0,2024-01-05 18:21:49,11
1000,967,968,885,77,65,107,27,43,43,35,35,30,34,50,50,57,14,14,14,12,13,14,13,13,13,23,23,14,8,7,0,0,4,6,0,0,0,0,2,0,0,0,0,0,0,1,2024-01-05 18:23:49,1
995,969,1112,837,84,70,81,28,38,28,35,35,30,33,38,38,43,15,15,15,14,14,15,14,14,14,17,23,11,3,4,9,6,4,6,1,0,2,1,0,1,1,1,2,1,0,1,2024-01-05 18:25:49,10
990,972,915,868,48,40,64,19,25,17,21,21,45,21,36,36,25,11,11,11,8,8,11,8,8,8,11,14,7,3,5,8,6,4,6,0,0,2,0,0,1,1,1,2,1,0,2,2024-01-05 18:27:49,12
1004,975,955,888,90,75,88,29,35,38,29,29,15,30,35,35,54,16,16,16,15,15,15,15,14,14,21,22,13,4,5,0,0,4,4,1,1,0,0,1,0,0,0,0,0,2,0,2024-01-05 18:29:49,11
997,959,1360,940,66,55,86,25,65,37,58,58,45,58,37,37,48,16,16,16,11,11,14,11,11,11,13,14,14,5,8,9,6,4,2,0,2,2,0,0,1,1,1,2,1,1,0,2024-01-05 18:31:49,0
997,967,1019,946,84,70,81,33,39,30,33,33,30,31,35,35,46,22,22,22,14,14,19,14,14,14,15,7,9,8,6,0,0,4,2,2,3,0,0,5,0,0,0,0,0,0,1,2024-01-05 18:33:49,7
971,951,1111,716,52,43,68,20,23,21,22,22,30,22,37,37,30,15,15,15,9,9,12,9,9,9,11,16,12,4,1,7,6,4,2,0,3,2,0,4,1,1,1,2,1,0,1,2024-01-05 18:35:49,6
1005,972,60,0,50,42,83,20,48,44,48,48,45,43,27,27,56,13,13,13,8,8,11,8,8,8,30,19,12,6,2,8,6,4,3,3,2,2,1,0,1,1,1,2,1,0,2,2024-01-05 18:37:49,8
1003,959,79,0,76,63,86,28,53,46,43,43,15,42,26,26,60,17,17,16,13,13,15,13,13,13,25,6,18,8,11,0,0,4,4,1,1,0,2,0,0,0,0,0,0,0,0,2024-01-05 18:39:49,2
992,960,402,0,64,53,71,24,37,37,32,32,45,29,21,21,50,12,12,14,11,11,13,11,11,11,21,10,12,6,6,8,6,4,4,2,1,2,0,1,1,1,1,2,1,2,0,2024-01-05 18:41:49,3
970,956,61,0,100,84,63,38,29,27,27,27,30,27,20,20,43,23,23,22,16,16,22,16,16,16,18,4,6,4,2,0,0,4,4,0,0,0,1,1,0,0,0,0,0,0,1,2024-01-05 18:43:49,0
1854,1808,1231,0,2530,2108,479,882,51,32,37,37,30,35,25,25,454,468,468,468,422,422,462,422,420,420,11,3,19,3,15,7,6,4,4,0,6,2,1,1,1,1,1,2,1,0,1,2024-01-05 18:45:49,12
1089,1072,963,855,380,315,101,139,23,23,21,21,45,21,13,13,88,73,73,74,65,65,74,65,65,65,9,4,7,4,1,8,6,4,4,0,0,2,0,1,1,1,1,2,1,0,2,2024-01-05 18:47:49,51
976,960,952,838,64,57,50,26,22,21,22,22,15,21,22,22,28,20,20,19,7,7,19,7,7,7,14,9,7,4,1,0,0,4,4,0,0,0,0,1,0,0,0,0,0,0,0,2024-01-05 18:49:49,11
973,949,1287,887,24,20,55,8,33,31,31,31,45,30,20,20,35,4,4,4,4,4,4,4,4,4,19,12,8,9,2,2,6,4,4,0,0,2,1,0,1,1,1,2,1,0,0,2024-01-05 18:51:49,0
966,939,889,837,36,30,55,12,70,31,65,65,30,66,17,17,38,6,6,6,6,6,6,6,6,6,11,6,12,6,5,0,0,4,4,1,0,0,0,1,0,0,0,0,0,2,1,2024-01-05 18:53:49,0
964,947,1219,836,30,25,50,10,24,23,22,22,30,22,22,22,28,5,5,5,5,5,5,5,5,5,10,14,7,5,2,8,6,4,4,0,0,2,0,1,1,1,1,2,1,0,1,2024-01-05 18:55:49,1
1012,974,897,842,78,65,66,27,43,26,32,32,45,29,27,27,39,15,15,15,13,13,14,13,13,13,11,16,13,1,11,8,6,4,4,0,1,2,0,0,1,1,1,2,1,0,2,2024-01-05 18:57:49,2
970,945,909,863,30,25,55,10,37,33,36,36,15,36,17,17,38,5,5,5,5,5,5,5,5,5,14,11,12,9,1,0,0,4,4,0,0,0,0,0,0,0,0,0,0,0,0,2024-01-05 18:59:49,3
971,947,1239,825,42,35,91,17,29,32,30,30,45,24,47,47,44,12,12,12,7,7,10,7,7,7,28,19,6,6,1,7,6,4,4,4,2,2,2,1,1,1,1,2,1,0,0,2024-01-05 19:01:49,6
1008,977,954,895,96,80,67,32,38,28,32,32,30,29,21,21,46,18,18,18,16,16,16,16,16,16,16,9,14,5,7,0,0,4,4,2,2,0,0,1,0,0,0,0,0,2,1,2024-01-05 19:03:49,1
998,974,1280,879,72,60,71,33,24,18,17,17,30,18,41,41,30,25,25,25,12,12,21,12,12,12,6,13,9,3,7,8,6,4,4,0,4,2,0,0,1,1,1,2,1,1,1,2024-01-05 19:05:49,1
988,966,876,830,66,55,50,24,38,17,31,31,30,30,21,21,29,13,13,13,11,11,13,11,11,11,6,10,10,2,7,0,0,4,4,1,0,0,0,1,0,0,0,0,0,0,2,2024-01-05 19:07:49,1
969,940,939,889,48,40,51,18,37,31,30,30,30,30,12,12,39,10,10,10,8,8,10,8,8,8,12,4,14,5,8,8,6,4,4,0,0,2,2,0,1,1,1,2,1,0,0,2024-01-05 19:09:49,3
981,948,1343,959,30,25,54,13,42,32,35,35,45,35,17,17,37,8,8,8,5,5,8,5,5,5,9,13,12,8,7,4,6,4,4,0,0,2,1,0,1,1,1,2,1,0,0,2024-01-05 19:11:49,0
1016,982,1021,971,96,80,64,33,37,23,26,26,30,25,21,21,43,17,17,17,16,16,17,16,16,16,13,10,15,3,13,0,0,4,4,1,0,0,2,0,0,0,0,0,0,0,1,2024-01-05 19:13:49,10
957,938,1054,664,42,35,56,14,23,23,22,22,30,21,24,24,32,7,7,7,7,7,7,7,7,7,12,7,10,5,1,9,6,4,4,2,0,2,0,1,1,1,1,2,1,1,1,2024-01-05 19:15:49,3
1007,973,41,0,78,65,54,24,34,21,21,21,30,22,20,20,34,13,13,13,13,13,12,13,12,12,7,14,16,1,13,0,0,4,4,0,1,0,0,1,0,0,0,0,0,1,2,2024-01-05 19:17:49,1
963,949,53,0,60,50,59,31,29,20,27,27,30,27,28,28,30,21,21,21,10,10,21,10,10,10,12,6,5,5,2,9,6,4,4,0,0,2,0,1,1,1,1,2,1,0,0,2024-01-05 19:19:49,1
971,942,391,0,48,40,60,16,39,29,31,31,45,31,23,23,37,8,8,8,8,8,8,8,8,8,14,11,11,5,8,7,6,4,6,0,0,2,1,1,1,1,1,2,1,0,0,2024-01-05 19:21:49,1
1003,973,61,0,102,85,75,34,39,34,29,29,30,28,23,23,52,17,17,17,17,17,17,17,17,17,6,8,15,3,10,0,0,4,6,1,0,0,0,1,0,0,0,0,0,0,1,2024-01-05 19:23:49,16
972,958,389,0,66,55,55,23,16,26,15,15,30,13,16,16,39,12,12,12,11,11,12,11,11,11,24,6,5,6,1,4,6,4,6,2,0,2,1,1,1,1,1,2,1,0,1,2024-01-05 19:25:49,1
972,949,906,854,89,74,57,31,25,21,21,21,30,21,20,20,37,16,16,16,15,15,16,15,15,15,5,6,11,6,5,0,0,4,6,1,0,0,1,0,0,0,0,0,0,1,2,2024-01-05 19:27:49,2
989,964,912,882,37,31,52,12,43,18,38,38,30,38,28,28,24,6,6,6,6,6,6,6,6,6,10,23,6,6,5,7,6,4,6,0,0,2,0,1,1,1,1,2,1,1,0,2024-01-05 19:29:49,3
1052,986,1289,864,138,116,96,51,75,36,40,40,45,34,32,32,64,31,31,31,22,22,29,22,22,22,9,13,25,1,35,8,6,4,6,6,2,2,0,1,1,1,1,2,1,0,0,2024-01-05 19:31:49,5
1162,1140,958,829,590,492,142,199,24,22,25,25,30,21,22,22,120,103,103,103,98,98,101,98,98,98,12,12,7,3,3,0,0,4,6,0,2,0,2,0,0,0,0,0,0,0,1,2024-01-05 19:33:49,19
968,957,1208,835,24,20,47,8,16,14,15,15,30,15,28,28,19,4,4,4,4,4,4,4,4,4,5,16,5,3,1,8,6,4,6,1,0,2,1,1,1,1,1,2,1,1,1,2024-01-05 19:35:49,0
986,953,870,828,48,40,57,16,44,30,32,32,30,32,19,19,38,8,8,8,8,8,8,8,8,8,11,15,13,7,13,0,0,4,6,0,0,0,0,0,0,0,0,0,0,0,2,2024-01-05 19:37:49,6
9758,9719,5457,860,26782,22228,4580,8790,30,22,22,22,30,21,8,8,4576,4282,4284,4284,4554,4552,4272,4548,4535,4535,10,0,11,3,8,8,6,4,6,2,12,2,1,0,1,1,1,2,1,2,0,2024-01-05 19:39:49,286
15867,15813,8670,819,44838,37362,7534,14908,30,30,29,29,30,25,19,19,7511,7471,7469,7471,7476,7478,7440,7482,7451,7451,26,6,5,7,1,0,0,4,6,3,31,0,1,0,0,0,0,0,0,0,0,2024-01-05 19:41:49,557
1152,1138,905,875,376,372,32,183,19,14,18,18,45,18,14,14,18,180,180,179,4,4,179,4,4,4,3,2,5,3,2,8,6,4,6,0,0,2,0,2,1,1,1,2,1,0,1,2024-01-05 19:43:49,85
944,935,1232,849,48,47,46,22,22,21,21,21,30,21,24,24,22,22,22,21,1,1,21,1,1,1,6,5,5,1,1,9,6,4,6,0,0,2,1,0,1,1,1,2,1,0,1,2024-01-05 19:45:49,0
984,965,876,843,80,73,38,33,20,17,15,15,30,15,14,14,24,26,26,26,7,7,26,7,7,7,7,5,10,3,5,0,0,4,6,0,0,0,0,0,0,0,0,0,0,0,2,2024-01-05 19:47:49,3
965,949,911,886,46,44,27,21,19,16,18,18,30,17,8,8,19,19,19,19,2,2,19,2,2,2,5,1,8,2,2,7,6,4,5,1,0,2,1,0,1,1,1,2,1,0,0,2024-01-05 19:49:49,1
981,967,1354,957,56,51,56,23,19,28,20,20,30,21,22,22,34,18,18,18,5,5,18,5,5,5,15,17,12,2,0,0,0,4,6,1,0,0,0,0,0,0,0,0,0,2,0,2024-01-05 19:51:49,3
980,943,1023,959,50,45,68,21,64,43,54,54,45,51,18,18,50,16,16,16,5,5,16,5,5,5,23,4,9,11,10,8,6,4,6,2,0,2,1,2,1,1,1,2,1,0,1,2024-01-05 19:53:49,0
958,945,1104,734,40,39,33,19,18,14,15,15,30,15,18,18,15,18,18,18,1,1,18,1,1,1,11,7,3,4,3,8,6,4,5,0,0,2,1,2,1,1,1,2,1,0,1,2024-01-05 19:55:49,6
967,948,33,0,32,32,35,15,25,23,21,21,30,20,11,11,24,16,16,16,0,0,15,0,0,0,12,5,5,6,4,0,0,4,4,1,1,0,0,0,0,0,0,0,0,0,2,2024-01-05 19:57:49,4
960,945,32,0,28,24,38,11,20,18,20,20,30,20,16,16,22,7,7,7,4,4,7,4,4,4,13,7,2,7,1,5,6,4,4,0,0,2,0,1,1,1,1,2,1,0,0,2024-01-05 19:59:49,4
968,950,396,0,24,20,60,8,28,31,28,28,30,29,23,23,37,5,5,5,4,4,4,4,4,4,19,16,3,6,1,0,0,4,4,1,1,0,1,0,0,0,0,0,0,2,0,2024-01-05 20:01:49,4
938,923,36,0,6,5,40,3,33,23,32,32,45,32,16,16,24,5,5,5,1,1,2,1,1,1,14,5,6,4,1,9,6,4,4,0,3,2,0,3,1,1,1,2,1,0,1,2024-01-05 20:03:49,2
946,932,368,0,12,10,28,4,15,12,15,15,30,13,14,14,14,6,6,6,2,2,2,2,2,2,6,3,3,2,1,9,6,4,4,0,4,2,1,0,1,1,1,2,1,0,1,2024-01-05 20:05:49,1
955,941,892,852,12,10,40,4,21,23,22,22,30,21,15,15,25,2,2,2,2,2,2,2,2,2,14,8,4,4,0,0,0,4,4,0,0,0,3,2,0,0,0,0,0,1,2,2024-01-05 20:07:49,4
957,936,872,834,12,10,41,4,26,27,24,24,30,23,11,11,30,2,2,2,2,2,2,2,2,2,15,2,10,8,2,8,6,4,3,1,0,2,0,0,1,1,1,2,1,0,0,2024-01-05 20:09:49,0
958,935,1266,890,6,5,45,2,36,30,33,33,30,32,13,13,32,1,1,1,1,1,1,1,1,1,9,10,6,7,3,0,0,4,4,1,0,0,2,0,0,0,0,0,0,0,0,2024-01-05 20:11:49,0
957,943,864,836,38,36,30,17,20,16,17,17,45,18,11,11,19,15,15,15,2,2,15,2,2,2,10,3,4,5,3,8,6,4,4,1,0,2,1,0,1,1,1,2,1,2,1,2024-01-05 20:13:49,7
939,922,1228,845,10,10,44,5,25,28,23,23,30,23,16,16,28,5,5,5,0,0,5,0,0,0,10,3,6,8,1,8,6,4,4,0,0,2,1,0,1,1,1,2,1,0,1,2024-01-05 20:15:49,3
961,950,873,849,12,10,36,4,21,16,21,21,30,21,18,18,18,2,2,2,2,2,2,2,2,2,11,12,4,5,1,0,0,4,4,0,0,0,0,2,0,0,0,0,0,0,2,2024-01-05 20:17:49,1
948,940,873,843,6,5,35,2,21,19,21,21,30,20,14,14,21,1,1,1,1,1,1,1,1,1,6,5,2,3,0,8,6,4,4,1,0,2,1,0,1,1,1,2,1,0,0,2024-01-05 20:19:49,0
930,917,1200,838,6,5,24,2,15,12,12,12,30,12,11,11,13,1,1,1,1,1,1,1,1,1,7,4,5,1,3,0,0,4,3,0,0,0,1,0,0,0,0,0,0,0,0,2024-01-05 20:21:49,0
963,945,930,886,30,25,46,10,25,23,22,22,45,22,17,17,29,5,5,5,5,5,5,5,5,5,5,2,10,5,4,9,6,4,5,1,0,2,0,0,1,1,1,2,1,1,1,2024-01-05 20:23:49,1
945,932,1241,863,18,15,42,6,24,24,24,24,15,25,15,15,27,3,3,3,3,3,3,3,3,3,11,8,6,4,0,0,0,4,3,0,0,0,1,0,0,0,0,0,0,1,1,2024-01-05 20:25:49,3
965,953,876,844,12,10,43,4,16,16,15,15,45,15,25,25,18,2,2,2,2,2,2,2,2,2,11,13,5,4,1,8,6,4,4,0,0,2,1,1,1,1,1,2,1,0,2,2024-01-05 20:27:49,5
953,933,886,859,12,10,34,4,34,21,34,34,30,30,9,9,25,2,2,2,2,2,2,2,2,2,10,5,8,6,3,9,6,4,4,2,0,2,1,1,1,1,1,2,1,0,0,2024-01-05 20:29:49,4
950,935,1365,975,22,18,49,7,27,24,25,25,30,24,20,20,29,3,3,3,4,4,3,4,4,4,11,6,8,4,2,0,0,4,4,1,0,0,2,1,0,0,0,0,0,0,0,2024-01-05 20:31:49,3
942,923,992,963,2,2,36,2,18,19,19,19,45,19,17,17,19,5,5,5,0,0,1,0,0,0,13,8,4,8,0,8,6,4,4,0,4,2,0,1,1,1,1,2,1,0,1,2024-01-05 20:33:49,3
960,939,1079,697,36,30,46,11,34,23,27,27,15,26,15,15,31,6,6,6,6,6,6,6,6,6,12,5,11,1,7,0,0,4,4,2,0,0,0,1,0,0,0,0,0,1,1,2024-01-05 20:35:49,0
950,940,26,0,18,15,25,6,11,14,10,10,45,12,8,8,17,3,3,3,3,3,3,3,3,3,9,3,8,1,1,5,6,4,4,0,0,2,0,1,1,1,1,2,1,2,2,2024-01-05 20:37:49,1
945,930,37,0,12,10,37,4,27,28,26,26,30,26,7,7,30,2,2,2,2,2,2,2,2,2,9,0,5,4,1,9,6,4,4,0,0,2,2,0,1,1,1,2,1,0,0,2024-01-05 20:39:49,1
958,928,404,0,12,10,71,4,42,50,41,41,30,37,15,15,56,2,2,2,2,2,2,2,2,2,38,7,9,11,1,0,0,4,4,4,0,0,0,0,0,0,0,0,0,0,0,2024-01-05 20:41:49,0
962,938,36,0,24,20,43,8,29,21,22,22,45,22,18,18,25,4,4,4,4,4,4,4,4,4,10,7,7,6,7,6,6,4,4,0,0,2,2,1,1,1,1,2,1,0,1,2024-01-05 20:43:49,2
963,942,391,0,24,20,54,8,32,27,27,27,15,26,22,22,32,4,4,4,4,4,4,4,4,4,9,6,12,4,5,0,0,4,4,1,0,0,0,0,0,0,0,0,0,0,1,2024-01-05 20:45:49,0
972,955,906,858,36,30,52,15,31,31,31,31,45,32,15,15,37,9,9,9,6,6,9,6,6,6,11,8,4,10,0,2,6,4,4,0,0,2,0,0,1,1,1,2,1,1,2,2024-01-05 20:47:49,0
951,934,904,873,24,20,30,8,21,19,18,18,30,19,7,7,23,4,4,4,4,4,4,4,4,4,10,0,6,2,3,7,6,4,4,0,0,2,0,0,1,1,1,2,1,1,0,2024-01-05 20:49:49,1
918,907,1250,869,6,5,24,2,17,16,17,17,30,16,7,7,17,1,1,1,1,1,1,1,1,1,8,1,5,4,0,0,0,4,4,0,0,0,1,0,0,0,0,0,0,0,0,2024-01-05 20:51:49,0
947,938,855,830,6,5,26,2,31,12,30,30,45,30,13,13,13,1,1,1,1,1,1,1,1,1,9,2,4,1,1,9,6,4,4,0,0,2,0,0,1,1,1,2,1,0,1,2024-01-05 20:53:49,0
942,923,1202,818,6,5,42,2,28,32,28,28,15,28,9,9,33,1,1,1,1,1,1,1,1,1,13,2,7,9,0,0,0,4,4,0,0,0,0,0,0,0,0,0,0,0,1,2024-01-05 20:55:49,0
961,946,879,843,18,15,34,9,30,23,28,28,45,27,7,7,27,6,6,6,3,3,6,3,3,3,12,1,5,2,2,7,6,4,4,1,0,2,1,2,1,1,1,2,1,0,2,2024-01-05 20:57:49,2
955,935,895,853,30,25,47,14,33,30,28,28,15,29,12,12,35,9,9,9,5,5,9,5,5,5,8,6,4,5,5,0,0,4,4,0,0,0,2,2,0,0,0,0,0,1,0,2024-01-05 20:59:49,2
946,925,1227,838,6,5,42,2,26,27,22,22,45,22,13,13,29,1,1,1,1,1,1,1,1,1,17,5,7,5,4,9,6,4,4,1,0,2,2,1,1,1,1,2,1,1,0,2024-01-05 21:01:49,1
960,946,908,877,6,5,33,2,28,21,28,28,45,28,11,11,22,5,5,5,1,1,1,1,1,1,14,2,6,3,0,5,6,4,4,0,4,2,0,0,1,1,1,2,1,0,1,2024-01-05 21:03:49,0
945,930,1230,857,16,13,33,5,22,19,19,19,15,19,11,11,22,2,2,2,3,3,2,3,3,3,8,2,7,2,3,0,0,4,4,0,0,0,0,0,0,0,0,0,0,0,1,2024-01-05 21:05:49,0
945,940,857,826,14,12,32,5,14,22,14,14,45,14,8,8,24,3,3,3,2,2,3,2,2,2,7,5,5,1,0,8,6,4,4,0,0,2,0,0,1,1,1,2,1,0,2,2024-01-05 21:07:49,15
1024,925,1128,872,42,35,291,14,132,238,131,131,15,98,12,12,279,7,7,7,7,7,7,7,7,7,263,3,5,59,1,0,0,4,4,34,0,0,0,0,0,0,0,0,0,2,0,2024-01-05 21:09:49,2
963,945,1339,962,42,35,48,14,23,22,23,23,45,22,18,18,30,7,7,7,7,7,7,7,7,7,12,13,3,6,0,8,6,4,4,1,0,2,0,0,1,1,1,2,1,0,0,2024-01-05 21:11:49,10
949,930,997,945,12,10,55,4,41,40,38,38,45,39,13,13,42,2,2,2,2,2,2,2,2,2,13,4,5,10,3,8,6,4,4,0,0,2,2,1,1,1,1,2,1,1,1,2024-01-05 21:13:49,0
948,939,1136,766,0,0,43,0,140,17,141,141,15,141,26,26,17,0,0,0,0,0,0,0,0,0,10,15,6,1,0,0,0,4,4,0,0,0,1,1,0,0,0,0,0,0,1,2024-01-05 21:15:49,0
968,948,39,0,6,5,44,2,35,29,34,34,45,34,14,14,30,1,1,1,1,1,1,1,1,1,13,5,5,7,0,8,6,4,4,0,0,2,2,0,1,1,1,2,1,0,2,2024-01-05 21:17:49,0
937,917,52,0,12,10,57,6,37,35,34,34,15,32,18,18,39,4,4,4,2,2,4,2,2,2,19,3,9,5,4,0,0,4,4,2,0,0,1,0,0,0,0,0,0,0,0,2024-01-05 21:19:49,1
961,944,376,0,18,15,41,6,28,23,27,27,45,25,12,12,29,3,3,3,3,3,3,3,3,3,15,5,4,8,1,9,6,4,4,3,0,2,1,1,1,1,1,2,1,1,0,2024-01-05 21:21:49,3
952,939,48,0,30,25,51,13,27,29,26,26,45,25,16,16,35,8,8,8,5,5,8,5,5,5,23,2,4,4,0,7,6,4,4,1,0,2,0,0,1,1,1,2,1,0,1,2024-01-05 21:23:49,0
967,943,376,0,24,20,38,10,35,22,34,34,15,33,10,10,28,6,6,6,4,4,6,4,4,4,14,4,3,14,2,0,0,4,4,2,0,0,0,1,0,0,0,0,0,1,1,2024-01-05 21:25:49,3
957,935,915,864,24,20,53,8,40,35,38,38,45,37,13,13,40,4,4,4,4,4,4,4,4,4,18,3,6,11,3,9,6,4,4,1,0,2,0,0,1,1,1,2,1,0,2,2024-01-05 21:27:49,6
954,928,910,863,12,10,47,4,45,42,43,43,15,43,3,3,44,2,2,2,2,2,2,2,2,2,11,0,6,12,2,0,0,4,4,0,0,0,3,0,0,0,0,0,0,0,0,2024-01-05 21:29:49,0
951,933,1255,876,6,5,46,2,22,16,21,21,45,20,24,24,22,1,1,1,1,1,1,1,1,1,17,13,6,4,2,6,6,4,4,1,0,2,4,0,1,1,1,2,1,0,0,2024-01-05 21:31:49,7
976,949,899,851,18,15,56,6,39,35,38,38,45,35,14,14,42,7,7,7,3,3,3,3,3,3,22,5,9,8,3,8,6,4,4,4,4,2,0,1,1,1,1,2,1,1,1,2024-01-05 21:33:49,6
951,932,1221,839,24,20,41,8,29,26,26,26,15,27,11,11,30,4,4,4,4,4,4,4,4,4,11,2,11,5,3,0,0,4,4,0,0,0,1,0,0,0,0,0,0,1,1,2024-01-05 21:35:49,0
944,926,864,835,18,15,35,11,27,21,25,25,45,23,9,9,26,8,8,8,3,3,8,3,3,3,12,3,5,4,2,9,6,4,4,2,0,2,1,1,1,1,1,2,1,0,2,2024-01-05 21:37:49,9
938,928,875,850,12,10,28,5,16,15,16,16,15,15,10,10,18,3,3,3,2,2,3,2,2,2,7,0,4,4,0,0,0,4,4,1,0,0,1,1,0,0,0,0,0,0,0,2024-01-05 21:39:49,9
972,943,1204,821,36,30,43,12,39,24,31,31,45,27,11,11,32,6,6,6,6,6,6,6,6,6,8,3,8,5,9,9,6,4,4,2,0,2,2,1,1,1,1,2,1,1,0,2024-01-05 21:41:49,2
957,942,947,906,12,10,43,10,31,29,31,31,30,30,10,10,33,8,8,8,2,2,8,2,2,2,5,2,1,11,0,0,0,4,4,2,0,0,2,0,0,0,0,0,0,1,1,2024-01-05 21:43:49,3
950,934,1283,867,70,58,64,25,31,32,31,31,30,31,19,19,45,13,13,13,12,12,13,12,12,12,7,2,6,8,0,7,6,4,4,1,0,2,1,1,1,1,1,2,1,1,1,2024-01-05 21:45:49,4
969,940,866,812,26,22,56,9,42,39,38,38,45,37,11,11,45,5,5,5,4,4,5,4,4,4,19,4,9,8,5,7,6,4,4,2,0,2,2,0,1,1,1,2,1,1,2,2024-01-05 21:47:49,4
942,931,916,895,6,5,21,2,15,13,16,16,15,16,7,7,14,1,1,1,1,1,1,1,1,1,10,0,4,3,0,0,0,4,4,0,0,0,3,1,0,0,0,0,0,0,0,2024-01-05 21:49:49,3
937,929,1337,952,6,5,30,2,23,22,23,23,45,22,7,7,23,1,1,1,1,1,1,1,1,1,8,2,4,2,0,8,6,4,4,0,0,2,1,0,1,1,1,2,1,0,0,2024-01-05 21:51:49,1
962,945,1003,961,24,20,44,8,23,23,23,23,30,22,17,17,27,4,4,4,4,4,4,4,4,4,11,3,7,8,1,0,0,4,4,0,0,0,2,1,0,0,0,0,0,0,1,2024-01-05 21:53:49,0
936,918,1077,695,18,15,38,6,30,27,28,28,30,28,8,8,30,3,3,3,3,3,3,3,3,3,12,1,8,2,2,7,6,4,4,0,0,2,2,0,1,1,1,2,1,1,1,2024-01-05 21:55:49,0
960,936,59,0,18,15,56,6,45,43,42,42,45,42,8,8,47,3,3,3,3,3,3,3,3,3,9,2,5,14,4,3,6,4,4,1,0,2,4,2,1,1,1,2,1,1,2,2024-01-05 21:57:49,1
974,945,48,0,20,17,58,7,38,40,38,38,15,38,14,14,44,4,4,4,3,3,4,3,3,3,14,10,13,6,1,0,0,4,6,0,0,0,2,0,0,0,0,0,0,1,0,2024-01-05 21:59:49,5
951,928,387,0,6,5,49,2,33,30,30,30,45,29,17,17,32,1,1,1,1,1,1,1,1,1,16,11,7,11,3,8,6,4,5,1,0,2,1,0,1,1,1,2,1,0,0,2024-01-05 22:01:49,2
959,944,27,0,0,0,34,0,25,18,23,23,30,21,16,16,18,4,4,4,0,0,0,0,0,0,4,7,5,3,2,0,0,4,6,0,4,0,0,1,0,0,0,0,0,0,1,2024-01-05 22:03:49,1
921,908,369,0,0,0,29,0,22,17,22,22,30,22,12,12,17,4,4,4,0,0,0,0,0,0,6,2,3,4,1,9,6,4,6,0,4,2,1,1,1,1,1,2,1,0,1,2024-01-05 22:05:49,0
958,942,896,860,12,10,33,5,27,22,23,23,45,24,9,9,24,3,3,3,2,2,3,2,2,2,12,5,3,6,4,7,6,4,6,0,0,2,0,0,1,1,1,2,1,1,2,2024-01-05 22:07:49,3
937,933,877,854,6,5,23,2,16,16,16,16,15,17,6,6,17,1,1,1,1,1,1,1,1,1,4,1,2,1,0,0,0,4,4,0,0,0,0,0,0,0,0,0,0,1,0,2024-01-05 22:09:49,2
942,926,1265,879,12,10,47,4,36,36,35,35,45,36,9,9,38,2,2,2,2,2,2,2,2,2,4,4,6,6,1,7,6,4,3,0,0,2,3,0,1,1,1,2,1,1,0,2024-01-05 22:11:49,1
956,941,871,841,6,5,33,2,16,18,14,14,30,15,14,14,19,1,1,1,1,1,1,1,1,1,12,4,14,2,0,0,0,4,4,0,0,0,0,0,0,0,0,0,0,1,1,2024-01-05 22:13:49,0
934,916,1234,837,18,15,55,6,39,41,41,41,30,41,11,11,44,3,3,3,3,3,3,3,3,3,15,1,10,7,0,9,6,4,4,0,0,2,0,0,1,1,1,2,1,0,1,2024-01-05 22:15:49,2
958,941,868,844,18,15,27,6,21,16,19,19,30,17,8,8,19,3,3,3,3,3,3,3,3,3,8,4,10,1,3,0,0,4,4,0,0,0,0,0,0,0,0,0,0,1,2,2024-01-05 22:17:49,1
946,935,877,849,12,10,28,4,18,16,17,17,30,18,10,10,18,2,2,2,2,2,2,2,2,2,6,1,4,2,1,9,6,4,4,0,0,2,0,0,1,1,1,2,1,1,0,2024-01-05 22:19:49,0
940,928,1196,823,6,5,35,2,22,23,22,22,45,22,11,11,24,1,1,1,1,1,1,1,1,1,6,5,6,6,0,3,6,4,4,0,0,2,0,0,1,1,1,2,1,0,0,2024-01-05 22:21:49,0
960,940,931,890,18,15,41,6,29,26,28,28,30,29,12,12,29,3,3,3,3,3,3,3,3,3,7,1,5,10,1,0,0,4,4,0,0,0,0,0,0,0,0,0,0,1,1,2024-01-05 22:23:49,0
939,926,1253,877,12,10,35,4,30,27,30,30,30,29,6,6,29,2,2,2,2,2,2,2,2,2,6,1,2,7,1,7,6,4,4,0,0,2,0,0,1,1,1,2,1,0,1,2024-01-05 22:25:49,1
940,930,881,848,0,0,36,0,20,20,20,20,30,19,16,16,20,0,0,0,0,0,0,0,0,0,10,6,6,3,0,0,0,4,4,0,0,0,0,0,0,0,0,0,0,0,2,2024-01-05 22:27:49,0
945,929,925,892,12,10,32,4,28,28,28,28,30,29,2,2,30,2,2,2,2,2,2,2,2,2,6,0,5,8,0,8,6,4,4,0,0,2,1,0,1,1,1,2,1,1,0,2024-01-05 22:29:49,0
951,935,1335,953,18,15,36,9,23,18,19,19,45,20,16,16,21,6,6,6,3,3,6,3,3,3,7,5,5,2,4,3,6,4,4,0,0,2,0,0,1,1,1,2,1,1,0,2024-01-05 22:31:49,0
953,937,984,951,6,5,38,2,24,23,23,23,30,22,12,12,25,5,5,5,1,1,1,1,1,1,6,4,5,4,1,0,0,4,4,1,4,0,2,0,0,0,0,0,0,0,1,2024-01-05 22:33:49,1
945,930,1066,689,8,6,37,3,26,24,24,24,30,23,12,12,26,1,1,1,2,2,1,2,2,2,9,4,4,5,3,3,6,4,4,0,0,2,0,0,1,1,1,2,1,1,1,2024-01-05 22:35:49,1
938,922,20,0,10,9,23,3,23,15,19,19,30,19,6,6,16,2,2,2,1,1,2,1,1,1,8,3,4,6,4,0,0,4,4,0,0,0,0,0,0,0,0,0,0,0,2,2024-01-05 22:37:49,0
938,925,29,0,8,6,29,2,22,20,19,19,30,19,7,7,22,0,0,0,2,2,0,2,2,2,7,0,8,2,3,9,6,4,4,0,0,2,0,1,1,1,1,2,1,0,0,2024-01-05 22:39:49,0
949,937,386,0,22,19,43,13,25,23,24,24,45,26,17,17,26,10,10,10,3,3,10,3,3,3,8,3,2,5,1,8,6,4,4,0,0,2,3,0,1,1,1,2,1,2,0,2024-01-05 22:41:49,2
967,946,57,0,25,20,59,9,39,39,36,36,30,36,14,14,45,5,5,5,5,5,5,4,5,5,4,3,5,11,3,0,0,4,4,1,0,0,2,1,0,0,0,0,0,1,1,2024-01-05 22:43:49,1
967,952,395,0,69,57,52,28,22,16,19,19,30,19,23,23,29,15,15,15,12,12,15,13,12,12,12,1,5,3,3,8,6,4,4,1,0,2,0,0,1,1,1,2,1,1,1,2024-01-05 22:45:49,0
960,941,898,863,56,48,39,18,26,20,20,20,30,20,11,11,28,10,10,10,8,8,10,8,8,8,2,4,5,6,6,0,0,4,4,0,0,0,2,0,0,0,0,0,0,0,2,2024-01-05 22:47:49,0
950,939,891,863,18,15,35,6,17,18,18,18,30,17,12,12,23,3,3,3,3,3,3,3,3,3,10,6,4,2,0,8,6,4,4,1,0,2,1,0,1,1,1,2,1,0,0,2024-01-05 22:49:49,4
958,943,1265,875,18,15,46,7,19,22,22,22,30,22,18,18,28,4,4,4,3,3,4,3,3,3,10,10,6,5,0,0,0,4,4,0,0,0,1,0,0,0,0,0,0,0,0,2024-01-05 22:51:49,10
966,951,899,853,30,25,51,11,24,24,24,24,45,25,21,21,30,6,6,6,5,5,6,5,5,5,11,9,6,5,1,8,6,4,4,1,0,2,1,0,1,1,1,2,1,2,1,2024-01-05 22:53:49,3
946,933,1194,812,24,20,41,9,24,26,23,23,30,23,11,11,30,5,5,5,4,4,5,4,4,4,9,3,8,3,1,8,6,4,4,0,0,2,1,0,1,1,1,2,1,0,1,2024-01-05 22:55:49,0
951,936,867,830,30,25,36,12,24,19,22,22,30,22,11,11,25,7,7,7,5,5,7,5,5,5,7,4,5,4,2,0,0,4,4,1,0,0,0,0,0,0,0,0,0,1,2,2024-01-05 22:57:49,0
950,937,898,867,18,15,36,6,27,23,24,24,30,24,10,10,26,3,3,3,3,3,3,3,3,3,4,6,6,2,3,7,6,4,4,0,0,2,2,0,1,1,1,2,1,0,0,2024-01-05 22:59:49,0
941,922,1205,813,6,5,50,2,40,35,39,39,30,38,12,12,38,1,1,1,1,1,1,1,1,1,9,6,4,10,1,0,0,4,4,1,0,0,3,0,0,0,0,0,0,0,0,2024-01-05 23:01:49,4
964,941,910,862,6,5,53,2,38,38,40,40,45,36,13,13,40,5,5,5,1,1,1,1,1,1,6,5,6,7,0,9,6,4,4,1,4,2,3,0,1,1,1,2,1,1,1,2024-01-05 23:03:49,5
952,943,1259,884,12,10,40,5,20,20,19,19,30,19,17,17,23,3,3,3,2,2,3,2,2,2,10,7,3,3,1,8,6,4,4,1,0,2,0,0,1,1,1,2,1,1,1,2024-01-05 23:05:49,0
969,937,907,847,42,35,60,15,50,42,46,46,30,45,10,10,50,8,8,8,7,7,8,7,7,7,6,6,9,14,5,0,0,4,4,1,0,0,3,0,0,0,0,0,0,0,2,2024-01-05 23:07:49,1
956,947,921,882,38,31,42,18,15,15,15,15,30,15,20,20,22,12,12,12,7,7,12,7,7,7,10,3,5,2,0,8,6,4,4,0,0,2,1,1,1,1,1,2,1,0,0,2024-01-05 23:09:49,0
957,951,1341,955,57,48,48,28,16,17,16,16,30,17,22,22,26,19,19,18,9,9,18,9,9,9,6,6,4,0,0,0,0,4,4,0,0,0,2,0,0,0,0,0,0,1,0,2024-01-05 23:11:49,0
1002,985,1046,990,127,106,58,45,27,21,20,20,45,20,16,16,42,23,23,24,21,21,24,21,21,21,3,2,5,6,7,3,6,4,4,0,0,2,0,0,1,1,1,2,1,0,1,2024-01-05 23:13:49,0
980,954,1087,691,90,75,57,30,40,26,32,32,30,31,15,15,42,15,15,15,15,15,15,15,15,15,4,4,5,11,9,8,6,4,4,1,0,2,0,0,1,1,1,2,1,2,1,2024-01-05 23:15:49,3
982,972,52,0,84,70,65,40,14,11,11,11,30,10,40,40,25,26,26,26,14,14,26,14,14,14,5,13,6,1,4,0,0,4,4,0,0,0,0,0,0,0,0,0,0,0,2,2024-01-05 23:17:49,0
970,952,57,0,90,75,58,29,35,34,35,35,30,36,9,9,49,14,14,14,15,15,14,15,15,15,3,2,3,9,0,8,6,4,4,0,0,2,4,0,1,1,1,2,1,1,0,2024-01-05 23:19:49,0
951,943,369,0,42,35,28,15,12,11,10,10,30,11,10,10,18,8,8,8,7,7,8,7,7,7,5,2,4,1,2,0,0,4,4,0,0,0,1,0,0,0,0,0,0,1,0,2024-01-05 23:21:49,0
971,955,48,0,24,20,56,9,27,29,27,27,45,27,23,23,33,5,5,5,4,4,5,4,4,4,5,9,7,7,0,9,6,4,4,0,0,2,1,0,1,1,1,2,1,0,1,2024-01-05 23:23:49,2
932,925,363,0,0,0,23,0,16,17,16,16,30,16,6,6,17,0,0,0,0,0,0,0,0,0,6,2,4,1,0,8,6,4,4,0,0,2,1,0,1,1,1,2,1,0,1,2024-01-05 23:25:49,0
928,918,899,862,6,5,34,2,25,20,25,25,30,26,13,13,21,1,1,1,1,1,1,1,1,1,4,1,3,4,0,0,0,4,4,0,0,0,1,0,0,0,0,0,0,1,2,2024-01-05 23:27:49,2
937,926,883,851,0,0,32,0,29,30,29,29,30,29,2,2,30,0,0,0,0,0,0,0,0,0,6,0,2,8,0,8,6,4,4,0,0,2,1,0,1,1,1,2,1,0,0,2024-01-05 23:29:49,0
948,939,1267,889,30,25,37,14,12,10,11,11,30,11,22,22,15,9,9,9,5,5,9,5,5,5,4,8,3,3,1,0,0,4,4,0,0,0,2,0,0,0,0,0,0,0,0,2024-01-05 23:31:49,0
970,947,893,849,18,15,43,7,33,31,30,30,45,32,9,9,34,11,11,11,3,3,4,3,3,3,6,2,6,4,3,9,6,4,4,0,7,2,3,0,1,1,1,2,1,2,1,2024-01-05 23:33:49,0
943,930,1220,853,6,5,29,2,18,15,16,16,15,15,13,13,16,1,1,1,1,1,1,1,1,1,5,5,4,3,2,0,0,4,4,0,0,0,1,0,0,0,0,0,0,0,1,2024-01-05 23:35:49,2
936,921,878,841,6,5,36,2,30,31,30,30,45,30,4,4,32,1,1,1,1,1,1,1,1,1,8,0,3,11,0,3,6,4,4,0,0,2,1,0,1,1,1,2,1,0,2,2024-01-05 23:37:49,0
945,930,881,853,12,10,27,5,24,19,19,19,30,18,6,6,21,3,3,3,2,2,3,2,2,2,4,0,5,3,5,8,6,4,4,0,0,2,1,0,1,1,1,2,1,1,0,2024-01-05 23:39:49,0
951,933,1227,844,18,15,41,9,30,27,29,29,30,28,10,10,31,6,6,6,3,3,6,3,3,3,4,2,3,10,1,0,0,4,4,1,0,0,1,0,0,0,0,0,0,0,0,2024-01-05 23:41:49,3
942,932,940,917,0,0,22,0,11,12,11,11,45,11,10,10,12,0,0,0,0,0,0,0,0,0,3,0,3,7,0,3,6,4,4,0,0,2,1,1,1,1,1,2,1,0,1,2024-01-05 23:43:49,0
930,916,1244,869,18,15,39,6,20,15,16,16,15,17,21,21,18,3,3,3,3,3,3,3,3,3,6,7,7,2,4,0,0,4,4,0,0,0,0,0,0,0,0,0,0,1,1,2024-01-05 23:45:49,1
941,933,841,810,6,5,31,2,16,17,16,16,45,17,13,13,18,1,1,1,1,1,1,1,1,1,2,1,3,3,0,4,6,4,4,0,0,2,2,0,1,1,1,2,1,1,2,2024-01-05 23:47:49,0
937,929,919,897,6,5,21,2,13,14,13,13,30,14,6,6,15,1,1,1,1,1,1,1,1,1,7,0,2,6,0,7,6,4,3,0,0,2,0,0,1,1,1,2,1,1,0,2024-01-05 23:49:49,0
947,931,1341,953,24,20,33,9,24,20,22,22,30,22,8,8,25,5,5,5,4,4,5,4,4,4,6,2,8,4,2,0,0,4,4,1,0,0,1,0,0,0,0,0,0,1,0,2024-01-05 23:51:49,2
976,947,990,951,24,20,36,11,38,23,25,25,45,23,9,9,27,7,7,7,4,4,7,4,4,4,1,0,7,5,13,7,6,4,4,0,0,2,2,0,1,1,1,2,1,0,1,2024-01-05 23:53:49,2
926,919,1016,648,6,5,26,2,15,16,15,15,15,15,9,9,17,1,1,1,1,1,1,1,1,1,2,2,3,5,0,0,0,4,4,0,0,0,0,0,0,0,0,0,0,0,1,2024-01-05 23:55:49,0
951,934,60,0,18,15,57,7,47,46,44,44,45,45,8,8,49,4,4,4,3,3,4,3,3,3,0,2,2,8,3,8,6,4,4,0,0,2,4,0,1,1,1,2,1,1,2,2024-01-05 23:57:49,0
957,947,28,0,36,30,32,12,18,18,18,18,30,18,8,8,24,6,6,6,6,6,6,6,6,6,7,4,2,5,0,9,6,4,3,0,0,2,2,0,1,1,1,2,1,0,0,2024-01-05 23:59:49,6
944,927,376,0,12,10,34,4,30,23,24,24,30,24,9,9,25,2,2,2,2,2,2,2,2,2,6,6,3,6,6,0,0,4,4,0,0,0,1,0,0,0,0,0,0,0,0,2024-01-06 00:01:49,0
976,940,64,0,54,45,65,19,53,44,48,48,45,47,11,11,54,14,14,14,9,9,10,9,9,9,5,2,4,19,4,9,6,4,4,1,4,2,1,0,1,1,1,2,1,1,1,2024-01-06 00:03:49,2
932,929,355,0,0,0,20,0,6,6,7,7,15,7,14,14,6,0,0,0,0,0,0,0,0,0,3,8,3,0,0,0,0,4,4,0,0,0,0,0,0,0,0,0,0,0,1,2024-01-06 00:05:49,0
951,943,851,821,12,10,28,4,15,15,15,15,45,16,11,11,17,2,2,2,2,2,2,2,2,2,3,6,3,4,0,9,6,4,4,0,0,2,1,0,1,1,1,2,1,1,2,2024-01-06 00:07:49,0
954,944,871,838,24,20,38,9,25,23,22,22,15,22,11,11,27,5,5,5,4,4,5,4,4,4,2,5,3,3,3,0,0,4,4,0,0,0,1,0,0,0,0,0,0,0,0,2024-01-06 00:09:49,0
938,924,1251,883,36,30,29,14,17,13,14,14,45,15,10,10,19,12,12,12,6,6,8,6,6,6,4,4,6,1,3,8,6,4,4,0,4,2,0,0,1,1,1,2,1,1,0,2024-01-06 00:11:49,0
956,949,846,820,24,20,26,12,12,14,12,12,45,12,8,8,18,8,8,8,4,4,8,4,4,4,5,0,1,5,0,8,6,4,4,0,0,2,2,0,1,1,1,2,1,0,1,2024-01-06 00:13:49,0
951,938,1231,841,36,30,47,12,24,24,24,24,15,25,17,16,30,6,6,6,6,6,6,6,6,6,2,3,6,6,0,0,0,4,4,0,0,0,1,0,0,0,0,0,0,1,1,2024-01-06 00:15:49,0
952,943,845,823,18,15,25,8,15,13,14,14,45,14,9,10,16,5,5,5,3,3,5,3,3,3,2,3,2,5,1,7,6,4,4,0,0,2,0,0,1,1,1,2,1,0,2,2024-01-06 00:17:49,1
938,932,836,814,12,10,23,4,12,14,12,12,15,12,7,7,16,2,2,2,2,2,2,2,2,2,3,2,2,4,0,0,0,4,4,0,0,0,0,0,0,0,0,0,0,0,0,2024-01-06 00:19:49,0
928,921,1189,821,42,35,27,16,11,10,10,10,45,11,10,10,17,9,9,9,7,7,9,7,7,7,2,2,2,3,0,8,6,4,4,0,0,2,0,0,1,1,1,2,1,1,0,2024-01-06 00:21:49,0
946,940,861,840,12,10,20,4,14,14,14,14,45,15,4,4,16,2,2,2,2,2,2,2,2,2,4,0,3,2,1,8,6,4,4,0,0,2,0,0,1,1,1,2,1,1,1,2024-01-06 00:23:49,0
935,932,1252,898,0,0,16,0,6,3,6,6,15,6,12,12,4,0,0,0,0,0,0,0,0,0,2,3,0,2,0,0,0,4,4,0,0,0,1,0,0,0,0,0,0,0,1,2024-01-06 00:25:49,1
925,921,881,858,6,5,21,2,12,10,12,12,45,12,9,9,12,1,1,1,1,1,1,1,1,1,1,0,0,3,0,1,6,4,4,1,0,2,1,0,1,1,1,2,1,1,2,2024-01-06 00:27:49,0
938,936,901,882,0,0,18,0,10,10,10,10,15,9,7,7,11,0,0,0,0,0,0,0,0,0,3,1,0,1,0,0,0,4,4,1,0,0,0,0,0,0,0,0,0,0,0,2024-01-06 00:29:49,0
932,928,1334,966,12,10,21,12,11,10,10,10,45,10,9,9,12,10,10,10,2,2,10,2,2,2,1,3,3,0,1,8,6,4,4,0,0,2,0,1,1,1,1,2,1,0,0,2024-01-06 00:31:49,1
949,939,1003,978,6,5,26,2,10,10,10,10,45,11,15,15,11,5,5,5,1,1,1,1,1,1,3,2,3,2,0,8,6,4,4,0,4,2,1,0,1,1,1,2,1,1,1,2024-01-06 00:33:49,0
943,932,1169,804,6,5,27,2,15,13,15,15,15,14,13,13,14,1,1,1,1,1,1,1,1,1,1,5,2,5,0,0,0,4,4,0,0,0,2,0,0,0,0,0,0,0,1,2024-01-06 00:35:49,0
932,924,28,0,6,5,29,2,23,23,21,21,45,21,5,5,24,1,1,1,1,1,1,1,1,1,3,2,3,4,1,5,6,4,4,0,0,2,0,0,1,1,1,2,1,0,2,2024-01-06 00:37:49,0
936,925,25,0,24,20,24,8,18,18,18,18,15,19,2,2,22,4,4,4,4,4,4,4,4,4,4,0,8,3,1,0,0,4,4,0,0,0,0,0,0,0,0,0,0,1,0,2024-01-06 00:39:49,0
933,929,360,0,0,0,18,0,8,9,8,8,45,8,9,9,9,0,0,0,0,0,0,0,0,0,2,1,3,1,0,7,6,4,4,0,0,2,0,1,1,1,1,2,1,0,0,2024-01-06 00:41:49,0
946,938,26,0,0,0,26,0,15,17,15,15,45,15,9,9,17,0,0,0,0,0,0,0,0,0,3,0,2,6,0,9,6,4,4,0,0,2,0,0,1,1,1,2,1,0,1,2024-01-06 00:43:49,0
931,922,370,0,6,5,21,2,10,9,10,10,15,11,11,11,10,1,1,1,1,1,1,1,1,1,3,3,3,5,0,0,0,4,4,0,0,0,0,0,0,0,0,0,0,1,1,2024-01-06 00:45:49,3
941,927,890,861,6,5,32,2,18,18,18,18,45,17,13,13,19,1,1,1,1,1,1,1,1,1,4,1,5,6,0,7,6,4,4,0,0,2,1,0,1,1,1,2,1,0,2,2024-01-06 00:47:49,2
934,927,913,889,6,5,24,2,14,14,13,13,15,13,9,9,15,1,1,1,1,1,1,1,1,1,5,1,4,3,1,0,0,4,4,0,0,0,0,0,0,0,0,0,0,0,0,2024-01-06 00:49:49,0
940,929,1244,863,12,10,27,4,18,16,17,17,45,16,8,8,19,2,2,2,2,2,2,2,2,2,8,4,3,4,1,9,6,4,4,1,0,2,1,0,1,1,1,2,1,1,0,2024-01-06 00:51:49,4
943,937,885,865,6,5,20,2,12,10,11,11,30,10,8,8,12,1,1,1,1,1,1,1,1,1,5,1,2,1,1,0,0,4,4,1,0,0,0,0,0,0,0,0,0,0,1,2024-01-06 00:53:49,0
936,927,1211,835,6,5,34,2,19,19,19,19,30,20,14,14,20,1,1,1,1,1,1,1,1,1,2,3,1,6,0,8,6,4,4,0,0,2,2,0,1,1,1,2,1,1,1,2024-01-06 00:55:49,0
922,922,847,834,6,5,10,2,1,1,1,1,45,2,8,8,2,1,1,1,1,1,1,1,1,1,0,2,0,0,0,5,6,4,4,0,0,2,0,0,1,1,1,2,1,1,2,2024-01-06 00:57:49,0
929,925,849,844,0,0,7,0,5,4,5,5,15,5,3,3,4,0,0,0,0,0,0,0,0,0,0,2,1,3,0,0,0,4,4,0,0,0,0,0,0,0,0,0,0,0,0,2024-01-06 00:59:49,3
930,926,1192,831,6,5,19,2,7,8,7,7,45,7,10,10,9,1,1,1,1,1,1,1,1,1,0,5,1,3,0,8,6,4,4,0,0,2,0,0,1,1,1,2,1,0,0,2024-01-06 01:01:49,0
952,945,914,895,6,5,21,2,8,8,8,8,30,9,12,12,9,5,5,5,1,1,1,1,1,1,2,3,1,1,0,0,0,4,4,0,4,0,1,0,0,0,0,0,0,1,1,2024-01-06 01:03:49,0
936,931,1205,853,0,0,20,0,7,5,6,6,30,6,15,15,5,0,0,0,0,0,0,0,0,0,1,10,3,0,1,9,6,4,4,0,0,2,0,0,1,1,1,2,1,0,1,2024-01-06 01:05:49,0
931,925,852,826,6,5,23,2,13,13,13,13,45,14,9,9,14,1,1,1,1,1,1,1,1,1,2,5,2,4,0,9,6,4,4,0,0,2,0,0,1,1,1,2,1,1,2,2024-01-06 01:07:49,0
924,923,895,892,0,0,4,0,1,1,1,1,15,1,3,3,1,0,0,0,0,0,0,0,0,0,1,1,1,1,0,0,0,4,4,0,0,0,0,0,0,0,0,0,0,0,0,2024-01-06 01:09:49,3
930,926,1317,954,0,0,22,0,18,18,18,18,45,18,4,4,18,0,0,0,0,0,0,0,0,0,2,1,1,1,0,8,6,4,4,0,0,2,1,0,1,1,1,2,1,0,0,2024-01-06 01:11:49,0
935,932,964,952,12,10,11,4,3,2,2,2,30,3,7,7,4,2,2,2,2,2,2,2,2,2,1,0,2,0,1,0,0,4,4,0,0,0,0,0,0,0,0,0,0,1,1,2024-01-06 01:13:49,0
928,927,1048,693,0,0,16,0,5,6,5,5,30,5,10,10,6,0,0,0,0,0,0,0,0,0,2,3,2,0,0,3,6,4,4,0,0,2,0,0,1,1,1,2,1,0,1,2024-01-06 01:15:49,0
913,911,15,0,6,5,16,2,7,6,7,7,45,7,9,9,7,1,1,1,1,1,1,1,1,1,1,1,1,0,0,9,6,4,4,0,0,2,0,0,1,1,1,2,1,0,2,2024-01-06 01:17:49,0
942,936,12,0,6,5,13,2,10,7,10,10,15,11,5,5,8,1,1,1,1,1,1,1,1,1,2,2,1,5,0,0,0,4,4,0,0,0,0,0,0,0,0,0,0,1,0,2024-01-06 01:19:49,0
934,927,368,0,0,0,24,0,12,13,12,12,45,12,11,11,13,0,0,0,0,0,0,0,0,0,1,1,0,5,0,5,6,4,4,0,0,2,1,0,1,1,1,2,1,0,0,2024-01-06 01:21:49,0
945,941,9,0,6,5,11,2,3,3,3,3,30,3,7,7,4,1,1,1,1,1,1,1,1,1,2,2,2,0,1,0,0,4,4,0,0,0,0,0,0,0,0,0,0,0,1,2024-01-06 01:23:49,3
929,927,357,0,12,10,15,6,3,4,3,3,30,4,9,9,6,4,4,4,2,2,4,2,2,2,0,1,0,2,0,5,6,4,4,0,0,2,0,0,1,1,1,2,1,1,1,2024-01-06 01:25:49,0
921,918,892,865,6,5,23,2,12,12,12,12,30,13,10,10,13,1,1,1,1,1,1,1,1,1,1,0,0,3,0,0,0,4,4,0,0,0,0,0,0,0,0,0,0,1,2,2024-01-06 01:27:49,0
930,928,853,841,0,0,13,0,7,7,7,7,30,7,6,6,7,0,0,0,0,0,0,0,0,0,2,1,0,2,0,3,6,4,3,0,0,2,0,0,1,1,1,2,1,0,0,2024-01-06 01:29:49,0
937,934,1253,894,6,5,13,2,5,4,5,5,45,6,8,8,5,1,1,1,1,1,1,1,1,1,3,3,1,2,0,7,6,4,5,0,0,2,0,0,1,1,1,2,1,1,0,2024-01-06 01:31:49,0
934,923,849,830,0,0,19,0,9,8,8,8,30,8,11,11,8,4,4,4,0,0,0,0,0,0,2,0,2,2,1,0,0,4,3,0,4,0,2,0,0,0,0,0,0,0,1,2024-01-06 01:33:49,0
937,933,1186,829,0,0,22,0,8,6,7,7,30,7,15,15,7,0,0,0,0,0,0,0,0,0,2,6,1,0,1,7,6,4,4,0,0,2,1,0,1,1,1,2,1,0,1,2024-01-06 01:35:49,1
932,929,833,824,6,5,12,2,4,3,5,5,30,5,7,7,5,1,1,1,1,1,1,1,1,1,1,3,1,0,0,0,0,4,4,1,0,0,1,0,0,0,0,0,0,1,2,2024-01-06 01:37:49,3
929,926,865,854,0,0,7,0,6,5,6,6,30,6,2,2,5,0,0,0,0,0,0,0,0,0,2,0,2,1,0,8,6,4,4,0,0,2,0,0,1,1,1,2,1,0,0,2024-01-06 01:39:49,3
926,924,1188,830,6,5,15,2,5,6,5,5,45,6,8,8,7,1,1,1,1,1,1,1,1,1,0,1,0,2,0,9,6,4,4,0,0,2,0,0,1,1,1,2,1,1,0,2024-01-06 01:41:49,0
949,947,891,868,18,15,23,14,9,10,9,9,30,8,9,9,14,11,11,11,3,3,11,3,3,3,1,0,2,1,0,0,0,4,4,1,0,0,0,0,0,0,0,0,0,0,1,2024-01-06 01:43:49,0
936,926,1264,868,58,48,46,21,22,23,22,22,30,20,11,11,35,11,11,11,10,10,11,10,10,10,2,1,2,6,0,7,6,4,3,2,0,2,0,0,1,1,1,2,1,0,1,2024-01-06 01:45:49,2
931,931,862,836,8,7,15,3,3,3,3,3,30,4,11,11,4,2,2,2,1,1,2,1,1,1,0,1,0,0,0,0,0,4,4,0,0,0,0,0,0,0,0,0,0,1,2,2024-01-06 01:47:49,1
933,928,913,894,0,0,18,0,10,10,10,10,30,10,8,8,10,0,0,0,0,0,0,0,0,0,2,0,2,2,0,8,6,4,4,0,0,2,1,0,1,1,1,2,1,0,0,2024-01-06 01:49:49,0
924,920,1314,944,0,0,14,0,11,9,10,10,45,10,5,5,9,0,0,0,0,0,0,0,0,0,2,1,2,0,1,9,6,4,4,0,0,2,1,0,1,1,1,2,1,0,0,2024-01-06 01:51:49,0
928,928,999,986,6,5,10,2,2,2,2,2,30,3,7,7,3,1,1,1,1,1,1,1,1,1,0,0,0,0,0,0,0,4,4,0,0,0,0,0,0,0,0,0,0,1,1,2024-01-06 01:53:49,0
929,924,1083,724,6,5,16,2,7,4,6,6,30,6,11,11,5,1,1,1,1,1,1,1,1,1,1,1,1,2,1,8,6,4,4,0,0,2,0,0,1,1,1,2,1,0,1,2024-01-06 01:55:49,0
944,934,34,0,0,0,31,0,25,24,25,25,30,24,6,6,25,0,0,0,0,0,0,0,0,0,2,0,2,7,0,0,0,4,4,1,0,0,1,0,0,0,0,0,0,0,2,2024-01-06 01:57:49,2
934,932,14,0,20,17,15,7,6,8,6,6,30,7,3,3,12,4,4,4,3,3,4,3,3,3,3,2,1,0,0,9,6,4,4,1,0,2,0,0,1,1,1,2,1,2,0,2024-01-06 01:59:49,1
932,930,360,0,0,0,19,0,9,8,9,9,45,8,10,10,9,0,0,0,0,0,0,0,0,0,0,5,0,2,0,5,6,4,4,1,0,2,0,0,1,1,1,2,1,0,0,2024-01-06 02:01:49,3
939,929,19,0,0,0,24,0,10,10,10,10,30,10,14,14,10,4,4,4,0,0,0,0,0,0,1,5,2,4,0,0,0,4,4,0,4,0,0,0,0,0,0,0,0,0,1,2024-01-06 02:03:49,0
935,932,355,0,12,10,18,4,2,1,3,3,30,3,13,13,5,2,2,2,2,2,2,2,2,2,2,8,0,1,0,7,6,4,4,1,0,2,1,0,1,1,1,2,1,1,1,2024-01-06 02:05:49,4
941,937,867,849,0,0,13,0,7,7,7,7,30,7,6,6,7,0,0,0,0,0,0,0,0,0,1,2,1,3,0,0,0,4,4,0,0,0,0,0,0,0,0,0,0,0,2,2024-01-06 02:07:49,0
933,927,872,862,0,0,12,0,11,8,8,8,30,8,4,4,8,0,0,0,0,0,0,0,0,0,1,2,0,2,3,8,6,4,4,0,0,2,0,0,1,1,1,2,1,0,0,2024-01-06 02:09:49,0
918,914,1230,878,6,5,10,2,5,5,5,5,30,6,4,4,6,1,1,1,1,1,1,1,1,1,1,1,1,1,0,0,0,4,4,0,0,0,2,0,0,0,0,0,0,1,0,2024-01-06 02:11:49,0
939,938,864,854,0,0,10,0,3,3,3,3,45,3,7,7,3,0,0,0,0,0,0,0,0,0,0,0,0,1,0,8,6,4,4,0,0,2,0,0,1,1,1,2,1,0,1,2024-01-06 02:13:49,0
932,927,1201,843,6,5,19,2,7,8,7,7,30,7,10,10,9,1,1,1,1,1,1,1,1,1,1,3,3,2,0,8,6,4,4,0,0,2,0,0,1,1,1,2,1,0,1,2024-01-06 02:15:49,0
934,932,858,842,6,5,16,2,5,6,5,5,30,6,9,9,7,1,1,1,1,1,1,1,1,1,3,1,3,0,0,0,0,4,4,0,0,0,0,0,0,0,0,0,0,1,2,2024-01-06 02:17:49,0
932,931,851,844,0,0,8,0,6,4,6,6,30,6,4,4,4,1,1,0,0,0,0,0,0,0,0,1,0,0,0,8,6,4,4,0,0,2,0,0,1,1,1,2,1,0,0,2024-01-06 02:19:49,0
906,901,1201,838,6,5,20,2,5,6,5,5,30,5,13,13,7,1,1,2,1,1,1,1,1,1,1,2,0,1,0,0,0,4,4,0,1,0,1,1,0,0,0,0,0,0,0,2024-01-06 02:21:49,0
949,945,906,889,6,5,17,2,8,9,8,8,45,9,7,7,10,1,1,1,1,1,1,1,1,1,0,2,0,3,0,3,6,4,4,0,0,2,1,0,1,1,1,2,1,1,1,2024-01-06 02:23:49,0
965,942,1240,868,36,30,33,17,27,16,16,16,30,16,11,11,22,11,11,11,6,6,11,6,6,6,0,3,11,1,11,8,6,4,4,0,0,2,0,0,1,1,1,2,1,0,1,2024-01-06 02:25:49,0
931,930,856,839,0,0,15,0,4,5,4,4,30,4,10,10,5,0,0,0,0,0,0,0,0,0,2,0,1,1,0,0,0,4,4,0,0,0,0,0,0,0,0,0,0,0,2,2024-01-06 02:27:49,0
932,930,889,879,6,5,11,2,5,3,5,5,30,6,7,7,4,1,1,1,1,1,1,1,1,1,0,2,0,2,0,9,6,4,4,0,0,2,0,0,1,1,1,2,1,1,0,2024-01-06 02:29:49,3
932,926,1325,963,12,10,18,7,6,6,7,7,30,8,10,10,8,5,5,5,2,2,5,2,2,2,2,5,1,2,0,0,0,4,4,0,0,0,0,0,0,0,0,0,0,1,0,2024-01-06 02:31:49,3
938,930,965,943,0,0,22,0,7,7,7,7,45,7,15,15,7,4,4,4,0,0,0,0,0,0,1,4,1,2,0,7,6,4,4,0,4,2,1,0,1,1,1,2,1,0,1,2024-01-06 02:33:49,0
921,920,1052,696,6,5,19,2,1,3,1,1,30,2,15,15,4,1,1,1,1,1,1,1,1,1,1,6,0,1,0,9,6,4,4,0,0,2,0,0,1,1,1,2,1,1,1,2024-01-06 02:35:49,0
938,936,10,0,0,0,15,0,5,6,5,5,30,5,9,9,6,0,0,0,0,0,0,0,0,0,4,5,1,1,0,0,0,4,4,0,0,0,0,0,0,0,0,0,0,0,2,2024-01-06 02:37:49,0
945,941,5,0,0,0,9,0,5,3,4,4,30,4,6,6,3,0,0,0,0,0,0,0,0,0,0,4,0,2,1,9,6,4,4,0,0,2,0,0,1,1,1,2,1,0,0,2024-01-06 02:39:49,0
933,933,355,0,6,5,16,2,4,3,4,4,30,5,12,12,4,1,1,1,1,1,1,1,1,1,1,5,0,0,0,0,0,4,4,0,0,0,0,0,0,0,0,0,0,1,0,2024-01-06 02:41:49,0
914,913,14,0,0,0,19,0,4,5,4,4,45,4,14,14,5,0,0,0,0,0,0,0,0,0,1,5,0,1,0,3,6,4,4,0,0,2,0,0,1,1,1,2,1,0,1,2024-01-06 02:43:49,0
929,926,363,0,6,5,15,2,4,3,4,4,15,4,11,11,4,1,1,1,1,1,1,1,1,1,0,1,0,3,0,0,0,4,4,0,0,0,0,0,0,0,0,0,0,0,1,2024-01-06 02:45:49,0
936,936,872,857,6,5,15,2,2,3,2,2,45,2,11,11,4,1,1,1,1,1,1,1,1,1,1,1,1,0,0,9,6,4,4,0,0,2,0,0,1,1,1,2,1,0,2,2024-01-06 02:47:49,0
936,930,892,871,12,10,21,4,8,9,8,8,30,8,9,9,12,6,6,6,2,2,2,2,2,2,0,1,0,2,0,4,6,4,4,1,4,2,0,0,1,1,1,2,1,1,0,2024-01-06 02:49:49,0
928,920,1235,867,0,0,12,0,7,7,7,7,30,7,5,5,7,4,4,4,0,0,0,0,0,0,0,1,0,4,0,0,0,4,4,0,4,0,0,0,0,0,0,0,0,0,0,2024-01-06 02:51:49,0
932,927,885,873,6,5,9,2,2,1,2,2,45,3,7,7,2,5,5,5,1,1,1,1,1,1,0,0,0,1,0,9,6,4,4,0,4,2,0,0,1,1,1,2,1,1,1,2024-01-06 02:53:49,0
935,924,1069,828,0,0,25,0,14,14,14,14,15,13,11,11,15,4,4,4,0,0,0,0,0,0,1,1,0,7,0,0,0,4,4,1,4,0,0,0,0,0,0,0,0,0,1,2024-01-06 02:55:49,6
946,936,866,847,12,10,17,5,9,7,8,8,45,7,6,6,10,7,7,7,2,2,3,2,2,2,0,0,2,2,1,8,6,4,4,1,4,2,0,0,1,1,1,2,1,0,2,2024-01-06 02:57:49,3
937,933,862,857,6,5,8,2,3,2,3,3,30,3,5,5,3,5,5,5,1,1,1,1,1,1,0,4,0,0,0,9,6,4,4,0,4,2,0,0,1,1,1,2,1,0,0,2024-01-06 02:59:49,0
923,917,1184,825,6,5,11,2,2,1,2,2,30,3,9,9,2,5,5,5,1,1,1,1,1,1,0,4,1,0,0,0,0,4,4,0,4,0,0,0,0,0,0,0,0,1,0,2024-01-06 03:01:49,0
950,943,913,893,12,10,22,4,6,7,6,6,45,8,13,13,9,6,6,6,2,2,2,2,2,2,3,4,0,3,0,7,6,4,4,0,4,2,0,0,1,1,1,2,1,2,1,2024-01-06 03:03:49,0
933,926,1202,852,0,0,12,0,4,3,4,4,15,3,8,8,4,4,4,4,0,0,0,0,0,0,1,3,0,3,1,0,0,4,4,1,4,0,0,0,0,0,0,0,0,0,1,2024-01-06 03:05:49,1
941,937,857,840,0,0,12,0,2,3,2,2,45,2,9,9,3,4,4,4,0,0,0,0,0,0,1,5,0,0,0,8,6,4,4,0,4,2,0,0,1,1,1,2,1,0,2,2024-01-06 03:07:49,0
934,927,884,881,0,0,5,0,3,1,2,2,30,2,4,4,1,4,4,4,0,0,0,0,0,0,0,2,0,1,1,7,6,4,4,0,4,2,0,0,1,1,1,2,1,0,0,2024-01-06 03:09:49,0
922,921,1306,958,6,5,7,5,2,2,3,3,30,3,4,4,3,4,4,4,1,1,4,1,1,1,1,1,0,0,0,0,0,4,4,0,0,0,0,0,0,0,0,0,0,0,0,2024-01-06 03:11:49,3
936,927,989,973,6,5,14,2,6,6,6,6,45,7,7,7,7,8,8,8,1,1,1,1,1,1,0,0,0,1,0,9,6,4,4,0,7,2,0,0,1,1,1,2,1,1,1,2024-01-06 03:13:49,0
933,932,1018,665,6,5,18,2,2,2,2,2,15,3,15,15,3,1,1,1,1,1,1,1,1,1,1,8,1,0,0,0,0,4,4,0,0,0,0,0,0,0,0,0,0,1,1,2024-01-06 03:15:49,0
934,932,10,0,0,0,11,0,2,2,2,2,45,2,9,9,2,0,0,0,0,0,0,0,0,0,1,1,0,1,0,8,6,4,4,0,0,2,0,0,1,1,1,2,1,0,2,2024-01-06 03:17:49,0
922,922,7,0,6,5,7,2,2,3,2,2,30,2,3,3,4,1,1,1,1,1,1,1,1,1,0,0,1,0,0,3,6,4,4,0,0,2,0,0,1,1,1,2,1,0,0,2024-01-06 03:19:49,0
921,921,352,0,0,0,12,0,0,0,0,0,30,0,12,12,0,0,0,0,0,0,0,0,0,0,0,3,0,0,0,0,0,4,4,0,0,0,0,0,0,0,0,0,0,0,0,2024-01-06 03:21:49,0
932,930,8,0,6,5,9,2,2,2,2,2,45,2,6,6,3,1,1,1,1,1,1,1,1,1,0,0,0,2,0,6,6,4,3,0,0,2,0,0,1,1,1,2,1,0,1,2024-01-06 03:23:49,2
928,927,359,0,6,5,17,2,5,5,5,5,15,6,11,11,6,1,1,1,1,1,1,1,1,1,0,3,0,1,0,0,0,4,4,0,0,0,0,0,0,0,0,0,0,1,1,2024-01-06 03:25:49,0
936,933,883,863,6,5,15,2,5,4,6,6,45,5,10,10,5,1,1,1,1,1,1,1,1,1,2,0,0,0,0,3,6,4,3,0,0,2,2,0,1,1,1,2,1,1,2,2024-01-06 03:27:49,1
935,932,872,862,6,5,10,2,5,4,5,5,15,4,5,5,5,1,1,1,1,1,1,1,1,1,1,0,1,1,0,0,0,4,4,0,0,0,0,0,0,0,0,0,0,0,0,2024-01-06 03:29:49,0
893,889,1240,881,0,0,15,0,6,6,6,6,45,6,9,9,6,0,0,0,0,0,0,0,0,0,0,4,0,4,0,8,6,4,4,0,0,2,0,0,1,1,1,2,1,0,0,2024-01-06 03:31:49,0
964,959,886,867,6,5,19,5,5,5,5,5,45,5,13,13,6,8,8,8,1,1,4,1,1,1,0,2,0,1,0,2,6,4,4,0,4,2,0,0,1,1,1,2,1,0,1,2024-01-06 03:33:49,0
929,927,1199,844,6,5,14,2,2,2,2,2,15,3,11,11,3,1,1,1,1,1,1,1,1,1,1,2,0,2,0,0,0,4,4,0,0,0,0,0,0,0,0,0,0,1,1,2024-01-06 03:35:49,0
936,936,861,851,12,10,9,4,0,3,0,0,45,1,4,4,5,2,2,2,2,2,2,2,2,2,0,0,0,0,0,6,6,4,4,0,0,2,0,0,1,1,1,2,1,1,2,2024-01-06 03:37:49,0
932,927,856,848,6,5,6,2,9,3,9,9,15,9,2,2,4,1,1,1,1,1,1,1,1,1,0,0,0,1,0,0,0,4,4,0,0,0,1,0,0,0,0,0,0,1,0,2024-01-06 03:39:49,0
908,908,1197,839,6,5,13,3,4,4,4,4,45,4,8,8,5,2,2,2,1,1,2,1,1,1,0,1,0,0,0,7,6,4,4,0,0,2,0,0,1,1,1,2,1,0,0,2024-01-06 03:41:49,0
939,938,927,915,6,5,12,4,1,1,1,1,45,1,10,10,2,3,3,3,1,1,3,1,1,1,0,1,0,1,0,8,6,4,4,0,0,2,0,0,1,1,1,2,1,0,1,2024-01-06 03:43:49,0
926,926,1243,876,0,0,15,0,4,4,4,4,15,4,11,11,4,0,0,0,0,0,0,0,0,0,0,1,0,0,0,0,0,4,4,0,0,0,0,0,0,0,0,0,0,0,1,2024-01-06 03:45:49,0
929,929,832,821,0,0,12,0,1,1,1,1,45,1,11,11,1,0,0,0,0,0,0,0,0,0,0,1,0,0,0,9,6,4,4,0,0,2,0,0,1,1,1,2,1,0,2,2024-01-06 03:47:49,0
920,920,923,909,10,8,14,3,2,3,2,2,15,3,9,9,5,1,1,1,2,2,1,2,2,2,0,1,1,0,0,0,0,4,4,0,0,0,0,0,0,0,0,0,0,1,0,2024-01-06 03:49:49,0
928,928,1312,948,6,5,7,2,1,1,1,1,45,2,5,5,2,1,1,1,1,1,1,1,1,1,0,1,0,0,0,8,6,4,4,0,0,2,0,0,1,1,1,2,1,1,0,2024-01-06 03:51:49,0
940,937,971,959,8,7,12,3,4,2,2,2,45,2,8,8,4,2,2,2,1,1,2,1,1,1,2,1,1,0,2,8,6,4,4,0,0,2,0,0,1,1,1,2,1,0,1,2024-01-06 03:53:49,1
928,925,960,604,0,0,14,0,2,1,3,3,15,2,12,12,2,0,0,0,0,0,0,0,0,0,2,2,1,0,0,0,0,4,4,1,0,0,1,0,0,0,0,0,0,0,1,2024-01-06 03:55:49,3
935,932,14,0,0,0,10,0,3,4,3,3,45,3,6,6,4,0,0,0,0,0,0,0,0,0,2,0,2,2,0,9,6,4,4,0,0,2,0,0,1,1,1,2,1,0,2,2024-01-06 03:57:49,0
917,912,7,0,0,0,10,0,5,6,5,5,15,5,4,4,6,0,0,0,0,0,0,0,0,0,0,3,0,4,0,0,0,4,4,0,0,0,0,0,0,0,0,0,0,0,0,2024-01-06 03:59:49,0
933,930,360,0,18,15,15,6,4,3,3,3,45,4,9,9,6,3,3,3,3,3,3,3,3,3,1,4,2,0,1,6,6,4,4,0,0,2,0,0,1,1,1,2,1,1,0,2024-01-06 04:01:49,0
945,940,13,0,12,10,15,5,1,1,1,1,30,2,12,12,3,7,7,7,2,2,3,2,2,2,0,3,0,1,0,0,0,4,4,0,4,0,0,0,0,0,0,0,0,1,1,2024-01-06 04:03:49,0
933,932,353,0,6,5,12,2,3,4,3,3,30,3,7,7,5,1,1,1,1,1,1,1,1,1,0,2,0,0,0,8,6,4,4,0,0,2,1,0,1,1,1,2,1,0,1,2024-01-06 04:05:49,0
940,936,876,862,0,0,10,0,5,1,3,3,45,3,9,9,1,0,0,0,0,0,0,0,0,0,0,5,0,1,2,3,6,4,4,0,0,2,0,0,1,1,1,2,1,0,2,2024-01-06 04:07:49,0
918,917,870,866,6,5,4,2,1,0,1,1,15,2,3,3,1,1,1,1,1,1,1,1,1,1,0,1,0,1,0,0,0,4,4,0,0,0,0,0,0,0,0,0,0,1,0,2024-01-06 04:09:49,3
920,919,1226,879,0,0,10,0,2,2,2,2,45,2,8,8,2,0,0,0,0,0,0,0,0,0,1,5,1,0,0,7,6,4,4,0,0,2,0,0,1,1,1,2,1,0,0,2024-01-06 04:11:49,0
940,939,862,849,12,10,11,4,2,2,2,2,30,4,7,7,4,2,2,2,2,2,2,2,2,2,0,0,0,1,0,0,0,4,4,0,0,0,0,0,0,0,0,0,0,2,1,2024-01-06 04:13:49,0
935,933,1191,839,0,0,14,0,3,3,3,3,30,3,11,11,3,0,0,0,0,0,0,0,0,0,1,4,1,1,0,8,6,4,4,0,0,2,0,0,1,1,1,2,1,0,1,2024-01-06 04:15:49,0
934,934,834,826,0,0,11,0,0,0,0,0,45,0,11,11,0,0,0,0,0,0,0,0,0,0,0,3,0,0,0,3,6,4,4,0,0,2,0,0,1,1,1,2,1,0,2,2024-01-06 04:17:49,0
914,914,860,854,6,5,6,2,2,2,2,2,15,2,3,3,3,1,1,1,1,1,1,1,1,1,0,0,0,0,0,0,0,4,4,0,0,0,0,0,0,0,0,0,0,0,0,2024-01-06 04:19:49,0
917,917,1191,838,0,0,12,0,0,0,0,0,45,0,12,12,0,0,0,0,0,0,0,0,0,0,0,2,0,0,0,8,6,4,4,0,0,2,0,0,1,1,1,2,1,0,0,2024-01-06 04:21:49,0
941,940,897,888,0,0,9,0,5,4,5,5,30,5,5,5,4,0,0,0,0,0,0,0,0,0,0,0,0,0,0,0,0,4,4,0,0,0,0,0,0,0,0,0,0,0,1,2024-01-06 04:23:49,0
926,925,1236,876,18,15,16,6,3,2,3,3,30,4,10,10,6,3,3,3,3,3,3,3,3,3,0,2,1,1,1,7,6,4,4,1,0,2,0,0,1,1,1,2,1,2,1,2024-01-06 04:25:49,1
925,925,853,837,0,0,11,0,1,1,1,1,45,1,10,10,1,0,0,0,0,0,0,0,0,0,0,0,0,0,0,7,6,4,4,0,0,2,0,0,1,1,1,2,1,0,2,2024-01-06 04:27:49,0
932,931,897,891,0,0,8,0,1,1,1,1,15,1,7,7,1,0,0,0,0,0,0,0,0,0,0,2,0,0,0,0,0,4,4,0,0,0,1,0,0,0,0,0,0,0,0,2024-01-06 04:29:49,0
934,929,1332,968,6,5,17,2,8,7,7,7,45,7,9,9,8,1,1,1,1,1,1,1,1,1,0,4,1,3,1,8,6,4,4,0,0,2,0,0,1,1,1,2,1,0,0,2024-01-06 04:31:49,0
939,934,990,977,0,0,17,0,2,2,2,2,30,2,15,15,2,4,4,4,0,0,0,0,0,0,1,4,0,1,0,0,0,4,4,0,4,0,0,0,0,0,0,0,0,0,1,2024-01-06 04:33:49,0
932,928,996,637,12,10,18,4,5,5,5,5,30,6,11,11,7,2,2,2,2,2,2,2,2,2,2,2,2,2,0,7,6,4,4,0,0,2,0,0,1,1,1,2,1,1,1,2024-01-06 04:35:49,0
926,925,9,0,10,8,7,4,2,1,2,2,45,3,4,4,3,1,1,2,2,2,2,2,2,2,0,0,0,0,0,8,6,4,4,0,0,2,0,0,1,1,1,2,1,1,2,2024-01-06 04:37:49,0
930,927,4,0,2,2,4,0,3,1,2,2,15,2,3,3,1,1,1,0,0,0,0,0,0,0,1,1,1,0,1,0,0,4,4,0,0,0,0,0,0,0,0,0,0,0,0,2024-01-06 04:39:49,0
918,917,351,0,0,0,9,0,1,1,1,1,45,1,8,8,1,0,0,0,0,0,0,0,0,0,0,1,1,0,0,3,6,4,4,0,0,2,0,0,1,1,1,2,1,0,0,2024-01-06 04:41:49,0
944,943,13,0,6,5,12,2,1,2,1,1,30,2,9,9,3,1,1,1,1,1,1,1,1,1,0,0,1,1,0,0,0,4,4,0,0,0,0,0,0,0,0,0,0,1,1,2024-01-06 04:43:49,0
907,906,359,0,0,0,11,0,1,0,1,1,30,1,11,11,0,0,0,0,0,0,0,0,0,0,0,1,0,0,0,9,6,4,4,0,0,2,0,0,1,1,1,2,1,0,1,2024-01-06 04:45:49,0
935,935,873,860,6,5,13,2,0,1,0,0,30,1,11,11,2,1,1,1,1,1,1,1,1,1,0,1,0,0,0,0,0,4,4,0,0,0,0,0,0,0,0,0,0,1,2,2024-01-06 04:47:49,0
932,930,899,884,12,10,15,4,3,3,3,3,30,4,10,10,5,2,2,2,2,2,2,2,2,2,0,2,0,1,0,8,6,4,4,0,0,2,0,0,1,1,1,2,1,1,0,2024-01-06 04:49:49,0
919,917,1219,850,6,5,13,2,6,7,6,6,45,6,5,5,8,1,1,1,1,1,1,1,1,1,2,1,0,2,0,8,6,4,4,0,0,2,0,0,1,1,1,2,1,0,0,2024-01-06 04:51:49,1
944,944,868,857,0,0,9,0,1,1,1,1,30,1,8,8,1,0,0,0,0,0,0,0,0,0,0,1,0,0,0,0,0,4,4,0,0,0,0,0,0,0,0,0,0,0,1,2024-01-06 04:53:49,0
909,908,1182,826,0,0,13,0,2,2,2,2,30,2,11,11,2,0,0,0,0,0,0,0,0,0,0,1,0,1,0,8,6,4,4,0,0,2,0,0,1,1,1,2,1,0,1,2024-01-06 04:55:49,0
934,933,830,817,6,5,9,2,1,2,1,1,30,1,6,6,3,1,1,1,1,1,1,1,1,1,0,0,1,1,0,0,0,4,4,0,0,0,0,0,0,0,0,0,0,0,2,2024-01-06 04:57:49,0
949,931,862,854,12,10,8,4,4,3,4,4,30,6,3,3,5,18,18,18,2,2,2,2,2,2,0,2,0,0,0,7,6,4,4,0,16,2,1,0,1,1,1,2,1,2,0,2024-01-06 04:59:49,0
927,925,1137,781,0,0,13,0,6,4,6,6,45,6,9,9,4,0,0,0,0,0,0,0,0,0,0,4,0,1,0,5,6,4,4,0,0,2,0,0,1,1,1,2,1,0,0,2024-01-06 05:01:49,0
925,919,798,784,6,5,15,2,5,4,4,4,30,4,10,10,5,5,5,5,1,1,1,1,1,1,0,1,1,0,1,0,0,4,4,0,4,0,0,0,0,0,0,0,0,0,1,2024-01-06 05:03:49,0
926,925,1235,880,0,0,9,0,2,2,1,1,30,1,7,7,2,0,0,0,0,0,0,0,0,0,1,2,0,1,0,8,6,4,4,0,0,2,0,0,1,1,1,2,1,0,1,2024-01-06 05:05:49,0
939,939,872,858,6,5,11,2,2,2,3,3,30,3,8,8,3,1,1,1,1,1,1,1,1,1,1,4,0,0,0,0,0,4,4,0,0,0,0,0,0,0,0,0,0,0,2,2024-01-06 05:07:49,0
932,929,868,861,0,0,5,0,4,2,3,3,30,3,3,3,2,0,0,0,0,0,0,0,0,0,1,1,1,0,1,8,6,4,4,0,0,2,0,0,1,1,1,2,1,0,0,2024-01-06 05:09:49,0
917,917,1319,967,12,10,10,4,2,3,2,2,45,4,5,5,5,2,2,2,2,2,2,2,2,2,2,2,0,0,0,9,6,4,4,0,0,2,0,0,1,1,1,2,1,2,0,2024-01-06 05:11:49,0
934,931,969,961,0,0,9,0,7,1,6,6,30,5,7,7,2,0,0,0,0,0,0,0,0,0,1,0,0,0,1,0,0,4,2,1,0,0,0,0,0,0,0,0,0,0,1,2024-01-06 05:13:49,0
927,925,1200,847,6,5,15,2,1,2,2,2,30,3,12,12,3,1,1,1,1,1,1,1,1,1,1,5,0,1,0,8,6,4,4,0,0,2,0,0,1,1,1,2,1,1,1,2024-01-06 05:15:49,1
939,938,10,0,0,0,13,0,2,2,2,2,30,2,11,11,2,0,0,0,0,0,0,0,0,0,1,3,1,0,0,0,0,4,4,0,0,0,0,0,0,0,0,0,0,0,2,2024-01-06 05:17:49,0
925,922,10,0,0,0,12,0,8,7,8,8,30,7,4,4,8,0,0,0,0,0,0,0,0,0,0,1,0,3,0,8,6,4,4,1,0,2,0,0,1,1,1,2,1,0,0,2024-01-06 05:19:49,2
926,925,358,0,12,10,17,4,2,2,2,2,30,4,13,13,4,2,2,2,2,2,2,2,2,2,0,3,1,0,0,0,0,4,4,0,0,0,0,0,0,0,0,0,0,2,0,2024-01-06 05:21:49,0
930,927,8,0,0,0,11,0,3,3,3,3,45,3,8,8,3,0,0,0,0,0,0,0,0,0,0,3,2,1,0,6,6,4,4,0,0,2,0,0,1,1,1,2,1,0,1,2024-01-06 05:23:49,0
935,935,352,0,0,0,12,0,1,2,1,1,30,1,10,10,2,0,0,0,0,0,0,0,0,0,0,2,0,0,0,8,6,4,4,0,0,2,0,0,1,1,1,2,1,0,1,2024-01-06 05:25:49,0
935,935,876,861,6,5,12,4,2,1,2,2,30,2,10,10,2,3,3,3,1,1,3,1,1,1,0,0,0,0,0,0,0,4,4,0,0,0,0,0,0,0,0,0,0,0,2,2024-01-06 05:27:49,0
916,916,860,852,6,5,8,2,2,2,2,2,30,2,5,5,3,1,1,1,1,1,1,1,1,1,0,0,1,0,0,8,6,4,4,0,0,2,0,0,1,1,1,2,1,0,0,2024-01-06 05:29:49,0
919,918,1222,868,0,0,10,0,1,1,1,1,30,1,9,9,1,0,0,0,0,0,0,0,0,0,0,4,0,1,0,0,0,4,4,0,0,0,0,0,0,0,0,0,0,0,0,2024-01-06 05:31:49,0
950,943,888,870,12,10,18,4,5,3,4,4,45,6,13,13,5,6,6,6,2,2,2,2,2,2,0,2,0,1,1,8,6,4,4,0,4,2,0,0,1,1,1,2,1,2,1,2024-01-06 05:33:49,0
931,928,1212,856,6,5,17,2,5,4,4,4,30,4,12,12,5,1,1,1,1,1,1,1,1,1,0,3,1,1,1,2,6,4,4,0,0,2,0,0,1,1,1,2,1,0,1,2024-01-06 05:35:49,0
937,934,838,833,0,0,5,0,3,1,2,2,30,2,4,4,1,0,0,0,0,0,0,0,0,0,0,0,0,1,1,0,0,4,4,0,0,0,0,0,0,0,0,0,0,0,2,2024-01-06 05:37:49,0
913,913,859,856,0,0,3,0,2,1,2,2,30,2,2,2,1,0,0,0,0,0,0,0,0,0,0,0,0,0,0,8,6,4,4,0,0,2,0,0,1,1,1,2,1,0,0,2024-01-06 05:39:49,0
926,925,1190,839,0,0,9,0,1,1,1,1,30,1,8,8,1,0,0,0,0,0,0,0,0,0,0,1,0,1,0,0,0,4,4,0,0,0,0,0,0,0,0,0,0,0,0,2024-01-06 05:41:49,0
926,925,908,897,0,0,11,0,2,2,2,2,45,2,9,9,2,0,0,0,0,0,0,0,0,0,0,0,0,1,0,9,6,4,4,0,0,2,0,0,1,1,1,2,1,0,1,2024-01-06 05:43:49,0
951,942,1253,881,12,10,22,10,13,9,10,10,30,11,11,11,11,8,8,8,2,2,8,2,2,2,0,1,0,3,3,9,6,4,4,0,0,2,1,0,1,1,1,2,1,1,1,2024-01-06 05:45:49,0
949,944,855,804,70,58,39,25,15,14,14,14,30,15,12,12,27,13,13,13,12,12,13,12,12,12,1,2,1,1,1,0,0,4,4,1,0,0,0,0,0,0,0,0,0,2,2,2024-01-06 05:47:49,1
922,920,911,894,2,2,16,1,6,7,6,6,30,6,9,9,7,1,1,1,0,0,1,0,0,0,0,1,0,2,0,8,6,4,4,0,0,2,0,0,1,1,1,2,1,0,0,2024-01-06 05:49:49,1
929,929,1319,958,0,0,5,0,1,0,1,1,30,1,5,5,0,0,0,0,0,0,0,0,0,0,0,1,0,0,0,0,0,4,4,0,0,0,0,0,0,0,0,0,0,0,0,2024-01-06 05:51:49,0
929,927,976,962,0,0,13,0,3,5,4,4,45,4,8,8,5,0,0,0,0,0,0,0,0,0,1,1,0,1,0,7,6,4,4,0,0,2,0,0,1,1,1,2,1,0,1,2024-01-06 05:53:49,3
929,928,1011,656,0,0,12,0,1,1,1,1,15,1,11,11,1,0,0,0,0,0,0,0,0,0,0,1,0,0,0,0,0,4,4,0,0,0,1,0,0,0,0,0,0,0,1,2024-01-06 05:55:49,0
925,924,13,0,6,5,9,2,1,1,1,1,45,2,7,7,2,1,1,1,1,1,1,1,1,1,0,1,0,1,0,8,6,4,4,0,0,2,0,0,1,1,1,2,1,1,2,2024-01-06 05:57:49,0
931,929,6,0,6,5,8,2,3,3,3,3,30,4,4,4,4,1,1,1,1,1,1,1,1,1,1,3,0,2,0,8,6,4,4,0,0,2,0,0,1,1,1,2,1,1,0,2024-01-06 05:59:49,0
937,932,379,0,20,17,38,13,8,10,8,8,30,6,23,23,15,10,10,10,3,3,10,3,3,3,2,4,4,2,1,0,0,4,4,2,0,0,0,0,0,0,0,0,0,0,0,2024-01-06 06:01:49,2
942,935,36,0,0,0,38,0,5,1,4,4,45,4,37,37,1,4,4,4,0,0,0,0,0,0,0,2,0,0,1,8,6,4,4,0,4,2,0,0,1,1,1,2,1,0,1,2024-01-06 06:03:49,0
922,916,357,0,6,5,20,2,8,7,9,9,15,7,11,11,9,1,1,1,1,1,1,1,1,1,1,4,1,4,0,0,0,4,4,0,0,0,0,0,0,0,0,0,0,0,1,2024-01-06 06:05:49,2
941,939,863,846,0,0,13,0,6,6,7,7,45,7,7,7,6,0,0,0,0,0,0,0,0,0,1,3,1,0,0,8,6,4,4,0,0,2,0,0,1,1,1,2,1,0,2,2024-01-06 06:07:49,3
938,933,871,858,12,10,12,4,7,7,7,7,30,9,3,3,9,2,2,2,2,2,2,2,2,2,0,1,0,4,0,9,6,4,4,0,0,2,0,0,1,1,1,2,1,2,0,2024-01-06 06:09:49,0
911,910,1234,883,0,0,11,0,4,5,4,4,30,4,6,6,5,0,0,0,0,0,0,0,0,0,0,2,1,1,0,0,0,4,4,0,0,0,0,0,0,0,0,0,0,0,0,2024-01-06 06:11:49,0
933,932,859,850,0,0,9,0,2,1,2,2,45,2,8,8,1,0,0,0,0,0,0,0,0,0,0,0,0,0,0,8,6,4,4,0,0,2,0,1,1,1,1,2,1,0,1,2024-01-06 06:13:49,0
934,932,1209,858,0,0,13,0,3,1,2,2,15,2,12,12,1,0,0,0,0,0,0,0,0,0,1,5,0,0,1,0,0,4,4,0,0,0,0,0,0,0,0,0,0,0,1,2024-01-06 06:15:49,0
941,936,853,839,6,5,15,2,8,5,5,5,45,5,9,9,6,1,1,1,1,1,1,1,1,1,0,1,1,0,3,7,6,4,4,0,0,2,0,0,1,1,1,2,1,0,2,2024-01-06 06:17:49,0
932,932,862,852,18,15,9,6,3,3,3,3,30,5,3,3,6,3,3,3,3,3,3,3,3,3,0,0,0,0,0,7,6,4,4,0,0,2,0,0,1,1,1,2,1,2,0,2024-01-06 06:19:49,2
928,926,1198,841,6,5,18,2,2,3,2,2,30,3,14,14,4,1,1,1,1,1,1,1,1,1,1,4,0,2,0,0,0,4,4,0,0,0,0,0,0,0,0,0,0,1,0,2024-01-06 06:21:49,0
930,929,919,907,6,5,10,2,2,2,2,2,45,2,6,6,4,1,1,1,1,1,1,1,1,1,1,1,0,1,0,9,6,4,4,0,0,2,0,0,1,1,1,2,1,0,1,2024-01-06 06:23:49,1
928,926,1226,875,0,0,13,0,2,1,2,2,15,2,12,12,1,0,0,0,0,0,0,0,0,0,0,4,0,1,0,0,0,4,4,0,0,0,1,0,0,0,0,0,0,0,1,2024-01-06 06:25:49,0
931,928,845,829,0,0,15,0,3,4,3,3,45,3,11,11,4,0,0,0,0,0,0,0,0,0,2,1,2,2,0,8,6,4,4,0,0,2,0,0,1,1,1,2,1,0,2,2024-01-06 06:27:49,0
933,930,913,905,0,0,9,0,4,3,4,4,30,4,6,6,3,0,0,0,0,0,0,0,0,0,0,1,2,0,0,8,6,4,4,0,0,2,0,0,1,1,1,2,1,0,0,2024-01-06 06:29:49,0
909,907,1336,974,12,10,11,4,2,3,2,2,30,3,7,7,5,2,2,2,2,2,2,2,2,2,1,2,1,1,0,0,0,4,4,0,0,0,0,0,0,0,0,0,0,1,0,2024-01-06 06:31:49,0
963,954,977,951,12,10,30,7,12,11,13,13,45,13,16,16,13,7,7,7,2,2,5,2,2,2,0,5,0,3,0,8,6,4,4,0,2,2,2,0,1,1,1,2,1,1,1,2024-01-06 06:33:49,5
912,912,972,619,0,0,13,0,2,2,2,2,15,2,11,11,2,0,0,0,0,0,0,0,0,0,1,2,0,0,0,0,0,4,4,0,0,0,0,0,0,0,0,0,0,0,1,2024-01-06 06:35:49,0
942,938,14,0,6,5,13,2,7,6,6,6,45,6,6,6,7,1,1,1,1,1,1,1,1,1,3,2,2,1,1,7,6,4,4,0,0,2,0,0,1,1,1,2,1,0,2,2024-01-06 06:37:49,0
921,913,10,0,6,5,14,2,13,7,12,12,15,8,3,3,11,1,1,1,1,1,1,1,1,1,2,1,0,5,2,0,0,4,4,3,0,0,0,0,0,0,0,0,0,0,0,2024-01-06 06:39:49,6
939,936,356,0,0,0,20,0,7,6,7,7,45,6,13,13,7,0,0,0,0,0,0,0,0,0,0,6,0,3,0,7,6,4,4,1,0,2,0,0,1,1,1,2,1,0,0,2024-01-06 06:41:49,3
936,936,15,0,12,10,14,4,0,2,0,0,45,2,10,10,4,2,2,2,2,2,2,2,2,2,0,1,0,0,0,8,6,4,4,0,0,2,0,0,1,1,1,2,1,2,1,2024-01-06 06:43:49,0
930,928,362,0,0,0,15,0,4,3,4,4,15,4,12,12,3,0,0,0,0,0,0,0,0,0,1,2,0,2,0,0,0,4,4,0,0,0,0,0,0,0,0,0,0,0,1,2024-01-06 06:45:49,0
939,935,872,855,6,5,17,2,6,5,6,6,45,6,11,11,6,1,1,1,1,1,1,1,1,1,0,1,1,2,0,6,6,4,4,0,0,2,0,0,1,1,1,2,1,0,2,2024-01-06 06:47:49,0
926,922,893,874,6,5,21,2,11,10,11,11,15,11,10,10,11,1,1,1,1,1,1,1,1,1,1,2,0,3,0,0,0,4,4,0,0,0,0,0,0,0,0,0,0,0,0,2024-01-06 06:49:49,0
918,918,1233,871,0,0,6,0,0,0,0,0,45,0,6,6,0,0,0,0,0,0,0,0,0,0,0,2,0,0,0,7,6,4,4,0,0,2,0,0,1,1,1,2,1,0,0,2024-01-06 06:51:49,0
938,937,864,851,6,5,11,2,3,2,3,3,45,4,8,8,3,1,1,1,1,1,1,1,1,1,0,1,0,1,0,7,6,4,3,0,0,2,0,0,1,1,1,2,1,1,1,2024-01-06 06:53:49,0
934,929,1213,848,12,10,20,4,6,7,6,6,15,8,11,11,9,2,2,2,2,2,2,2,2,2,0,1,0,3,0,0,0,4,5,0,0,0,2,0,0,0,0,0,0,2,1,2024-01-06 06:55:49,0
935,932,870,845,0,0,15,0,8,9,8,8,45,8,6,6,9,0,0,0,0,0,0,0,0,0,0,0,0,1,0,8,6,4,3,0,0,2,1,0,1,1,1,2,1,0,2,2024-01-06 06:57:49,0
938,931,858,847,6,5,14,3,11,8,11,11,15,10,4,4,10,2,2,2,1,1,2,1,1,1,1,3,1,4,0,0,0,4,4,1,0,0,0,0,0,0,0,0,0,0,0,2024-01-06 06:59:49,2
913,908,1185,823,6,5,18,2,8,8,8,8,45,8,9,9,9,1,1,1,1,1,1,1,1,1,0,3,0,4,0,8,6,4,3,0,0,2,1,0,1,1,1,2,1,0,0,2024-01-06 07:01:49,0
948,942,918,901,6,5,17,2,5,6,5,5,45,5,10,10,7,5,5,5,1,1,1,1,1,1,0,1,1,2,0,8,6,4,4,0,4,2,0,0,1,1,1,2,1,0,1,2024-01-06 07:03:49,0
934,933,1215,863,0,0,17,0,4,5,4,4,15,4,12,12,5,0,0,0,0,0,0,0,0,0,1,7,0,1,0,0,0,4,4,0,0,0,0,0,0,0,0,0,0,0,1,2024-01-06 07:05:49,0
937,936,857,840,6,5,8,2,1,1,1,1,45,2,6,6,2,1,1,1,1,1,1,1,1,1,1,2,1,0,0,8,6,4,4,0,0,2,0,0,1,1,1,2,1,1,2,2024-01-06 07:07:49,0
934,930,905,895,6,5,11,2,8,6,7,7,15,8,4,4,7,1,1,1,1,1,1,1,1,1,1,2,1,0,1,0,0,4,4,0,0,0,1,0,0,0,0,0,0,1,0,2024-01-06 07:09:49,0
907,905,1327,979,6,5,7,2,2,2,1,1,45,1,4,4,3,1,1,1,1,1,1,1,1,1,1,1,2,0,1,7,6,4,4,0,0,2,0,0,1,1,1,2,1,0,0,2024-01-06 07:11:49,0
946,943,970,958,6,5,14,5,4,3,4,4,45,4,10,10,4,4,4,4,1,1,4,1,1,1,1,3,1,1,0,9,6,4,4,0,0,2,0,0,1,1,1,2,1,0,1,2024-01-06 07:13:49,0
934,927,991,637,0,0,19,0,8,5,5,5,15,5,14,14,5,0,0,0,0,0,0,0,0,0,1,7,0,3,3,0,0,4,4,0,0,0,0,0,0,0,0,0,0,0,1,2024-01-06 07:15:49,0
941,941,17,0,6,5,20,2,8,7,8,8,45,9,12,12,8,1,1,1,1,1,1,1,1,1,0,4,0,0,0,7,6,4,4,0,0,2,0,0,1,1,1,2,1,1,2,2024-01-06 07:17:49,0
932,929,13,0,6,5,13,2,6,8,6,6,15,7,4,4,9,1,1,1,1,1,1,1,1,1,0,1,0,3,0,0,0,4,4,0,0,0,0,0,0,0,0,0,0,1,0,2024-01-06 07:19:49,0
905,902,358,0,0,0,20,0,6,6,6,6,45,6,14,14,6,0,0,0,0,0,0,0,0,0,0,4,0,1,0,9,6,4,4,0,0,2,2,0,1,1,1,2,1,0,0,2024-01-06 07:21:49,0
937,934,13,0,0,0,15,0,9,7,9,9,30,7,6,6,9,0,0,0,0,0,0,0,0,0,1,0,0,1,0,0,0,4,4,2,0,0,1,1,0,0,0,0,0,0,1,2024-01-06 07:23:49,2
938,936,356,0,12,10,16,4,3,2,3,3,30,3,12,12,4,2,2,2,2,2,2,2,2,2,1,4,0,1,0,8,6,4,4,0,0,2,0,0,1,1,1,2,1,1,1,2024-01-06 07:25:49,2
941,934,880,857,6,5,22,2,9,9,9,9,45,10,12,12,10,1,1,1,1,1,1,1,1,1,3,2,3,3,0,9,6,4,4,0,0,2,0,0,1,1,1,2,1,1,2,2024-01-06 07:27:49,3
926,923,878,871,0,0,11,0,4,2,4,4,15,4,9,9,2,0,0,0,0,0,0,0,0,0,2,4,1,1,0,0,0,4,4,0,0,0,0,0,0,0,0,0,0,0,0,2024-01-06 07:29:49,0
930,928,1253,890,12,10,18,4,5,6,5,5,45,7,10,10,8,2,2,2,2,2,2,2,2,2,2,5,3,0,0,9,6,4,4,0,0,2,0,0,1,1,1,2,1,2,0,2024-01-06 07:31:49,0
950,941,869,843,6,5,27,5,14,14,14,14,30,14,12,12,15,8,8,8,1,1,4,1,1,1,0,1,0,4,0,0,0,4,4,0,4,0,1,0,0,0,0,0,0,0,1,2024-01-06 07:33:49,0
931,929,1202,846,6,5,18,2,4,3,3,3,30,3,14,14,4,1,1,1,1,1,1,1,1,1,2,5,1,0,1,8,6,4,4,0,0,2,0,0,1,1,1,2,1,0,1,2024-01-06 07:35:49,0
936,933,842,834,0,0,9,0,5,4,5,5,45,5,5,5,4,0,0,0,0,0,0,0,0,0,1,1,0,1,0,9,6,4,4,0,0,2,0,0,1,1,1,2,1,0,2,2024-01-06 07:37:49,0
913,911,877,865,12,10,11,4,6,6,6,6,15,7,3,3,8,2,2,2,2,2,2,2,2,2,1,1,1,0,0,0,0,4,4,0,0,0,0,0,0,0,0,0,0,1,0,2024-01-06 07:39:49,0
933,929,1201,841,18,15,14,7,4,3,3,3,45,4,8,8,6,4,4,4,3,3,4,3,3,3,1,1,1,1,1,8,6,4,4,0,0,2,0,0,1,1,1,2,1,1,0,2024-01-06 07:41:49,0
943,942,940,919,8,7,19,4,7,7,7,7,30,8,11,11,8,2,2,2,1,1,2,1,1,1,0,1,0,1,0,0,0,4,4,0,0,0,0,0,0,0,0,0,0,1,1,2024-01-06 07:43:49,0
937,934,1230,864,4,3,23,2,5,6,5,5,30,5,16,16,7,2,2,2,1,1,2,1,1,1,1,6,0,3,0,8,6,4,4,0,0,2,0,0,1,1,1,2,1,0,1,2024-01-06 07:45:49,0
934,931,837,818,0,0,23,0,10,9,9,9,45,9,14,14,9,0,0,0,0,0,0,0,0,0,0,4,0,1,1,8,6,4,4,0,0,2,0,0,1,1,1,2,1,0,2,2024-01-06 07:47:49,0
918,917,914,905,0,0,10,0,1,1,1,1,15,1,9,9,1,0,0,0,0,0,0,0,0,0,1,1,0,0,0,0,0,4,4,0,0,0,0,0,0,0,0,0,0,0,0,2024-01-06 07:49:49,0
923,919,1336,966,6,5,13,2,5,5,5,5,45,6,7,7,6,1,1,1,1,1,1,1,1,1,0,1,0,3,0,7,6,4,4,0,0,2,1,0,1,1,1,2,1,1,0,2024-01-06 07:51:49,0
943,942,971,958,6,5,12,2,2,2,2,2,30,3,9,9,3,1,1,1,1,1,1,1,1,1,0,2,0,1,0,0,0,4,4,0,0,0,0,0,0,0,0,0,0,1,1,2024-01-06 07:53:49,0
929,925,976,610,18,15,21,6,6,6,6,6,30,8,12,12,9,3,3,3,3,3,3,3,3,3,0,2,0,3,0,8,6,4,4,0,0,2,1,0,1,1,1,2,1,2,1,2024-01-06 07:55:49,0
936,928,27,0,0,0,23,0,16,16,16,16,30,16,7,7,16,0,0,0,0,0,0,0,0,0,2,0,0,7,0,0,0,4,4,0,0,0,1,1,0,0,0,0,0,0,2,2024-01-06 07:57:49,0
908,908,5,0,0,0,8,0,1,3,1,1,30,1,5,5,3,0,0,0,0,0,0,0,0,0,0,3,0,0,0,9,6,4,4,0,0,2,0,0,1,1,1,2,1,0,0,2024-01-06 07:59:49,0
1181,1179,546,2,534,445,114,237,6,6,6,6,45,6,19,19,95,148,148,148,89,89,148,89,89,89,1,7,1,0,0,7,6,4,4,0,0,2,0,0,1,1,1,2,1,0,0,2024-01-06 08:01:49,49
948,938,25,0,18,15,27,6,8,8,7,7,30,7,15,15,12,7,7,7,3,3,3,3,3,3,4,5,4,2,1,0,0,4,4,1,4,0,0,0,0,0,0,0,0,1,1,2024-01-06 08:03:49,0
959,945,358,0,12,10,30,5,13,8,14,14,30,13,15,15,15,3,3,3,2,2,3,2,2,2,6,10,1,6,1,9,6,4,4,1,0,2,3,0,1,1,1,2,1,0,1,2024-01-06 08:05:49,10
942,938,878,850,18,15,21,6,11,10,11,11,30,12,8,8,13,3,3,3,3,3,3,3,3,3,3,2,1,2,0,0,0,4,4,0,0,0,1,0,0,0,0,0,0,1,2,2024-01-06 08:07:49,0
923,918,869,856,0,0,19,0,14,10,13,13,30,13,9,9,10,0,0,0,0,0,0,0,0,0,1,6,1,2,1,9,6,4,4,0,0,2,0,0,1,1,1,2,1,0,0,2024-01-06 08:09:49,0
928,925,1246,893,0,0,12,0,5,7,5,5,45,5,5,5,7,0,0,0,0,0,0,0,0,0,3,1,1,2,0,9,6,4,4,0,0,2,0,0,1,1,1,2,1,0,0,2024-01-06 08:11:49,0
947,941,872,858,12,10,17,4,7,4,6,6,30,7,11,11,6,2,2,2,2,2,2,2,2,2,0,4,1,1,1,0,0,4,4,0,0,0,1,0,0,0,0,0,0,1,1,2024-01-06 08:13:49,0
946,935,1205,837,6,5,35,2,21,18,18,18,30,17,15,15,20,1,1,1,1,1,1,1,1,1,2,8,4,2,3,8,6,4,4,1,0,2,1,0,1,1,1,2,1,0,1,2024-01-06 08:15:49,0
943,936,846,828,6,5,21,2,9,7,8,8,30,9,13,13,8,1,1,1,1,1,1,1,1,1,2,4,4,0,1,0,0,4,4,0,0,0,1,0,0,0,0,0,0,1,2,2024-01-06 08:17:49,0
912,910,852,840,0,0,13,0,4,4,4,4,30,4,9,9,4,0,0,0,0,0,0,0,0,0,1,1,0,2,0,9,6,4,4,0,0,2,0,0,1,1,1,2,1,0,0,2024-01-06 08:19:49,0
927,922,1214,834,6,5,40,2,6,6,6,6,45,6,33,33,7,1,1,1,1,1,1,1,1,1,1,3,2,2,0,7,6,4,4,0,0,2,0,0,1,1,1,2,1,0,0,2024-01-06 08:21:49,0
961,946,951,916,6,5,36,2,27,28,27,27,30,27,7,7,29,1,1,1,1,1,1,1,1,1,23,2,0,9,0,0,0,4,4,0,0,0,0,0,0,0,0,0,0,0,1,2024-01-06 08:23:49,0
931,927,1234,873,6,5,20,2,11,9,11,11,30,12,10,10,10,1,1,1,1,1,1,1,1,1,0,2,1,3,0,8,6,4,4,0,0,2,0,0,1,1,1,2,1,1,1,2024-01-06 08:25:49,3
953,934,845,823,12,10,21,4,7,7,6,6,30,6,11,11,10,18,18,18,2,2,2,2,2,2,1,0,3,0,1,0,0,4,4,1,16,0,0,0,0,0,0,0,0,1,2,2024-01-06 08:27:49,0
930,924,885,869,6,5,15,2,9,7,10,10,30,11,7,7,8,1,1,1,1,1,1,1,1,1,4,1,1,2,0,8,6,4,4,0,0,2,1,0,1,1,1,2,1,1,0,2024-01-06 08:29:49,1
914,912,1336,977,0,0,15,0,6,5,6,6,30,6,10,10,5,0,0,0,0,0,0,0,0,0,1,4,0,1,0,0,0,4,4,0,0,0,0,0,0,0,0,0,0,0,0,2024-01-06 08:31:49,0
955,940,991,957,6,5,33,2,19,19,18,18,45,18,13,13,20,5,5,5,1,1,1,1,1,1,4,2,3,7,1,9,6,4,4,0,4,2,0,0,1,1,1,2,1,0,1,2024-01-06 08:33:49,0
928,919,1040,676,12,10,25,4,14,11,13,13,30,13,12,12,13,2,2,2,2,2,2,2,2,2,3,3,5,2,1,7,6,4,2,0,0,2,0,0,1,1,1,2,1,0,1,2024-01-06 08:35:49,0
949,940,22,0,36,30,21,12,12,9,11,11,30,11,5,5,16,6,6,6,6,6,6,6,6,6,3,0,4,2,1,0,0,4,4,1,0,0,0,0,0,0,0,0,0,1,2,2024-01-06 08:37:49,0
921,918,14,0,6,5,11,2,5,5,5,5,30,5,5,5,6,1,1,1,1,1,1,1,1,1,1,1,1,2,0,8,6,4,4,0,0,2,0,0,1,1,1,2,1,0,0,2024-01-06 08:39:49,0
931,928,355,0,6,5,13,2,3,3,3,3,30,4,9,9,4,1,1,1,1,1,1,1,1,1,2,1,0,2,0,0,0,4,4,0,0,0,1,0,0,0,0,0,0,1,0,2024-01-06 08:41:49,0
941,933,21,0,6,5,22,2,13,10,11,11,45,10,10,10,12,1,1,1,1,1,1,1,1,1,4,0,2,3,3,9,6,4,4,1,0,2,0,0,1,1,1,2,1,0,1,2024-01-06 08:43:49,1
944,936,364,0,6,5,23,2,11,7,10,10,30,9,15,15,8,1,1,1,1,1,1,1,1,1,1,5,1,3,1,8,6,4,4,0,0,2,1,0,1,1,1,2,1,0,1,2024-01-06 08:45:49,0
940,936,874,852,0,0,22,0,7,9,7,7,30,7,13,13,9,0,0,0,0,0,0,0,0,0,5,3,1,1,0,0,0,4,4,0,0,0,2,0,0,0,0,0,0,0,2,2024-01-06 08:47:49,0
935,928,888,864,24,20,25,8,13,8,12,12,30,12,12,12,13,4,4,4,4,4,4,4,4,4,5,1,1,4,1,9,6,4,4,1,0,2,0,0,1,1,1,2,1,1,0,2024-01-06 08:49:49,0
926,925,1230,859,6,5,14,2,3,5,3,3,30,4,8,8,6,1,1,1,1,1,1,1,1,1,3,3,1,0,0,0,0,4,4,0,0,0,0,0,0,0,0,0,0,1,0,2024-01-06 08:51:49,0
941,935,857,835,6,5,20,2,11,11,11,11,45,11,8,8,12,1,1,1,1,1,1,1,1,1,0,0,0,4,0,7,6,4,4,0,0,2,2,0,1,1,1,2,1,0,1,2024-01-06 08:53:49,1
929,927,1190,832,0,0,16,0,4,4,4,4,30,4,12,12,4,0,0,0,0,0,0,0,0,0,3,2,1,1,0,9,6,4,4,0,0,2,0,0,1,1,1,2,1,0,1,2024-01-06 08:55:49,0
925,914,855,833,18,15,18,6,15,9,10,10,30,9,6,6,12,3,3,3,3,3,3,3,3,3,4,0,3,1,5,0,0,4,4,0,0,0,0,0,0,0,0,0,0,0,2,2024-01-06 08:57:49,0
946,943,875,855,36,30,24,16,12,11,12,12,30,13,6,6,17,10,10,10,6,6,10,6,6,6,5,4,2,0,0,7,6,4,4,0,0,2,1,0,1,1,1,2,1,1,0,2024-01-06 08:59:49,17
1266,1259,1554,837,862,719,296,311,15,12,13,13,30,13,140,140,156,168,168,168,143,143,168,143,143,143,4,22,2,2,5,0,0,4,4,1,0,0,0,5,0,0,0,0,0,1,0,2024-01-06 09:01:49,64
1014,1003,919,870,138,116,40,61,11,8,8,8,45,9,10,10,30,43,43,43,22,22,39,22,22,22,2,1,4,0,21,9,6,4,4,0,4,2,0,0,1,1,1,2,1,1,1,2024-01-06 09:03:49,23
937,932,1226,866,6,5,25,2,8,8,8,8,30,7,15,15,10,1,1,1,1,1,1,1,1,1,4,9,1,2,0,8,6,4,4,1,0,2,0,0,1,1,1,2,1,0,1,2024-01-06 09:05:49,0
921,914,830,806,0,0,21,0,11,11,11,11,30,11,10,10,11,0,0,0,0,0,0,0,0,0,6,4,3,3,0,0,0,4,4,0,0,0,0,1,0,0,0,0,0,0,2,2024-01-06 09:07:49,0
933,928,908,898,6,5,14,2,6,5,5,5,30,5,8,8,6,1,1,1,1,1,1,1,1,1,2,4,1,2,1,9,6,4,4,0,0,2,0,0,1,1,1,2,1,0,0,2024-01-06 09:09:49,0
934,925,1326,964,0,0,24,0,12,16,11,11,30,11,8,8,16,0,0,0,0,0,0,0,0,0,10,4,2,3,1,0,0,4,4,0,0,0,2,0,0,0,0,0,0,0,0,2024-01-06 09:11:49,0
965,953,992,969,24,20,29,8,15,11,12,12,45,12,13,13,16,4,4,4,4,4,4,4,4,4,2,6,6,2,3,9,6,4,4,1,0,2,0,0,1,1,1,2,1,1,1,2024-01-06 09:13:49,0
921,916,1109,747,6,5,24,2,10,7,10,10,15,11,16,16,8,1,1,1,1,1,1,1,1,1,4,5,1,0,0,0,0,4,4,0,0,0,1,0,0,0,0,0,0,1,1,2024-01-06 09:15:49,0
943,937,22,0,6,5,26,2,11,10,10,10,45,10,15,15,11,1,1,1,1,1,1,1,1,1,3,4,2,2,1,8,6,4,4,0,0,2,0,0,1,1,1,2,1,0,2,2024-01-06 09:17:49,0
931,926,13,0,0,0,14,0,10,9,10,10,30,10,5,5,9,0,0,0,0,0,0,0,0,0,4,1,1,4,0,8,6,4,4,0,0,2,0,0,1,1,1,2,1,0,0,2024-01-06 09:19:49,0
924,920,364,0,0,0,24,0,6,9,7,7,30,7,15,15,9,0,0,0,0,0,0,0,0,0,5,2,1,1,0,0,0,4,4,0,0,0,0,0,0,0,0,0,0,0,0,2024-01-06 09:21:49,3
963,945,38,0,6,5,41,2,30,29,27,27,45,26,10,10,31,1,1,1,1,1,1,1,1,1,7,2,8,5,3,9,6,4,4,1,0,2,0,0,1,1,1,2,1,0,1,2024-01-06 09:23:49,0
928,917,368,0,12,10,27,4,16,12,14,14,15,15,13,13,14,2,2,2,2,2,2,2,2,2,5,2,5,3,2,0,0,4,4,0,0,0,0,0,0,0,0,0,0,1,1,2024-01-06 09:25:49,3
948,945,884,862,18,15,21,8,8,7,7,7,45,8,11,11,10,5,5,5,3,3,5,3,3,3,4,1,1,0,0,9,6,4,4,0,0,2,1,0,1,1,1,2,1,1,2,2024-01-06 09:27:49,0
936,931,869,854,12,10,14,4,8,5,10,10,30,9,7,7,7,2,2,2,2,2,2,2,2,2,1,1,3,1,0,9,6,4,4,0,0,2,0,0,1,1,1,2,1,1,0,2024-01-06 09:29:49,1
975,968,1253,886,0,0,67,0,19,13,19,19,30,18,53,53,14,0,0,0,0,0,0,0,0,0,8,46,4,2,0,0,0,4,4,1,0,0,1,1,0,0,0,0,0,0,0,2024-01-06 09:31:49,1
1038,1023,878,847,12,10,117,4,15,17,15,15,45,15,98,98,19,7,7,7,2,2,2,2,2,2,9,86,4,3,0,7,6,4,4,0,5,2,2,1,1,1,1,2,1,0,1,2024-01-06 09:33:49,0
925,916,1209,841,12,10,32,4,15,12,14,14,15,13,17,17,15,2,2,2,2,2,2,2,2,2,6,5,2,3,1,0,0,4,4,1,0,0,1,0,0,0,0,0,0,0,1,2024-01-06 09:35:49,0
951,940,863,834,18,15,29,6,20,19,19,19,45,19,6,6,23,3,3,3,3,3,3,3,3,3,9,0,5,3,1,8,6,4,4,1,0,2,0,0,1,1,1,2,1,1,2,2024-01-06 09:37:49,0
930,928,870,854,6,5,16,2,9,11,9,9,30,10,4,4,12,1,1,1,1,1,1,1,1,1,5,1,1,0,0,8,6,4,4,0,0,2,0,0,1,1,1,2,1,1,0,2024-01-06 09:39:49,0
940,928,1203,830,30,25,32,10,17,17,18,18,30,14,10,10,22,5,5,5,5,5,5,5,5,5,7,1,6,2,1,0,0,4,4,0,0,0,2,0,0,0,0,0,0,0,0,2024-01-06 09:41:49,2
943,937,921,902,6,5,19,2,9,9,8,8,45,8,9,9,10,1,1,1,1,1,1,1,1,1,2,0,1,3,0,6,6,4,4,0,0,2,1,0,1,1,1,2,1,0,1,2024-01-06 09:43:49,0
928,917,1232,851,6,5,37,8,19,19,20,20,15,18,16,16,21,7,7,7,1,1,7,1,1,1,5,2,3,2,0,0,0,4,4,1,0,0,0,0,0,0,0,0,0,0,1,2024-01-06 09:45:49,0
965,953,872,813,70,58,51,25,26,23,25,25,45,22,12,12,38,13,13,13,12,12,13,12,12,12,4,1,1,6,1,4,6,4,4,3,0,2,0,0,1,1,1,2,1,1,2,2024-01-06 09:47:49,3
943,937,912,888,14,12,22,5,11,9,10,10,15,11,11,11,11,3,3,3,2,2,3,2,2,2,6,1,2,1,1,0,0,4,6,0,0,0,2,0,0,0,0,0,0,1,0,2024-01-06 09:49:49,1
934,924,1351,968,6,5,30,2,17,15,16,16,45,13,11,11,19,1,1,1,1,1,1,1,1,1,10,1,2,4,1,7,6,4,6,3,0,2,0,3,1,1,1,2,1,0,0,2024-01-06 09:51:49,5
931,920,981,955,6,5,22,2,15,13,14,14,45,14,8,8,14,3,3,3,1,1,1,1,1,1,6,0,4,3,1,8,6,4,6,0,2,2,0,0,1,1,1,2,1,0,1,2024-01-06 09:53:49,1
931,928,1077,702,0,0,33,0,13,12,13,13,15,13,21,21,12,0,0,0,0,0,0,0,0,0,5,2,2,2,0,0,0,4,6,0,0,0,0,0,0,0,0,0,0,0,1,2024-01-06 09:55:49,0
933,926,26,0,6,5,22,2,19,14,19,19,45,19,7,7,15,1,1,1,1,1,1,1,1,1,1,0,1,4,0,7,6,4,6,0,0,2,1,0,1,1,1,2,1,0,2,2024-01-06 09:57:49,1
970,967,11,0,12,10,40,4,8,4,9,9,15,7,33,33,7,2,2,2,2,2,2,2,2,2,1,32,1,1,0,0,0,4,6,1,0,0,0,3,0,0,0,0,0,1,0,2024-01-06 09:59:49,4
1014,995,577,0,170,142,234,57,23,30,27,27,45,45,171,171,63,29,29,29,28,28,29,28,28,28,27,29,2,6,0,9,6,4,6,5,0,2,6,3,1,1,1,2,1,23,0,2024-01-06 10:01:49,15
1003,991,25,0,6,5,74,2,11,9,13,13,45,13,64,64,10,5,5,5,1,1,1,1,1,1,4,52,4,1,0,8,6,4,6,0,4,2,1,0,1,1,1,2,1,0,1,2024-01-06 10:03:49,6
996,987,367,0,12,10,84,4,15,13,15,15,15,15,69,69,15,2,2,2,2,2,2,2,2,2,5,60,4,1,0,0,0,4,6,0,0,0,2,0,0,0,0,0,0,0,1,2024-01-06 10:05:49,0
947,940,871,843,6,5,30,2,11,15,11,11,45,11,14,14,16,1,1,1,1,1,1,1,1,1,4,9,2,5,0,9,6,4,6,0,0,2,1,0,1,1,1,2,1,0,2,2024-01-06 10:07:49,1
938,931,853,837,6,5,19,2,9,6,8,8,15,9,12,12,7,1,1,1,1,1,1,1,1,1,3,4,3,1,1,0,0,4,5,0,0,0,0,1,0,0,0,0,0,1,0,2024-01-06 10:09:49,1
929,915,1348,885,6,5,30,2,22,21,21,21,45,19,6,6,24,1,1,1,1,1,1,1,1,1,8,1,1,8,1,8,6,4,6,2,0,2,0,0,1,1,1,2,1,0,0,2024-01-06 10:11:49,0
957,943,861,831,48,40,29,16,16,11,10,10,45,11,10,10,19,8,8,8,8,8,8,8,8,8,3,0,8,0,6,6,6,4,6,0,0,2,0,1,1,1,1,2,1,1,1,2024-01-06 10:13:49,1
943,930,1221,848,12,10,28,4,17,14,15,15,15,14,12,12,16,2,2,2,2,2,2,2,2,2,4,2,4,3,2,0,0,4,6,0,0,0,2,0,0,0,0,0,0,0,1,2024-01-06 10:15:49,0
954,939,892,850,6,5,49,2,33,32,33,33,45,33,16,16,33,1,1,1,1,1,1,1,1,1,11,7,5,8,0,8,6,4,6,0,0,2,0,1,1,1,1,2,1,0,2,2024-01-06 10:17:49,1
944,934,881,863,12,10,22,4,13,10,11,11,30,10,9,9,13,2,2,2,2,2,2,2,2,2,4,4,6,2,2,7,6,4,6,1,0,2,0,1,1,1,1,2,1,0,0,2024-01-06 10:19:49,0
906,902,1197,833,12,10,22,4,9,8,8,8,30,9,12,12,10,2,2,2,2,2,2,2,2,2,3,2,1,1,1,0,0,4,5,0,0,0,1,0,0,0,0,0,0,1,0,2024-01-06 10:21:49,0
961,948,905,878,18,15,34,6,17,13,15,15,45,14,17,17,17,3,3,3,3,3,3,3,3,3,4,6,5,2,2,8,6,4,5,1,0,2,1,1,1,1,1,2,1,0,1,2024-01-06 10:23:49,1
942,933,1257,882,6,5,34,2,18,17,18,18,15,19,16,16,18,1,1,1,1,1,1,1,1,1,12,4,5,2,0,0,0,4,6,0,0,0,0,1,0,0,0,0,0,1,1,2024-01-06 10:25:49,0
933,930,849,828,0,0,23,0,8,8,8,8,45,8,15,15,8,0,0,0,0,0,0,0,0,0,5,3,1,1,0,8,6,4,6,0,0,2,0,0,1,1,1,2,1,0,2,2024-01-06 10:27:49,0
929,923,908,883,18,14,27,4,15,13,15,15,30,15,10,10,17,1,1,1,4,4,1,4,4,4,9,2,0,2,0,8,6,4,6,0,0,2,1,0,1,1,1,2,1,0,0,2024-01-06 10:29:49,3
941,933,1321,953,18,16,26,10,8,9,8,8,30,6,14,14,12,7,7,7,2,2,7,2,2,2,8,4,1,1,0,0,0,4,6,1,0,0,0,0,0,0,0,0,0,0,0,2024-01-06 10:31:49,1
970,956,1001,961,42,35,44,17,21,20,20,20,45,20,15,15,29,14,14,14,7,7,10,7,7,7,11,4,1,1,1,8,6,4,6,2,4,2,2,0,1,1,1,2,1,2,1,2024-01-06 10:33:49,0
969,958,1111,712,60,50,61,30,16,15,16,16,15,16,36,36,25,20,20,20,10,10,20,10,10,10,4,5,2,7,0,0,0,4,6,0,0,0,0,0,0,0,0,0,0,0,1,2024-01-06 10:35:49,0
984,977,73,0,90,75,69,44,24,19,24,24,45,25,35,35,34,29,29,29,15,15,29,15,15,15,8,0,2,3,0,9,6,4,6,0,0,2,1,1,1,1,1,2,1,1,2,2024-01-06 10:37:49,1
918,906,24,0,6,5,26,3,19,17,19,19,30,19,8,8,18,2,2,2,1,1,2,1,1,1,10,2,0,8,1,8,6,4,6,0,0,2,0,1,1,1,1,2,1,0,0,2024-01-06 10:39:49,1
976,966,382,0,108,90,42,36,15,15,14,14,30,13,8,8,34,18,18,18,18,18,18,18,18,18,8,1,2,1,2,0,0,4,6,1,0,0,2,0,0,0,0,0,0,0,0,2024-01-06 10:41:49,0
1002,995,65,0,222,185,64,74,17,17,17,17,45,18,10,10,54,37,37,37,37,37,37,37,37,37,8,0,2,3,0,9,6,4,6,0,0,2,2,0,1,1,1,2,1,1,1,2024-01-06 10:43:49,0
939,929,380,0,12,10,37,4,20,19,19,19,30,18,15,15,22,2,2,2,2,2,2,2,2,2,5,2,5,4,1,9,6,4,6,1,0,2,0,0,1,1,1,2,1,0,1,2024-01-06 10:45:49,0
936,924,905,869,12,10,34,4,20,19,20,20,30,21,13,13,21,2,2,2,2,2,2,2,2,2,9,0,5,4,0,0,0,4,6,0,0,0,0,0,0,0,0,0,0,1,2,2024-01-06 10:47:49,0
934,929,893,869,0,0,25,0,10,11,10,10,30,10,13,13,12,0,0,0,0,0,0,0,0,0,10,3,0,3,0,7,6,4,6,0,0,2,1,0,1,1,1,2,1,0,0,2024-01-06 10:49:49,1
1046,1035,1328,864,264,220,109,105,18,22,18,18,30,17,42,42,67,61,61,61,44,44,61,44,44,44,9,2,3,4,0,0,0,4,6,1,0,0,0,0,0,0,0,0,0,0,0,2024-01-06 10:51:49,0
1100,1088,971,840,402,335,127,153,15,13,13,13,45,13,47,47,80,86,86,86,67,67,86,67,67,67,6,0,5,4,2,7,6,4,6,0,0,2,0,1,1,1,1,2,1,0,1,2024-01-06 10:53:49,0
969,961,1229,813,156,130,74,60,17,8,16,16,30,17,40,40,34,34,34,34,26,26,34,26,26,26,2,3,2,3,1,3,6,4,6,0,0,2,0,0,1,1,1,2,1,1,1,2024-01-06 10:55:49,0
937,928,854,831,6,5,20,2,11,10,10,10,30,9,8,8,12,1,1,1,1,1,1,1,1,1,3,0,5,3,1,0,0,4,6,1,0,0,0,0,0,0,0,0,0,0,2,2024-01-06 10:57:49,3
974,962,879,856,18,15,49,7,15,14,15,15,30,13,31,31,18,4,4,4,3,3,4,3,3,3,5,26,5,2,1,7,6,4,6,1,0,2,0,0,1,1,1,2,1,1,0,2024-01-06 10:59:49,5
981,941,1297,843,18,15,117,6,85,89,84,84,45,82,25,25,92,3,3,3,3,3,3,3,3,3,68,13,7,21,1,9,6,4,6,0,0,2,0,0,1,1,1,2,1,0,0,2024-01-06 11:01:49,0
958,942,903,869,36,30,33,12,12,8,9,9,30,10,19,19,14,10,10,10,6,6,6,6,6,6,4,1,6,1,3,0,0,4,6,0,4,0,0,0,0,0,0,0,0,1,1,2024-01-06 11:03:49,0
946,932,1266,891,18,15,42,6,13,14,12,12,30,13,25,25,17,7,7,7,3,3,3,3,3,3,8,10,2,4,1,7,6,4,6,0,4,2,1,0,1,1,1,2,1,1,1,2024-01-06 11:05:49,0
953,940,861,824,12,10,34,4,22,18,20,20,30,18,12,12,22,2,2,2,2,2,2,2,2,2,4,2,5,3,2,0,0,4,6,2,0,0,0,0,0,0,0,0,0,0,2,2024-01-06 11:07:49,2
938,931,891,872,6,5,21,2,10,12,10,10,30,11,8,8,13,1,1,1,1,1,1,1,1,1,7,3,3,4,0,9,6,4,6,0,0,2,0,0,1,1,1,2,1,1,0,2024-01-06 11:09:49,0
922,914,1314,945,6,5,25,2,15,15,15,15,45,15,9,9,16,1,1,1,1,1,1,1,1,1,7,2,2,3,0,7,6,4,6,0,0,2,1,0,1,1,1,2,1,0,0,2024-01-06 11:11:49,0
976,946,1024,969,18,15,70,9,39,54,39,39,30,38,12,12,58,6,6,6,3,3,6,3,3,3,38,0,4,20,14,0,0,4,6,1,0,0,0,0,0,0,0,0,0,0,1,2024-01-06 11:13:49,72
939,927,1113,732,18,15,41,7,27,24,27,27,30,27,14,14,27,4,4,4,3,3,4,3,3,3,8,3,4,6,0,3,6,4,6,0,0,2,0,2,1,1,1,2,1,0,1,2024-01-06 11:15:49,5
966,938,59,0,24,20,60,8,33,41,29,29,30,29,14,14,46,4,4,4,4,4,4,4,4,4,35,1,7,9,4,0,0,4,6,1,0,0,0,0,0,0,0,0,0,1,2,2024-01-06 11:17:49,3
957,940,25,0,24,20,32,8,23,16,19,19,30,18,11,11,21,4,4,4,4,4,4,4,4,4,5,6,7,3,4,9,6,4,6,1,0,2,0,0,1,1,1,2,1,0,0,2024-01-06 11:19:49,0
935,930,367,0,12,10,29,6,8,9,8,8,45,8,17,17,12,4,4,4,2,2,4,2,2,2,7,4,1,0,0,8,6,4,6,1,0,2,1,0,1,1,1,2,1,1,0,2024-01-06 11:21:49,0
948,935,30,0,18,15,30,6,20,19,17,17,30,17,8,8,22,3,3,3,3,3,3,3,3,3,9,0,5,1,3,0,0,4,6,0,0,0,0,0,0,0,0,0,0,0,1,2024-01-06 11:23:49,0
934,929,363,0,6,5,23,2,10,8,10,10,30,10,14,14,9,1,1,1,1,1,1,1,1,1,3,3,2,0,0,9,6,4,6,0,0,2,2,1,1,1,1,2,1,0,1,2024-01-06 11:25:49,2
940,935,892,858,24,20,28,13,14,8,13,13,30,14,16,16,12,9,9,9,4,4,9,4,4,4,5,0,3,1,1,0,0,4,6,0,0,0,0,0,0,0,0,0,0,1,2,2024-01-06 11:27:49,0
969,954,922,874,66,55,51,26,41,28,38,38,30,37,11,11,40,15,15,15,11,11,15,11,11,11,3,2,11,3,3,9,6,4,6,1,0,2,1,0,1,1,1,2,1,0,0,2024-01-06 11:29:49,6
961,948,1244,873,36,30,39,14,15,8,13,13,45,9,24,24,15,8,8,8,6,6,8,6,6,6,5,14,2,0,3,7,6,4,6,1,0,2,1,0,1,1,1,2,1,0,0,2024-01-06 11:31:49,1
941,936,839,817,6,5,21,2,7,5,7,7,30,8,15,15,6,3,3,3,1,1,1,1,1,1,2,3,2,1,0,0,0,4,6,0,2,0,0,0,0,0,0,0,0,1,1,2024-01-06 11:33:49,0
954,947,1201,830,24,20,34,13,11,10,10,10,30,11,20,20,14,9,9,9,4,4,9,4,4,4,4,7,5,1,1,8,6,4,6,0,0,2,0,0,1,1,1,2,1,1,1,2024-01-06 11:35:49,0
928,918,871,841,6,5,35,2,22,21,22,22,30,22,13,13,22,1,1,1,1,1,1,1,1,1,9,5,1,7,0,0,0,4,6,0,0,0,1,0,0,0,0,0,0,0,2,2024-01-06 11:37:49,0
949,938,892,867,30,25,27,10,15,13,13,13,30,14,9,9,18,5,5,5,5,5,5,5,5,5,4,4,6,0,2,8,6,4,6,0,0,2,2,0,1,1,1,2,1,1,0,2024-01-06 11:39:49,0
947,929,1211,838,18,15,36,6,23,18,21,21,45,17,12,12,24,3,3,3,3,3,3,3,3,3,14,2,4,4,3,8,6,4,6,3,0,2,2,0,1,1,1,2,1,0,0,2024-01-06 11:41:49,6
959,951,917,893,24,20,26,9,12,7,11,11,30,12,15,15,11,5,5,5,4,4,5,4,4,4,3,4,4,3,1,0,0,4,6,0,0,0,0,0,0,0,0,0,0,1,1,2024-01-06 11:43:49,0
925,923,1221,855,6,5,31,4,8,8,8,8,30,8,22,22,9,3,3,3,1,1,3,1,1,1,4,12,1,0,0,8,6,4,6,0,0,2,0,0,1,1,1,2,1,0,1,2024-01-06 11:45:49,0
945,936,849,826,18,15,23,6,10,9,10,10,30,10,11,11,12,3,3,3,3,3,3,3,3,3,7,0,3,2,1,0,0,4,6,0,0,0,0,0,0,0,0,0,0,0,2,2024-01-06 11:47:49,3
956,939,924,896,24,20,32,8,25,15,21,21,30,22,13,13,19,4,4,4,4,4,4,4,4,4,3,5,9,2,4,9,6,4,6,0,0,2,1,0,1,1,1,2,1,1,0,2024-01-06 11:49:49,0
938,920,1352,961,6,5,42,2,21,26,21,21,30,17,11,11,31,5,5,5,1,1,1,1,1,1,25,4,2,6,0,0,0,4,6,4,4,0,0,0,0,0,0,0,0,0,0,2024-01-06 11:51:49,0
979,969,998,973,12,10,44,10,12,12,11,11,45,10,29,29,15,8,8,8,2,2,8,2,2,2,6,18,4,5,2,9,6,4,6,1,0,2,0,0,1,1,1,2,1,0,1,2024-01-06 11:53:49,7
934,921,1068,685,24,20,35,8,19,16,19,19,30,18,15,15,20,4,4,4,4,4,4,4,4,4,7,4,3,4,1,8,6,4,5,0,0,2,1,0,1,1,1,2,1,1,1,2024-01-06 11:55:49,1
938,935,22,0,0,0,17,0,8,9,8,8,30,8,8,8,9,0,0,0,0,0,0,0,0,0,5,0,1,0,0,0,0,4,6,0,0,0,1,0,0,0,0,0,0,0,2,2024-01-06 11:57:49,0
962,950,19,0,0,0,48,0,18,16,18,17,30,17,32,32,16,0,0,0,0,0,0,0,0,0,8,32,1,7,0,9,6,4,6,0,0,2,0,3,1,1,1,2,1,0,0,2024-01-06 11:59:49,3
1010,989,409,0,156,130,73,52,27,27,22,23,30,22,19,19,54,26,26,26,26,26,26,26,26,26,13,12,9,4,5,0,0,4,6,1,0,0,0,0,0,0,0,0,0,1,0,2024-01-06 12:01:49,19
942,926,37,0,30,25,39,10,33,20,31,31,45,31,14,14,25,9,9,9,5,5,5,5,5,5,7,3,2,4,2,8,6,4,6,0,4,2,1,0,1,1,1,2,1,0,1,2024-01-06 12:03:49,0
943,933,366,0,18,15,28,7,18,15,17,17,30,16,9,9,19,4,4,4,3,3,4,3,3,3,3,4,2,4,1,9,6,4,6,1,0,2,2,0,1,1,1,2,1,0,1,2024-01-06 12:05:49,0
950,948,891,863,24,20,22,8,12,10,11,11,30,13,8,8,14,4,4,4,4,4,4,4,4,4,7,4,2,1,0,0,0,4,6,0,0,0,0,0,0,0,0,0,0,2,2,2024-01-06 12:07:49,0
931,928,864,848,0,0,14,0,9,10,10,10,30,10,4,4,10,0,0,0,0,0,0,0,0,0,1,2,2,1,0,8,6,4,6,0,0,2,0,0,1,1,1,2,1,0,0,2024-01-06 12:09:49,0
929,918,1249,892,16,13,18,5,12,6,8,8,30,9,9,9,9,2,2,2,3,3,2,3,3,3,4,4,3,0,4,0,0,4,6,0,0,0,0,0,0,0,0,0,0,1,0,2024-01-06 12:11:49,0
939,933,867,847,2,2,23,1,13,12,13,13,45,13,11,11,12,1,1,1,0,0,1,0,0,0,9,3,2,2,0,9,6,4,6,0,0,2,0,0,1,1,1,2,1,0,1,2024-01-06 12:13:49,1
949,937,1196,838,6,5,24,2,12,8,10,10,30,9,14,14,10,1,1,1,1,1,1,1,1,1,6,7,2,3,2,8,6,4,5,1,0,2,0,0,1,1,1,2,1,0,1,2024-01-06 12:15:49,0
939,932,859,836,6,5,25,2,12,10,13,13,30,11,14,14,11,1,1,1,1,1,1,1,1,1,2,5,1,2,0,0,0,4,5,0,0,0,1,0,0,0,0,0,0,0,2,2024-01-06 12:17:49,1
937,934,873,857,12,10,15,4,6,6,6,6,30,7,7,7,8,2,2,2,2,2,2,2,2,2,4,0,2,1,0,4,6,4,6,0,0,2,1,0,1,1,1,2,1,1,0,2024-01-06 12:19:49,0
917,912,1208,844,6,5,28,2,8,9,8,8,30,7,17,17,11,1,1,1,1,1,1,1,1,1,6,5,2,2,0,0,0,4,6,1,0,0,0,0,0,0,0,0,0,0,0,2024-01-06 12:21:49,0
944,940,916,893,12,10,20,4,9,8,8,8,45,9,10,10,10,2,2,2,2,2,2,2,2,2,5,2,2,1,1,2,6,4,6,0,0,2,0,0,1,1,1,2,1,1,1,2024-01-06 12:23:49,0
940,928,1227,854,6,5,32,2,20,21,19,19,30,19,10,10,22,1,1,1,1,1,1,1,1,1,11,2,4,3,1,8,6,4,6,0,0,2,0,0,1,1,1,2,1,0,1,2024-01-06 12:25:49,0
950,933,873,846,12,10,27,4,22,14,18,18,30,17,10,10,17,2,2,2,2,2,2,2,2,2,8,0,4,3,4,0,0,4,6,1,0,0,0,0,0,0,0,0,0,0,2,2024-01-06 12:27:49,0
936,925,901,875,6,5,25,2,19,18,18,18,30,19,6,6,19,1,1,1,1,1,1,1,1,1,8,0,4,4,1,3,6,4,6,0,0,2,0,0,1,1,1,2,1,1,0,2024-01-06 12:29:49,0
936,925,1342,981,6,5,21,2,10,7,8,8,30,8,12,12,9,3,3,3,1,1,1,1,1,1,5,6,3,2,2,0,0,4,6,0,2,0,2,1,0,0,0,0,0,0,0,2024-01-06 12:31:49,4
948,939,975,954,6,5,23,2,7,7,8,8,45,9,14,14,9,3,3,3,1,1,1,1,1,1,5,2,3,3,0,9,6,4,6,0,2,2,0,0,1,1,1,2,1,1,1,2024-01-06 12:33:49,4
935,928,1025,659,0,0,30,0,12,13,12,12,15,12,17,17,13,0,0,0,0,0,0,0,0,0,3,6,2,3,0,0,0,4,6,0,0,0,1,1,0,0,0,0,0,0,1,2024-01-06 12:35:49,0
949,938,21,0,12,10,27,4,12,13,13,13,45,12,10,10,17,2,2,2,2,2,2,2,2,2,10,4,2,4,0,9,6,4,6,1,0,2,1,0,1,1,1,2,1,0,2,2024-01-06 12:37:49,7
926,914,34,0,30,25,35,10,34,25,33,33,30,33,4,4,31,5,5,5,5,5,5,5,5,5,9,2,2,7,1,7,6,4,6,1,0,2,1,0,1,1,1,2,1,1,0,2024-01-06 12:39:49,0
934,930,359,0,6,5,22,2,9,7,8,8,30,9,14,14,8,1,1,1,1,1,1,1,1,1,5,7,1,0,1,0,0,4,6,0,0,0,0,0,0,0,0,0,0,1,0,2024-01-06 12:41:49,0
958,951,24,0,6,5,27,2,13,13,13,13,45,13,13,13,14,1,1,1,1,1,1,1,1,1,6,3,4,2,0,9,6,4,6,0,0,2,0,1,1,1,1,2,1,0,1,2024-01-06 12:43:49,0
923,920,367,0,6,5,23,2,9,9,9,9,15,10,13,13,10,1,1,1,1,1,1,1,1,1,3,3,1,1,0,0,0,4,6,0,0,0,1,0,0,0,0,0,0,1,1,2024-01-06 12:45:49,0
955,943,879,853,18,15,27,6,13,11,11,11,45,11,13,13,14,3,3,3,3,3,3,3,3,3,5,1,5,4,2,9,6,4,6,0,0,2,0,0,1,1,1,2,1,0,2,2024-01-06 12:47:49,2
925,922,886,867,10,8,19,3,6,9,6,6,30,6,8,8,11,1,1,1,2,2,1,2,2,2,5,0,4,1,0,8,6,4,6,0,0,2,0,0,1,1,1,2,1,0,0,2024-01-06 12:49:49,0
941,926,1251,873,14,12,23,5,19,13,18,18,30,17,7,7,16,3,3,3,2,2,3,2,2,2,5,2,8,3,1,0,0,4,6,1,0,0,0,0,0,0,0,0,0,0,0,2024-01-06 12:51:49,0
954,945,868,837,18,15,32,6,16,18,16,16,45,17,11,11,21,3,3,3,3,3,3,3,3,3,8,4,3,7,0,4,6,4,6,0,0,2,0,0,1,1,1,2,1,1,1,2024-01-06 12:53:49,1
936,931,1190,819,18,15,22,6,5,4,5,5,15,6,15,15,7,3,3,3,3,3,3,3,3,3,3,3,3,1,0,0,0,4,6,0,0,0,0,0,0,0,0,0,0,1,1,2024-01-06 12:55:49,0
938,922,885,851,24,20,38,2,18,17,17,17,45,17,17,17,21,7,7,7,4,4,1,4,1,1,5,8,4,4,1,8,6,4,6,0,6,2,0,0,1,1,1,2,1,0,2,2024-01-06 12:57:49,3
940,928,883,867,24,20,20,2,10,8,9,9,30,9,8,8,12,7,7,7,4,4,1,4,1,1,6,4,3,2,1,7,6,4,6,0,6,2,0,0,1,1,1,2,1,0,0,2024-01-06 12:59:49,6
940,933,1200,830,18,15,26,9,11,11,10,10,30,9,11,11,15,6,6,6,3,3,5,3,3,3,4,5,3,1,1,0,0,4,6,1,1,0,0,0,0,0,0,0,0,0,0,2024-01-06 13:01:49,1
957,947,903,877,6,5,29,1,13,14,13,13,45,13,14,14,15,3,3,3,1,1,1,1,1,1,4,4,3,5,0,8,6,4,6,0,2,2,0,0,1,1,1,2,1,0,1,2024-01-06 13:03:49,0
949,920,1247,860,66,55,49,6,16,18,15,15,15,16,20,20,29,21,21,21,11,11,3,11,3,3,8,5,8,4,1,0,0,4,6,0,18,0,1,0,0,0,0,0,0,1,1,2024-01-06 13:05:49,11
948,940,852,832,12,10,19,4,8,6,9,9,45,10,11,11,8,2,2,2,2,2,2,2,2,2,2,7,4,2,0,8,6,4,6,0,0,2,0,0,1,1,1,2,1,1,2,2024-01-06 13:07:49,3
938,928,891,874,0,0,18,0,13,13,13,13,15,13,5,5,13,0,0,0,0,0,0,0,0,0,3,1,4,5,0,0,0,4,6,0,0,0,1,0,0,0,0,0,0,0,0,2024-01-06 13:09:49,0
935,929,1337,974,6,5,25,2,11,16,10,10,45,11,8,8,17,1,1,1,1,1,1,1,1,1,7,5,3,3,1,8,6,4,6,0,0,2,0,0,1,1,1,2,1,1,0,2024-01-06 13:11:49,0
952,945,987,964,6,5,36,2,15,13,14,14,45,13,21,21,15,1,1,1,1,1,1,1,1,1,6,12,3,2,1,7,6,4,6,1,0,2,0,0,1,1,1,2,1,0,1,2024-01-06 13:13:49,0
922,912,1076,709,6,5,30,2,16,16,16,16,15,15,12,12,18,1,1,1,1,1,1,1,1,1,7,4,6,3,0,0,0,4,6,1,0,0,1,0,0,0,0,0,0,0,1,2024-01-06 13:15:49,0
949,942,23,0,12,10,30,4,12,12,12,12,45,12,15,15,15,2,2,2,2,2,2,2,2,2,10,7,6,0,1,8,6,4,6,1,0,2,0,0,1,1,1,2,1,1,2,2024-01-06 13:17:49,5
933,928,13,0,12,10,16,4,7,6,6,6,15,7,8,8,8,2,2,2,2,2,2,2,2,2,5,4,2,0,1,0,0,4,6,0,0,0,0,0,0,0,0,0,0,1,0,2024-01-06 13:19:49,0
948,940,369,0,18,15,39,6,20,14,18,18,45,17,21,21,18,3,3,3,3,3,3,3,3,3,6,11,7,0,2,9,6,4,6,1,0,2,0,0,1,1,1,2,1,0,0,2024-01-06 13:21:49,1
953,948,10,0,6,5,16,2,7,4,6,6,45,4,9,9,7,1,1,1,1,1,1,1,1,1,4,4,2,1,1,9,6,4,6,2,0,2,1,0,1,1,1,2,1,0,1,2024-01-06 13:23:49,0
928,920,364,0,6,5,29,2,12,12,11,11,15,11,16,16,13,1,1,1,1,1,1,1,1,1,4,8,5,2,1,0,0,4,6,0,0,0,0,0,0,0,0,0,0,0,1,2024-01-06 13:25:49,0
946,938,875,849,6,5,30,2,14,13,14,14,45,15,16,16,14,1,1,1,1,1,1,1,1,1,3,6,1,5,0,8,6,4,6,0,0,2,1,0,1,1,1,2,1,1,2,2024-01-06 13:27:49,0
951,939,895,867,24,20,26,10,17,15,15,15,15,16,7,7,19,6,6,6,4,4,6,4,4,4,4,0,4,5,2,0,0,4,6,0,0,0,0,0,0,0,0,0,0,1,0,2024-01-06 13:29:49,1
926,921,1246,883,0,0,19,0,8,10,7,7,45,7,9,9,10,0,0,0,0,0,0,0,0,0,4,3,6,0,1,8,6,4,6,0,0,2,1,0,1,1,1,2,1,0,0,2024-01-06 13:31:49,0
948,938,851,833,6,5,21,2,8,5,7,7,45,7,15,15,6,5,5,5,1,1,1,1,1,1,2,3,2,0,1,8,6,4,6,0,4,2,0,0,1,1,1,2,1,0,1,2024-01-06 13:33:49,0
938,925,1214,839,18,15,43,6,23,21,21,21,15,19,18,18,25,3,3,3,3,3,3,3,3,3,6,9,6,2,2,0,0,4,6,1,0,0,0,0,0,0,0,0,0,0,1,2024-01-06 13:35:49,0
936,931,841,827,0,0,16,0,10,10,10,10,45,10,6,6,10,0,0,0,0,0,0,0,0,0,9,2,3,0,0,8,6,4,6,0,0,2,1,0,1,1,1,2,1,0,2,2024-01-06 13:37:49,0
944,935,888,862,12,10,24,4,16,18,16,16,15,17,4,4,20,2,2,2,2,2,2,2,2,2,9,2,3,4,0,0,0,4,6,0,0,0,1,0,0,0,0,0,0,1,0,2024-01-06 13:39:49,0
932,926,1181,819,6,5,21,2,12,11,12,12,45,13,9,9,12,1,1,1,1,1,1,1,1,1,5,2,1,1,0,9,6,4,6,0,0,2,1,0,1,1,1,2,1,1,0,2024-01-06 13:41:49,0
934,927,925,901,18,15,25,6,12,10,11,11,45,11,11,11,14,3,3,3,3,3,3,3,3,3,7,1,2,1,1,9,6,4,6,1,0,2,1,0,1,1,1,2,1,1,1,2024-01-06 13:43:49,0
944,932,1271,890,10,8,45,3,23,24,22,22,15,22,19,19,26,1,1,1,2,2,1,2,2,2,9,7,3,4,1,0,0,4,6,0,0,0,0,0,0,0,0,0,0,0,1,2024-01-06 13:45:49,4
989,969,893,838,90,75,56,38,24,28,21,21,45,19,12,12,44,23,23,23,15,15,23,15,15,15,5,1,8,1,3,4,6,4,6,1,0,2,0,0,1,1,1,2,1,0,2,2024-01-06 13:47:49,1
954,941,924,891,6,5,27,3,21,7,21,21,15,20,18,18,9,2,2,2,1,1,2,1,1,1,5,4,2,4,1,0,0,4,6,1,0,0,0,0,0,0,0,0,0,0,0,2024-01-06 13:49:49,0
927,914,1355,967,22,18,35,9,19,19,19,19,45,19,11,11,24,4,4,5,4,4,5,4,4,4,14,5,4,4,0,8,6,4,6,1,0,2,0,0,1,1,1,2,1,1,0,2024-01-06 13:51:49,1
985,966,1018,973,34,29,55,11,25,28,24,24,30,24,18,18,37,7,7,6,5,5,6,5,5,5,19,8,7,4,1,0,0,4,6,1,0,0,4,0,0,0,0,0,0,1,1,2024-01-06 13:53:49,4
943,925,1030,648,12,10,43,4,21,19,21,21,30,21,22,22,21,2,2,2,2,2,2,2,2,2,6,12,9,2,2,8,6,4,5,0,0,2,3,0,1,1,1,2,1,0,1,2024-01-06 13:55:49,6
965,954,30,0,12,10,34,6,17,15,16,16,45,15,16,16,18,4,4,4,2,2,4,2,2,2,6,7,6,1,1,8,6,4,6,1,0,2,1,0,1,1,1,2,1,0,2,2024-01-06 13:57:49,0
927,914,22,0,6,5,25,2,19,19,19,19,15,19,5,5,20,1,1,1,1,1,1,1,1,1,11,3,2,5,0,0,0,4,6,0,0,0,3,0,0,0,0,0,0,0,0,2024-01-06 13:59:49,0
970,950,378,0,24,20,44,8,18,19,15,15,45,14,21,21,23,7,7,7,4,4,4,4,4,4,10,15,7,3,3,9,6,4,6,0,3,2,0,1,1,1,1,2,1,0,0,2024-01-06 14:01:49,1
967,949,37,0,8,7,51,3,20,22,20,20,30,19,26,26,25,7,7,7,1,1,2,1,1,1,8,13,8,6,2,0,0,4,4,2,5,0,0,0,0,0,0,0,0,1,1,2024-01-06 14:03:49,3
959,945,362,0,24,20,32,9,9,8,9,9,30,10,20,20,12,9,9,9,4,4,5,4,4,4,7,13,2,2,0,8,6,4,6,0,4,2,0,0,1,1,1,2,1,1,1,2024-01-06 14:05:49,0
968,950,898,873,18,15,33,6,22,11,21,21,45,19,15,15,18,3,3,3,3,3,3,3,3,3,9,11,7,3,3,7,6,4,6,2,0,2,2,0,1,1,1,2,1,0,2,2024-01-06 14:07:49,8
931,919,872,857,24,20,19,8,14,8,11,11,15,10,6,6,13,4,4,4,4,4,4,4,4,4,2,3,5,1,3,0,0,4,6,1,0,0,0,0,0,0,0,0,0,0,0,2024-01-06 14:09:49,3
963,938,1295,889,18,15,77,6,51,55,51,51,45,42,10,10,67,3,3,3,3,3,3,3,3,3,48,5,4,12,0,7,6,4,6,9,0,2,1,0,1,1,1,2,1,0,0,2024-01-06 14:11:49,1
942,937,893,876,6,5,17,2,8,8,8,8,30,9,8,8,9,1,1,1,1,1,1,1,1,1,6,1,4,0,0,0,0,4,6,0,0,0,0,0,0,0,0,0,0,1,1,2024-01-06 14:13:49,0
928,922,1206,837,6,5,28,2,35,14,33,33,30,34,13,13,15,1,1,1,1,1,1,1,1,1,9,2,2,2,1,6,6,4,6,0,0,2,0,0,1,1,1,2,1,1,1,2024-01-06 14:15:49,0
943,931,869,838,18,15,34,6,15,14,14,14,45,15,17,17,17,3,3,3,3,3,3,3,3,3,4,4,4,3,2,9,6,4,6,0,0,2,2,1,1,1,1,2,1,1,2,2024-01-06 14:17:49,1
931,924,850,830,6,5,20,2,12,13,11,11,15,11,6,6,14,1,1,1,1,1,1,1,1,1,3,0,4,1,1,0,0,4,6,0,0,0,1,0,0,0,0,0,0,0,0,2024-01-06 14:19:49,0
965,932,1271,856,6,5,85,2,43,62,42,42,45,34,14,14,71,1,1,1,1,1,1,1,1,1,65,3,1,20,2,8,6,4,6,8,0,2,0,0,1,1,1,2,1,0,0,2024-01-06 14:21:49,5
937,933,911,893,6,5,19,2,11,12,11,11,30,11,6,6,13,1,1,1,1,1,1,1,1,1,3,1,1,2,0,0,0,4,6,0,0,0,0,0,0,0,0,0,0,0,1,2024-01-06 14:23:49,0
946,938,1243,874,24,20,27,8,11,10,10,10,30,11,13,13,14,4,4,4,4,4,4,4,4,4,4,3,3,3,1,8,6,4,6,0,0,2,1,0,1,1,1,2,1,1,1,2024-01-06 14:25:49,1
932,924,877,845,6,5,31,2,16,16,16,16,30,17,14,14,17,1,1,1,1,1,1,1,1,1,2,1,3,4,0,0,0,4,6,0,0,0,1,0,0,0,0,0,0,1,2,2024-01-06 14:27:49,0
922,913,916,894,0,0,26,0,12,15,12,12,30,12,11,11,15,0,0,0,0,0,0,0,0,0,10,4,4,3,0,8,6,4,6,0,0,2,0,0,1,1,1,2,1,0,0,2024-01-06 14:29:49,0
959,939,1357,976,18,15,38,6,21,23,21,21,45,18,11,11,27,3,3,3,3,3,3,3,3,3,12,3,5,5,1,8,6,4,3,1,0,2,2,0,1,1,1,2,1,0,0,2024-01-06 14:31:49,5
955,941,1001,970,12,10,34,4,19,18,18,18,30,16,13,13,21,4,4,4,2,2,2,2,2,2,2,2,6,5,1,0,0,4,2,1,2,0,1,0,0,0,0,0,0,0,1,2024-01-06 14:33:49,1
940,933,946,579,18,15,28,9,14,10,12,12,30,12,15,15,13,6,6,6,3,3,6,3,3,3,3,4,2,1,2,9,6,4,2,0,0,2,0,0,1,1,1,2,1,0,1,2024-01-06 14:35:49,0
935,924,23,0,12,10,28,4,58,16,57,57,30,58,10,10,18,2,2,2,2,2,2,2,2,2,4,6,7,4,1,0,0,4,2,0,0,0,0,0,0,0,0,0,0,1,2,2024-01-06 14:37:49,1
940,931,19,0,12,10,18,4,12,13,12,12,30,13,3,3,15,2,2,2,2,2,2,2,2,2,8,0,6,1,0,8,6,4,2,0,0,2,0,0,1,1,1,2,1,1,0,2024-01-06 14:39:49,0
935,917,383,0,18,15,42,6,23,26,22,22,45,20,11,11,31,3,3,3,3,3,3,3,3,3,20,2,6,5,1,7,6,4,2,2,0,2,0,0,1,1,1,2,1,0,0,2024-01-06 14:41:49,4
975,961,41,0,30,25,46,11,27,25,25,25,30,22,14,14,32,6,6,6,5,5,6,5,5,5,8,3,5,5,2,0,0,4,2,2,0,0,0,0,0,0,0,0,0,0,1,2024-01-06 14:43:49,0
924,906,380,0,12,10,42,4,21,23,19,19,30,18,15,15,27,2,2,2,2,2,2,2,2,2,18,2,3,7,4,8,6,4,2,2,0,2,1,0,1,1,1,2,1,1,1,2024-01-06 14:45:49,10
960,948,892,857,30,25,36,11,17,17,16,16,30,16,14,14,22,6,6,6,5,5,6,5,5,5,9,1,5,5,1,0,0,4,2,0,0,0,2,0,0,0,0,0,0,0,2,2024-01-06 14:47:49,0
945,932,883,851,24,20,30,8,20,17,18,18,30,19,9,9,21,4,4,4,4,4,4,4,4,4,8,0,5,4,2,7,6,4,2,0,0,2,0,0,1,1,1,2,1,1,0,2024-01-06 14:49:49,1
954,927,1290,864,32,26,78,11,38,53,37,37,45,29,10,10,68,5,5,5,6,6,5,6,6,6,50,2,4,13,1,8,6,4,2,9,0,2,1,2,1,1,1,2,1,1,0,2024-01-06 14:51:49,0
957,950,864,844,10,9,20,4,11,9,10,10,30,10,10,10,10,3,3,3,1,1,3,1,1,1,5,1,3,1,1,0,0,4,2,0,0,0,0,0,0,0,0,0,0,0,1,2024-01-06 14:53:49,0
930,919,1218,836,18,15,35,6,17,18,15,15,30,13,12,12,23,3,3,3,3,3,3,3,3,3,10,2,7,2,2,8,6,4,2,2,0,2,0,0,1,1,1,2,1,0,1,2024-01-06 14:55:49,2
949,934,865,824,12,10,36,4,24,23,23,23,30,23,11,11,25,2,2,2,2,2,2,2,2,2,2,1,6,5,1,0,0,4,2,0,0,0,3,1,0,0,0,0,0,0,2,2024-01-06 14:57:49,4
949,938,862,839,18,15,25,8,48,15,49,49,30,49,7,7,18,5,5,5,3,3,5,3,3,3,7,2,7,1,0,3,6,4,2,0,0,2,0,0,1,1,1,2,1,0,0,2024-01-06 14:59:49,1
972,954,1228,839,72,60,47,28,22,18,21,21,30,19,14,14,33,17,17,17,12,12,16,12,12,12,10,6,4,6,1,0,0,4,2,3,1,0,1,1,0,0,0,0,0,1,0,2024-01-06 15:01:49,5
951,937,913,875,30,25,38,10,22,21,20,20,45,21,12,12,26,7,7,7,5,5,5,5,5,5,9,2,7,1,2,4,6,4,2,0,2,2,1,0,1,1,1,2,1,1,1,2024-01-06 15:03:49,3
940,924,1254,885,24,20,31,8,16,12,15,15,30,11,13,13,18,8,8,8,4,4,4,4,4,4,7,3,8,0,2,8,6,4,2,2,4,2,0,0,1,1,1,2,1,0,1,2024-01-06 15:05:49,2
956,945,871,843,6,5,27,2,14,10,13,13,30,10,13,13,14,1,1,1,1,1,1,1,1,1,8,3,3,5,1,0,0,4,2,3,0,0,0,0,0,0,0,0,0,0,2,2024-01-06 15:07:49,3
948,934,908,879,12,10,32,4,24,20,23,23,30,22,9,9,23,2,2,2,2,2,2,2,2,2,12,2,6,3,1,6,6,4,2,1,0,2,1,0,1,1,1,2,1,0,0,2024-01-06 15:09:49,0
931,918,1350,983,0,0,33,0,22,20,22,22,30,21,12,12,21,0,0,0,0,0,0,0,0,0,16,7,2,9,0,0,0,4,2,1,0,0,0,0,0,0,0,0,0,0,0,2024-01-06 15:11:49,4
953,946,998,973,18,15,25,6,14,14,13,13,45,14,8,8,17,3,3,3,3,3,3,3,3,3,8,1,5,0,1,8,6,4,2,0,0,2,1,0,1,1,1,2,1,1,1,2024-01-06 15:13:49,1
946,934,1065,695,40,33,30,19,17,11,16,16,30,17,11,11,19,12,12,12,7,7,12,7,7,7,4,4,7,1,2,8,6,4,2,1,0,2,0,0,1,1,1,2,1,2,1,2024-01-06 15:15:49,2
958,943,34,0,14,12,36,10,23,20,21,21,30,20,13,13,23,8,8,8,2,2,8,2,2,2,10,3,3,8,2,0,0,4,2,1,0,0,0,0,0,0,0,0,0,0,2,2024-01-06 15:17:49,0
937,930,16,0,0,0,19,0,12,11,11,11,30,11,8,8,11,0,0,0,0,0,0,0,0,0,7,4,4,1,1,4,6,4,2,0,0,2,0,0,1,1,1,2,1,0,0,2024-01-06 15:19:49,0
958,941,381,0,24,20,41,10,24,19,22,22,30,22,17,17,23,6,6,6,4,4,6,4,4,4,6,5,9,2,2,0,0,4,2,0,0,0,0,1,0,0,0,0,0,0,0,2024-01-06 15:21:49,3
950,942,22,0,6,5,29,2,10,12,10,10,45,9,15,15,13,1,1,1,1,1,1,1,1,1,7,8,6,2,0,8,6,4,4,0,0,2,0,0,1,1,1,2,1,0,1,2024-01-06 15:23:49,1
940,930,379,0,48,40,43,20,16,14,16,16,30,18,21,21,22,12,12,12,8,8,12,8,8,8,5,9,3,2,0,8,6,4,6,0,0,2,0,0,1,1,1,2,1,2,1,2024-01-06 15:25:49,3
954,946,881,858,12,10,25,4,11,9,10,10,30,10,14,14,11,2,2,2,2,2,2,2,2,2,1,4,3,1,1,0,0,4,6,0,0,0,1,0,0,0,0,0,0,0,2,2024-01-06 15:27:49,2
941,933,877,860,12,10,18,4,10,9,11,11,30,8,6,6,12,2,2,2,2,2,2,2,2,2,4,0,5,1,0,7,6,4,6,1,0,2,0,0,1,1,1,2,1,0,0,2024-01-06 15:29:49,2
947,920,1264,886,6,5,36,3,28,25,26,26,30,22,8,8,28,4,4,4,1,1,2,1,1,1,18,3,8,7,3,0,0,4,6,2,2,0,2,0,0,0,0,0,0,0,0,2024-01-06 15:31:49,1
959,945,878,852,18,15,28,6,15,11,15,15,45,12,14,14,14,5,5,5,3,3,3,3,3,3,4,2,6,1,1,8,6,4,6,0,2,2,0,0,1,1,1,2,1,0,1,2024-01-06 15:33:49,2
920,915,1219,851,12,10,28,7,8,12,8,8,30,9,14,14,14,5,5,5,2,2,5,2,2,2,7,3,6,1,0,8,6,4,6,0,0,2,0,0,1,1,1,2,1,1,1,2024-01-06 15:35:49,1
960,945,876,849,30,25,29,10,20,14,18,18,30,19,10,10,19,5,5,5,5,5,5,5,5,5,8,4,5,4,2,0,0,4,6,0,0,0,0,0,0,0,0,0,0,1,2,2024-01-06 15:37:49,2
931,922,867,849,6,5,17,2,19,13,18,18,30,18,3,3,14,1,1,1,1,1,1,1,1,1,7,0,2,4,1,7,6,4,6,0,0,2,1,0,1,1,1,2,1,0,0,2024-01-06 15:39:49,0
975,949,1248,853,42,35,58,19,34,30,33,33,30,29,19,19,39,12,12,12,7,7,12,7,7,7,14,4,12,7,2,0,0,4,6,2,0,0,1,1,0,0,0,0,0,0,0,2024-01-06 15:41:49,2
965,954,938,915,24,20,26,9,13,10,13,13,45,10,12,12,14,5,5,5,4,4,5,4,4,4,7,3,5,2,1,8,6,4,6,0,0,2,0,0,1,1,1,2,1,0,1,2024-01-06 15:43:49,1
942,931,1250,879,24,20,36,10,15,12,14,14,15,12,18,18,18,6,6,6,4,4,6,4,4,4,8,7,4,2,2,0,0,4,6,0,0,0,1,0,0,0,0,0,0,0,1,2024-01-06 15:45:49,4
963,948,844,811,36,30,40,12,17,12,17,17,45,18,19,19,21,6,6,6,6,6,6,6,6,6,7,8,3,3,1,8,6,4,6,2,0,2,4,0,1,1,1,2,1,3,2,2024-01-06 15:47:49,8
936,928,910,891,0,0,19,0,14,10,11,11,30,11,9,9,10,0,0,0,0,0,0,0,0,0,2,0,2,2,3,8,6,4,6,0,0,2,0,0,1,1,1,2,1,0,0,2024-01-06 15:49:49,0
935,925,1349,971,6,5,24,2,14,15,15,15,30,13,8,8,16,1,1,1,1,1,1,1,1,1,9,3,3,4,0,0,0,4,5,0,0,0,1,0,0,0,0,0,0,0,0,2024-01-06 15:51:49,1
939,925,1004,966,18,15,37,7,23,22,22,22,45,21,10,10,26,4,4,4,3,3,4,3,3,3,7,2,5,6,1,7,6,4,6,1,0,2,0,0,1,1,1,2,1,0,1,2024-01-06 15:53:49,1
925,912,983,596,0,0,40,0,21,26,22,22,15,22,14,14,26,0,0,0,0,0,0,0,0,0,13,3,9,4,0,0,0,4,8,0,0,0,1,0,0,0,0,0,0,0,1,2024-01-06 15:55:49,4
981,970,31,0,56,46,30,22,12,11,9,9,45,9,9,9,21,13,13,13,10,10,13,10,10,10,6,3,6,1,3,7,6,4,8,0,0,2,0,0,1,1,1,2,1,0,2,2024-01-06 15:57:49,6
939,923,29,0,28,24,30,10,21,20,22,22,30,23,5,5,25,5,5,5,4,4,5,4,4,4,9,3,11,4,0,7,6,4,7,1,0,2,1,0,1,1,1,2,1,2,0,2024-01-06 15:59:49,4
971,947,386,0,54,45,45,18,29,23,23,23,30,21,12,12,33,9,9,9,9,9,9,9,9,9,7,6,10,2,6,0,0,4,8,1,0,0,1,0,0,0,0,0,0,0,0,2024-01-06 16:01:49,5
975,957,40,0,36,30,45,14,23,21,22,22,45,20,17,17,28,10,10,10,6,6,8,6,6,6,6,4,5,6,1,9,6,4,8,1,2,2,1,0,1,1,1,2,1,0,1,2024-01-06 16:03:49,2
936,924,359,0,6,5,20,2,13,9,11,11,15,11,10,10,10,5,5,5,1,1,1,1,1,1,5,4,5,0,1,0,0,4,8,0,4,0,0,0,0,0,0,0,0,0,1,2024-01-06 16:05:49,0
979,953,888,849,38,30,38,12,32,18,28,28,45,21,12,12,26,4,4,4,8,8,4,8,8,8,7,7,10,4,8,8,6,4,8,0,0,2,0,0,1,1,1,2,1,0,2,2024-01-06 16:07:49,3
952,943,873,849,34,30,23,13,15,13,13,13,30,15,6,6,17,9,9,9,4,4,9,4,4,4,4,2,4,2,2,8,6,4,8,0,0,2,1,0,1,1,1,2,1,2,0,2024-01-06 16:09:49,1
945,931,1279,891,54,45,45,18,19,23,19,19,30,17,11,11,34,9,9,9,9,9,9,9,9,9,21,5,3,7,0,0,0,4,8,2,0,0,0,0,0,0,0,0,0,0,0,2024-01-06 16:11:49,3
959,948,883,853,30,25,32,10,17,15,16,16,45,16,12,12,20,5,5,5,5,5,5,5,5,5,8,3,4,5,1,4,6,4,8,0,0,2,0,0,1,1,1,2,1,0,1,2024-01-06 16:13:49,0
919,910,1193,818,6,5,37,2,19,19,18,18,15,17,16,16,21,1,1,1,1,1,1,1,1,1,7,3,4,3,1,0,0,4,8,1,0,0,1,0,0,0,0,0,0,0,1,2024-01-06 16:15:49,0
956,950,875,853,6,5,23,2,10,10,10,10,45,10,12,12,11,1,1,1,1,1,1,1,1,1,7,1,2,2,0,9,6,4,8,0,0,2,1,0,1,1,1,2,1,0,2,2024-01-06 16:17:49,0
947,916,891,857,36,30,34,12,36,22,24,24,15,24,6,6,28,6,6,6,6,6,6,6,6,6,8,1,11,4,12,0,0,4,8,0,0,0,1,0,0,0,0,0,0,1,0,2024-01-06 16:19:49,0
956,939,1221,836,12,10,51,4,23,28,23,23,45,22,18,18,33,2,2,2,2,2,2,2,2,2,16,8,6,8,0,9,6,4,8,3,0,2,1,1,1,1,1,2,1,2,0,2024-01-06 16:21:49,0
964,948,943,916,12,10,40,4,22,23,21,21,45,20,14,14,26,2,2,2,2,2,2,2,2,2,16,8,4,3,5,7,6,4,8,1,0,2,0,0,1,1,1,2,1,0,1,2024-01-06 16:23:49,20
934,922,1238,860,12,10,39,6,16,19,14,14,15,14,18,18,21,4,4,4,2,2,4,2,2,2,10,3,7,3,2,0,0,4,8,0,0,0,0,3,0,0,0,0,0,0,1,2024-01-06 16:25:49,7
945,931,879,841,24,20,39,9,20,17,18,18,45,17,17,17,22,5,5,5,4,4,5,4,4,4,10,1,5,3,3,9,6,4,8,1,0,2,1,1,1,1,1,2,1,0,2,2024-01-06 16:27:49,0
956,937,934,900,12,10,35,5,24,23,21,21,15,20,9,9,26,3,3,3,2,2,3,2,2,2,15,0,7,7,3,0,0,4,8,1,0,0,0,0,0,0,0,0,0,0,0,2024-01-06 16:29:49,0
969,951,1367,967,66,55,56,28,22,25,20,20,45,19,18,18,38,17,17,17,11,11,17,11,11,11,20,3,7,4,2,8,6,4,8,2,0,2,0,0,1,1,1,2,1,1,0,2024-01-06 16:31:49,1
977,960,1014,961,54,45,53,24,21,19,19,19,45,20,25,25,28,17,17,17,9,9,15,9,9,9,6,1,6,5,2,5,6,4,8,0,2,2,1,1,1,1,1,2,1,1,1,2024-01-06 16:33:49,2
958,953,1020,636,124,102,48,42,8,10,8,8,15,8,16,16,32,21,21,22,22,22,22,22,22,22,5,4,3,2,0,0,0,4,8,0,0,0,1,1,0,0,0,0,0,0,1,2024-01-06 16:35:49,0
994,970,51,0,80,68,54,29,52,28,50,50,45,48,12,12,42,16,16,15,12,12,15,12,12,12,10,3,7,11,3,9,6,4,8,2,0,2,0,0,1,1,1,2,1,0,2,2024-01-06 16:37:49,3
927,918,16,0,12,10,15,5,11,8,10,10,15,10,5,5,10,3,3,3,2,2,3,2,2,2,6,0,1,3,0,0,0,4,7,0,0,0,0,0,0,0,0,0,0,0,0,2024-01-06 16:39:49,0
959,942,381,0,47,40,44,18,19,16,15,15,45,15,21,21,23,10,10,11,7,7,11,7,7,7,7,6,9,3,4,8,6,4,8,0,0,2,1,0,1,1,1,2,1,0,0,2024-01-06 16:41:49,0
1030,1017,76,0,199,165,76,75,16,15,16,16,45,17,26,26,49,42,42,41,34,34,41,34,34,34,6,1,3,6,0,9,6,4,8,0,0,2,0,0,1,1,1,2,1,1,1,2024-01-06 16:43:49,2
942,925,372,0,30,25,28,10,16,10,10,10,15,11,13,13,15,9,9,9,5,5,5,5,5,5,4,0,4,2,6,0,0,4,10,0,4,0,1,0,0,0,0,0,0,1,1,2024-01-06 16:45:49,0
953,943,887,854,12,10,33,4,19,19,19,19,45,18,12,12,21,2,2,2,2,2,2,2,2,2,9,1,4,5,0,8,6,4,8,0,0,2,0,0,1,1,1,2,1,0,2,2024-01-06 16:47:49,2
953,930,921,885,12,10,42,4,31,25,29,29,15,27,12,12,30,2,2,2,2,2,2,2,2,2,7,3,8,8,2,0,0,4,8,2,0,0,2,0,0,0,0,0,0,0,0,2024-01-06 16:49:49,2
945,929,1256,862,36,30,38,12,20,24,18,18,45,16,5,5,33,6,6,6,6,6,6,6,6,6,23,1,2,6,2,9,6,4,8,3,0,2,0,0,1,1,1,2,1,1,0,2024-01-06 16:51:49,0
964,951,882,845,14,11,43,5,24,22,23,23,30,23,17,17,26,2,2,2,3,3,2,3,3,3,11,7,3,4,2,0,0,4,8,1,0,0,2,2,0,0,0,0,0,1,1,2024-01-06 16:53:49,1
932,928,1187,817,4,4,26,1,7,8,6,6,30,6,18,18,8,1,1,1,0,0,1,0,0,0,5,7,3,1,1,8,6,4,8,0,0,2,0,0,1,1,1,2,1,0,1,2024-01-06 16:55:49,1
960,946,875,840,24,20,33,10,21,16,17,17,45,17,13,13,20,6,6,6,4,4,6,4,4,4,7,5,6,1,4,3,6,4,8,0,0,2,0,0,1,1,1,2,1,1,2,2024-01-06 16:57:49,6
959,941,878,851,30,25,30,19,22,14,17,17,15,15,11,11,19,14,14,14,5,5,14,5,5,5,8,4,7,3,5,0,0,4,8,0,0,0,0,0,0,0,0,0,0,0,0,2024-01-06 16:59:49,0
969,937,1259,833,18,15,99,11,43,52,41,41,45,29,36,36,63,8,8,8,3,3,8,3,3,3,45,14,8,16,4,7,6,4,8,8,0,2,0,0,1,1,1,2,1,0,0,2024-01-06 17:01:49,10
971,956,904,873,18,15,34,8,13,14,13,13,30,13,17,17,17,9,9,9,3,3,5,3,3,3,6,5,7,4,0,0,0,4,8,0,4,0,0,2,0,0,0,0,0,0,1,2024-01-06 17:03:49,0
938,926,1224,861,18,15,22,6,13,11,12,11,30,12,8,8,14,7,7,7,3,3,3,3,3,3,2,2,2,5,1,8,6,4,8,0,4,2,0,0,1,1,1,2,1,1,1,2024-01-06 17:05:49,1
951,941,874,845,12,10,25,4,12,12,10,11,45,11,11,11,14,2,2,2,2,2,2,2,2,2,8,6,5,1,2,8,6,4,8,0,0,2,0,0,1,1,1,2,1,0,2,2024-01-06 17:07:49,0
950,931,918,894,24,20,26,8,23,14,21,21,15,21,8,8,18,4,4,4,4,4,4,4,4,4,5,4,9,3,2,0,0,4,7,0,0,0,0,0,0,0,0,0,0,1,0,2024-01-06 17:09:49,0
946,916,1398,970,18,15,76,6,48,63,47,47,45,42,6,6,70,3,3,3,3,3,3,3,3,3,19,3,11,12,0,9,6,4,8,4,0,2,0,0,1,1,1,2,1,0,0,2024-01-06 17:11:49,4
1038,950,1147,984,6,5,165,2,164,152,165,165,30,163,9,9,155,1,1,1,1,1,1,1,1,1,5,1,4,45,1,0,0,4,9,2,0,0,2,0,0,0,0,0,0,0,1,2024-01-06 17:13:49,7
1001,924,1184,673,18,15,175,6,158,157,156,156,30,151,10,10,165,3,3,3,3,3,3,3,3,3,9,2,5,38,2,8,6,4,10,5,0,2,1,0,1,1,1,2,1,0,1,2024-01-06 17:15:49,3
961,946,25,0,24,20,29,8,13,10,12,12,45,13,15,15,14,4,4,4,4,4,4,4,4,4,5,5,3,4,1,6,6,4,7,0,0,2,0,0,1,1,1,2,1,1,2,2024-01-06 17:17:49,10
927,911,24,0,6,5,24,2,23,20,20,20,15,20,3,3,21,1,1,1,1,1,1,1,1,1,7,0,7,4,3,0,0,4,4,0,0,0,0,0,0,0,0,0,0,0,0,2024-01-06 17:19:49,4
939,927,373,0,18,15,33,8,40,16,40,40,45,40,13,13,20,5,5,5,3,3,5,3,3,3,11,2,3,4,1,8,6,4,4,1,0,2,1,0,1,1,1,2,1,1,0,2024-01-06 17:21:49,4
969,954,27,0,24,20,28,9,31,12,29,29,30,25,11,11,17,5,5,5,4,4,5,4,4,4,1,2,6,1,4,0,0,4,4,1,0,0,1,0,0,0,0,0,0,1,1,2024-01-06 17:23:49,3
933,922,369,0,0,0,28,0,13,14,13,13,30,13,14,14,14,0,0,0,0,0,0,0,0,0,9,3,4,6,0,7,6,4,4,0,0,2,1,0,1,1,1,2,1,0,1,2024-01-06 17:25:49,4
957,943,891,863,12,10,30,4,16,12,15,15,30,15,16,16,14,2,2,2,2,2,2,2,2,2,7,4,4,5,1,0,0,4,4,0,0,0,0,0,0,0,0,0,0,0,2,2024-01-06 17:27:49,0
926,919,902,883,18,15,21,8,8,9,7,7,30,8,9,9,12,5,5,5,3,3,5,3,3,3,3,3,4,1,1,9,6,4,4,0,0,2,0,0,1,1,1,2,1,1,0,2024-01-06 17:29:49,2
945,926,1264,874,18,15,47,6,26,31,21,21,45,19,10,10,37,3,3,3,3,3,3,3,3,3,25,3,6,2,4,8,6,4,4,3,0,2,1,1,1,1,1,2,1,1,0,2024-01-06 17:31:49,0
962,952,901,872,0,0,36,0,11,10,12,12,30,12,26,26,10,4,4,4,0,0,0,0,0,0,4,7,4,1,0,0,0,4,4,0,4,0,1,0,0,0,0,0,0,0,1,2024-01-06 17:33:49,0
938,925,1216,844,18,15,35,6,18,16,16,16,30,15,15,15,20,3,3,3,3,3,3,3,3,3,7,4,6,2,2,8,6,4,4,1,0,2,0,0,1,1,1,2,1,0,1,2024-01-06 17:35:49,0
952,937,873,849,12,10,25,4,20,17,17,17,30,17,6,6,19,2,2,2,2,2,2,2,2,2,10,1,8,4,3,0,0,4,4,0,0,0,0,0,0,0,0,0,0,0,2,2024-01-06 17:37:49,0
931,923,882,864,12,10,17,4,11,10,11,11,30,12,5,5,12,2,2,2,2,2,2,2,2,2,3,0,4,2,0,9,6,4,4,0,0,2,0,0,1,1,1,2,1,1,0,2024-01-06 17:39:49,0
949,931,1218,841,12,10,44,4,25,25,24,24,45,22,16,16,28,2,2,2,2,2,2,2,2,2,11,7,8,5,2,8,6,4,4,1,0,2,1,0,1,1,1,2,1,0,0,2024-01-06 17:41:49,5
975,949,945,906,36,30,38,12,37,22,31,31,30,30,10,10,28,6,6,6,6,6,6,6,6,6,9,0,8,5,7,0,0,4,3,0,0,0,0,0,0,0,0,0,0,1,1,2024-01-06 17:43:49,8
939,926,1245,873,12,10,30,4,13,16,11,11,30,10,11,11,19,3,3,3,2,2,2,2,2,2,6,0,11,1,2,6,6,4,4,1,1,2,0,0,1,1,1,2,1,0,1,2024-01-06 17:45:49,1
956,943,876,844,6,5,33,8,22,19,22,22,30,21,12,12,21,7,7,7,1,1,7,1,1,1,6,1,4,5,0,0,0,4,4,1,0,0,0,0,0,0,0,0,0,0,2,2024-01-06 17:47:49,0
943,928,964,912,58,48,45,21,27,23,25,25,30,23,10,10,35,11,11,11,10,10,11,10,10,10,8,1,4,3,2,9,6,4,4,2,0,2,1,0,1,1,1,2,1,0,0,2024-01-06 17:49:49,1
928,921,1337,957,8,7,22,3,33,15,33,33,45,34,6,6,16,2,2,2,1,1,2,1,1,1,8,2,4,1,0,3,6,4,4,0,0,2,0,0,1,1,1,2,1,1,0,2024-01-06 17:51:49,1
966,954,971,942,16,13,29,7,17,18,15,15,30,15,8,8,21,4,4,4,3,3,4,3,3,3,5,1,4,4,2,0,0,4,4,0,0,0,0,0,0,0,0,0,0,0,1,2024-01-06 17:53:49,1
932,926,930,563,20,17,20,6,8,5,9,9,30,11,12,12,8,3,3,3,3,3,3,3,3,3,4,2,0,3,0,7,6,4,4,0,0,2,0,0,1,1,1,2,1,2,1,2024-01-06 17:55:49,3
930,920,27,0,12,10,28,4,16,13,15,15,30,13,11,11,17,2,2,2,2,2,2,2,2,2,4,3,4,5,1,0,0,4,3,2,0,0,1,1,0,0,0,0,0,0,2,2024-01-06 17:57:49,0
957,946,20,0,0,0,36,0,19,18,18,18,30,16,17,17,19,0,0,0,0,0,0,0,0,0,9,18,7,2,1,8,6,4,4,1,0,2,0,3,1,1,1,2,1,0,0,2024-01-06 17:59:49,5
946,936,378,0,72,60,32,24,8,7,9,9,45,9,13,13,19,14,14,14,12,12,12,12,12,12,2,3,1,4,0,4,6,4,4,0,2,2,0,0,1,1,1,2,1,0,0,2024-01-06 18:01:49,15
955,949,27,0,8,7,29,3,12,13,12,12,30,11,13,13,16,2,2,2,1,1,2,1,1,1,4,1,2,2,1,0,0,4,4,2,0,0,0,0,0,0,0,0,0,1,1,2024-01-06 18:03:49,2
905,894,359,0,0,0,18,0,10,9,10,10,30,10,9,9,9,4,4,4,0,0,0,0,0,0,6,1,2,1,0,8,6,4,4,0,4,2,0,1,1,1,1,2,1,0,1,2024-01-06 18:05:49,0
969,958,880,849,30,25,26,10,18,14,16,16,30,17,7,7,19,5,5,5,5,5,5,5,5,5,3,3,6,4,2,0,0,4,4,0,0,0,0,0,0,0,0,0,0,1,2,2024-01-06 18:07:49,3
950,928,876,845,18,15,32,6,32,25,29,29,30,28,3,3,29,3,3,3,3,3,3,3,3,3,12,0,8,7,3,8,6,4,4,1,0,2,1,0,1,1,1,2,1,0,0,2024-01-06 18:09:49,1
946,926,1243,872,18,15,31,7,26,22,20,20,30,20,6,6,25,4,4,4,3,3,4,3,3,3,13,2,6,4,6,0,0,4,4,0,0,0,1,0,0,0,0,0,0,0,0,2024-01-06 18:11:49,0
964,946,870,845,12,10,25,4,19,14,14,14,45,14,9,9,16,5,5,5,2,2,2,2,2,2,7,0,6,1,5,7,6,4,4,0,3,2,0,0,1,1,1,2,1,0,1,2024-01-06 18:13:49,0
1079,1071,1264,846,317,258,74,162,12,6,11,11,30,12,9,9,65,104,104,104,59,59,103,59,59,59,3,2,3,0,1,9,6,4,4,0,1,2,0,0,1,1,1,2,1,1,1,2024-01-06 18:15:49,11
981,960,876,845,77,70,35,26,24,14,19,19,30,18,12,12,23,19,19,19,7,7,19,7,7,7,8,4,8,4,7,0,0,4,4,1,0,0,1,0,0,0,0,0,0,1,2,2024-01-06 18:17:49,9
962,947,885,854,14,12,38,5,29,23,30,30,30,27,11,11,27,3,3,3,2,2,3,2,2,2,12,7,1,6,2,8,6,4,4,1,0,2,1,1,1,1,1,2,1,0,0,2024-01-06 18:19:49,10
935,917,1203,826,18,15,41,6,23,14,16,16,30,15,23,23,18,3,3,3,3,3,3,3,3,3,4,5,7,2,7,0,0,4,4,1,0,0,0,0,0,0,0,0,0,0,0,2024-01-06 18:21:49,0
952,940,875,861,12,10,14,4,12,6,9,9,45,7,6,6,8,2,2,2,2,2,2,2,2,2,4,0,3,3,4,8,6,4,4,0,0,2,0,0,1,1,1,2,1,0,1,2024-01-06 18:23:49,1
930,922,1226,862,12,10,22,4,11,11,11,11,30,12,9,9,13,2,2,2,2,2,2,2,2,2,9,1,3,3,0,6,6,4,4,0,0,2,1,0,1,1,1,2,1,1,1,2024-01-06 18:25:49,0
941,933,862,836,6,5,24,2,10,11,10,10,30,11,12,12,12,1,1,1,1,1,1,1,1,1,5,1,3,4,0,0,0,4,4,0,0,0,0,0,0,0,0,0,0,1,2,2024-01-06 18:27:49,0
942,935,905,889,12,10,15,4,8,7,8,8,30,9,6,6,9,2,2,2,2,2,2,2,2,2,4,0,5,1,0,8,6,4,4,0,0,2,0,0,1,1,1,2,1,1,0,2024-01-06 18:29:49,0
926,915,1328,962,6,5,23,2,11,12,10,10,30,8,8,8,15,3,3,3,1,1,1,1,1,1,9,2,2,1,1,0,0,4,4,2,2,0,0,0,0,0,0,0,0,0,0,2024-01-06 18:31:49,0
953,940,986,959,12,10,27,4,13,12,11,11,45,11,13,13,14,4,4,4,2,2,2,2,2,2,4,1,5,3,2,9,6,4,4,0,2,2,0,0,1,1,1,2,1,0,1,2024-01-06 18:33:49,1
945,930,1114,736,18,15,40,9,20,16,20,20,30,18,20,20,20,6,6,6,3,3,6,3,3,3,7,3,8,3,0,9,6,4,4,1,0,2,1,0,1,1,1,2,1,0,1,2024-01-06 18:35:49,0
942,936,19,0,18,15,22,6,12,10,12,12,30,11,9,9,13,3,3,3,3,3,3,3,3,3,3,5,3,0,1,0,0,4,4,0,0,0,1,0,0,0,0,0,0,1,2,2024-01-06 18:37:49,1
969,943,24,0,24,20,25,8,30,16,20,20,30,21,5,5,20,4,4,4,4,4,4,4,4,4,6,2,8,3,10,8,6,4,4,0,0,2,1,0,1,1,1,2,1,1,0,2024-01-06 18:39:49,0
913,905,369,0,12,10,29,4,16,18,14,14,30,13,8,8,21,2,2,2,2,2,2,2,2,2,12,1,4,0,1,0,0,4,4,1,0,0,0,0,0,0,0,0,0,0,0,2024-01-06 18:41:49,1
956,950,18,0,6,5,21,2,9,7,9,9,45,8,12,12,9,1,1,1,1,1,1,1,1,1,3,2,1,3,1,9,6,4,4,1,0,2,1,0,1,1,1,2,1,0,1,2024-01-06 18:43:49,0
935,924,371,0,6,5,31,2,16,16,16,16,15,16,14,14,17,1,1,1,1,1,1,1,1,1,5,2,3,5,1,0,0,4,4,0,0,0,0,0,0,0,0,0,0,0,1,2024-01-06 18:45:49,6
936,929,874,854,6,5,21,2,9,9,8,8,45,8,11,11,10,1,1,1,1,1,1,1,1,1,5,1,5,2,1,8,6,4,4,0,0,2,0,0,1,1,1,2,1,0,2,2024-01-06 18:47:49,0
933,924,909,884,18,15,23,6,18,12,16,16,30,16,8,8,15,3,3,3,3,3,3,3,3,3,2,0,3,1,2,8,6,4,4,0,0,2,0,0,1,1,1,2,1,1,0,2024-01-06 18:49:49,0
924,919,1246,872,18,15,18,8,8,9,8,8,30,8,5,5,13,5,5,5,3,3,5,3,3,3,5,1,2,1,0,0,0,4,4,1,0,0,1,0,0,0,0,0,0,1,0,2024-01-06 18:51:49,2
955,941,863,843,6,5,21,2,16,10,17,17,45,13,9,9,12,1,1,1,1,1,1,1,1,1,4,2,4,2,0,8,6,4,4,1,0,2,0,0,1,1,1,2,1,0,1,2024-01-06 18:53:49,2
937,931,1193,829,12,10,20,4,9,8,9,9,15,9,10,10,10,2,2,2,2,2,2,2,2,2,4,0,5,0,0,0,0,4,4,0,0,0,0,0,0,0,0,0,0,0,1,2024-01-06 18:55:49,0
951,941,858,828,18,15,28,6,17,15,15,15,45,16,10,10,18,3,3,3,3,3,3,3,3,3,4,3,6,2,2,8,6,4,4,0,0,2,0,1,1,1,1,2,1,1,2,2024-01-06 18:57:49,1
920,917,863,857,0,0,8,0,5,5,5,5,30,5,3,3,5,0,0,0,0,0,0,0,0,0,3,2,2,0,0,8,6,4,4,0,0,2,0,0,1,1,1,2,1,0,0,2024-01-06 18:59:49,0
940,923,1232,844,24,20,44,9,23,16,18,18,30,18,23,23,21,7,7,7,4,4,5,4,4,4,8,3,7,0,5,0,0,4,4,1,2,0,0,0,0,0,0,0,0,1,0,2024-01-06 19:01:49,0
964,950,927,894,18,15,32,8,16,16,16,16,45,17,13,13,19,7,7,7,3,3,5,3,3,3,5,1,6,4,0,3,6,4,4,0,2,2,1,0,1,1,1,2,1,1,1,2024-01-06 19:03:49,2
937,921,1220,855,12,10,26,4,18,15,15,15,15,14,8,8,18,6,6,6,2,2,2,2,2,2,6,2,4,2,3,0,0,4,4,1,4,0,0,1,0,0,0,0,0,0,1,2024-01-06 19:05:49,1
946,930,871,837,6,5,30,2,18,19,17,17,45,16,9,9,21,1,1,1,1,1,1,1,1,1,11,3,7,7,1,9,6,4,4,1,0,2,1,0,1,1,1,2,1,0,2,2024-01-06 19:07:49,2
945,934,882,867,18,15,14,6,12,9,11,11,30,11,2,2,12,3,3,3,3,3,3,3,3,3,3,0,5,2,1,8,6,4,4,0,0,2,0,0,1,1,1,2,1,0,0,2024-01-06 19:09:49,0
938,918,1347,964,12,10,46,4,30,36,29,29,30,25,5,5,41,2,2,2,2,2,2,2,2,2,24,2,8,7,1,0,0,4,4,3,0,0,0,0,0,0,0,0,0,0,0,2024-01-06 19:11:49,1
958,947,1003,971,12,10,30,5,22,21,20,20,45,21,7,7,23,3,3,3,2,2,3,2,2,2,7,0,5,3,2,8,6,4,4,0,0,2,0,0,1,1,1,2,1,1,1,2024-01-06 19:13:49,0
927,920,1051,688,18,15,21,9,8,10,7,7,15,7,7,7,14,6,6,6,3,3,6,3,3,3,8,0,7,1,1,0,0,4,4,1,0,0,0,0,0,0,0,0,0,1,1,2024-01-06 19:15:49,0
933,921,22,0,12,10,22,4,15,11,14,14,45,14,9,9,13,2,2,2,2,2,2,2,2,2,3,1,5,1,1,7,6,4,4,0,0,2,0,0,1,1,1,2,1,0,2,2024-01-06 19:17:49,0
946,937,19,0,0,0,19,0,14,14,15,15,15,15,5,5,14,0,0,0,0,0,0,0,0,0,4,0,1,4,0,0,0,4,4,0,0,0,2,0,0,0,0,0,0,0,0,2024-01-06 19:19:49,0
931,915,371,0,18,15,33,6,20,16,15,15,45,14,13,13,20,3,3,3,3,3,3,3,3,3,9,3,7,3,4,8,6,4,4,1,0,2,1,0,1,1,1,2,1,0,0,2024-01-06 19:21:49,1
955,949,28,0,6,5,27,4,15,20,15,15,45,15,6,6,21,3,3,3,1,1,3,1,1,1,13,0,3,2,0,6,6,4,3,0,0,2,0,1,1,1,1,2,1,0,1,2024-01-06 19:23:49,0
927,923,363,0,6,5,21,2,11,10,10,10,15,11,10,10,11,1,1,1,1,1,1,1,1,1,2,1,3,1,1,0,0,4,4,0,0,0,0,1,0,0,0,0,0,1,1,2024-01-06 19:25:49,0
945,936,894,865,30,25,30,10,11,10,10,10,45,11,14,14,16,5,5,5,5,5,5,5,5,5,4,3,6,1,1,8,6,4,4,1,0,2,0,0,1,1,1,2,1,2,2,2024-01-06 19:27:49,2
942,932,902,876,12,10,27,4,18,17,17,17,15,17,8,8,19,2,2,2,2,2,2,2,2,2,8,2,5,3,1,0,0,4,4,0,0,0,0,0,0,0,0,0,0,0,0,2024-01-06 19:29:49,1
930,917,1259,876,0,0,43,0,15,30,15,15,45,13,10,10,33,2,2,2,0,0,0,0,0,0,27,5,6,2,0,9,6,4,4,2,2,2,2,0,1,1,1,2,1,0,0,2024-01-06 19:31:49,1
974,953,904,865,0,0,53,0,31,28,32,32,45,27,20,20,33,2,2,2,0,0,0,0,0,0,18,9,1,11,0,6,6,4,4,5,2,2,0,0,1,1,1,2,1,0,1,2024-01-06 19:33:49,3
934,922,1204,838,0,0,26,0,14,14,14,14,15,14,12,12,14,0,0,0,0,0,0,0,0,0,8,2,6,3,0,0,0,4,4,0,0,0,0,1,0,0,0,0,0,0,1,2024-01-06 19:35:49,0
932,927,877,851,18,15,26,10,13,14,13,13,45,13,8,8,18,7,7,7,3,3,7,3,3,3,7,1,2,2,0,8,6,4,4,1,0,2,0,0,1,1,1,2,1,1,2,2024-01-06 19:37:49,0
940,935,861,847,18,15,14,6,11,8,10,10,15,10,2,2,12,3,3,3,3,3,3,3,3,3,3,0,2,1,1,0,0,4,4,1,0,0,0,0,0,0,0,0,0,1,0,2024-01-06 19:39:49,0
924,917,1220,852,6,5,27,2,20,18,20,20,45,20,8,8,19,1,1,1,1,1,1,1,1,1,7,1,2,3,0,9,6,4,4,0,0,2,2,0,1,1,1,2,1,0,0,2024-01-06 19:41:49,0
956,947,924,901,18,15,22,6,10,9,9,9,45,9,10,10,12,3,3,3,3,3,3,3,3,3,5,0,6,0,1,9,6,4,4,0,0,2,1,0,1,1,1,2,1,0,1,2024-01-06 19:43:49,0
932,922,1225,854,12,10,29,5,17,15,16,16,15,15,12,12,17,3,3,3,2,2,3,2,2,2,4,1,5,3,1,0,0,4,4,0,0,0,0,0,0,0,0,0,0,0,1,2024-01-06 19:45:49,1
936,930,836,811,30,25,25,12,18,7,17,17,45,18,13,13,12,7,7,7,5,5,7,5,5,5,3,3,6,0,1,5,6,4,3,0,0,2,0,0,1,1,1,2,1,1,2,2024-01-06 19:47:49,1
949,937,932,905,6,5,27,2,32,17,29,29,15,29,9,9,18,1,1,1,1,1,1,1,1,1,8,0,5,0,3,0,0,4,4,0,0,0,1,0,0,0,0,0,0,0,0,2024-01-06 19:49:49,0
934,923,1361,973,24,20,32,8,41,19,40,40,45,40,8,8,24,4,4,4,4,4,4,4,4,4,5,1,5,4,1,8,6,4,4,1,0,2,0,0,1,1,1,2,1,1,0,2024-01-06 19:51:49,0
960,953,967,947,18,15,21,7,8,7,7,7,45,7,11,11,10,4,4,4,3,3,4,3,3,3,5,2,4,0,1,5,6,4,4,0,0,2,1,0,1,1,1,2,1,0,1,2024-01-06 19:53:49,1
941,926,1003,626,12,10,32,6,25,20,20,20,15,19,10,10,22,4,4,4,2,2,4,2,2,2,6,0,8,2,5,0,0,4,4,0,0,0,0,0,0,0,0,0,0,0,1,2024-01-06 19:55:49,0
948,938,33,0,30,25,29,10,16,16,16,16,45,16,8,8,21,5,5,5,5,5,5,5,5,5,7,1,4,6,0,8,6,4,4,0,0,2,0,0,1,1,1,2,1,0,2,2024-01-06 19:57:49,0
934,926,23,0,23,19,24,7,13,13,13,13,15,15,7,7,17,4,4,3,4,4,3,4,4,4,10,3,5,2,0,0,0,4,4,0,0,0,0,0,0,0,0,0,0,2,0,2024-01-06 19:59:49,0
936,925,385,0,13,11,34,5,18,21,16,16,45,16,11,11,23,2,2,3,2,2,3,2,2,2,9,5,5,1,2,9,6,4,4,0,0,2,2,0,1,1,1,2,1,0,0,2024-01-06 20:01:49,1
964,954,29,0,12,10,36,4,12,14,11,11,30,10,18,18,18,2,2,2,2,2,2,2,2,2,7,6,3,3,1,0,0,4,4,2,0,0,1,0,0,0,0,0,0,1,1,2024-01-06 20:03:49,0
932,920,362,0,6,5,20,2,15,13,15,15,30,15,6,6,14,5,5,5,1,1,1,1,1,1,7,1,2,3,0,7,6,4,4,0,4,2,0,0,1,1,1,2,1,0,1,2024-01-06 20:05:49,0
959,940,947,849,12,10,92,5,26,84,27,27,45,27,8,8,86,3,3,3,2,2,3,2,2,2,74,4,5,11,0,7,6,4,4,0,0,2,1,0,1,1,1,2,1,0,2,2024-01-06 20:07:49,1
970,920,920,859,12,10,91,4,64,54,64,64,15,44,12,12,76,2,2,2,2,2,2,2,2,2,70,8,2,26,0,0,0,4,6,20,0,0,1,0,0,0,0,0,0,0,0,2024-01-06 20:09:49,5
939,928,1244,873,18,15,33,6,22,21,20,20,45,18,6,6,27,3,3,3,3,3,3,3,3,3,15,3,4,5,1,8,6,4,2,3,0,2,0,0,1,1,1,2,1,1,0,2024-01-06 20:11:49,0
971,956,878,851,18,15,29,6,17,15,16,16,30,16,10,10,19,3,3,3,3,3,3,3,3,3,9,2,6,2,1,0,0,4,2,1,0,0,1,0,0,0,0,0,0,1,1,2024-01-06 20:13:49,0
936,923,1218,848,0,0,32,0,22,21,21,21,30,21,11,11,21,0,0,0,0,0,0,0,0,0,8,4,4,7,1,7,6,4,2,0,0,2,0,0,1,1,1,2,1,0,1,2024-01-06 20:15:49,0
949,937,856,833,6,5,26,2,86,14,83,83,45,83,11,11,15,1,1,1,1,1,1,1,1,1,6,3,2,6,3,9,6,4,2,0,0,2,0,0,1,1,1,2,1,0,2,2024-01-06 20:17:49,1
920,913,868,851,6,5,17,2,13,13,13,13,15,13,3,3,14,1,1,1,1,1,1,1,1,1,8,0,2,5,0,0,0,4,2,0,0,0,0,0,0,0,0,0,0,0,0,2024-01-06 20:19:49,0
936,920,1226,849,12,10,37,4,18,22,17,17,45,17,13,13,24,2,2,2,2,2,2,2,2,2,11,2,9,6,1,8,6,4,2,0,0,2,0,0,1,1,1,2,1,0,0,2024-01-06 20:21:49,0
961,950,929,905,18,15,23,6,15,14,14,14,30,15,6,6,17,3,3,3,3,3,3,3,3,3,6,0,4,5,1,0,0,4,2,0,0,0,0,0,0,0,0,0,0,1,1,2024-01-06 20:23:49,1
945,928,1230,856,24,20,33,8,23,18,19,19,30,19,10,10,23,4,4,4,4,4,4,4,4,4,3,2,6,5,4,8,6,4,2,1,0,2,0,0,1,1,1,2,1,1,1,2024-01-06 20:25:49,1
946,936,870,841,0,0,30,0,17,18,17,17,45,17,12,12,18,0,0,0,0,0,0,0,0,0,10,2,6,4,0,8,6,4,2,0,0,2,0,0,1,1,1,2,1,0,2,2024-01-06 20:27:49,0
913,904,897,869,6,5,28,2,17,20,17,17,15,18,7,7,21,1,1,1,1,1,1,1,1,1,7,1,3,5,0,0,0,4,2,0,0,0,1,1,0,0,0,0,0,1,0,2024-01-06 20:29:49,3
932,922,1336,972,0,0,20,0,10,11,10,10,45,10,9,9,11,2,2,2,0,0,0,0,0,0,7,3,5,1,0,8,6,4,2,0,2,2,0,1,1,1,1,2,1,0,0,2024-01-06 20:31:49,0
966,953,1016,983,12,10,35,4,20,19,17,17,30,18,14,14,21,2,2,2,2,2,2,2,2,2,7,3,6,3,2,0,0,4,2,0,0,0,1,0,0,0,0,0,0,1,1,2024-01-06 20:33:49,0
934,921,1027,648,12,10,39,6,23,22,24,24,30,22,14,14,25,4,4,4,2,2,4,2,2,2,13,2,5,4,0,8,6,4,2,1,0,2,0,0,1,1,1,2,1,1,1,2024-01-06 20:35:49,2
941,926,31,0,6,5,34,2,28,23,25,25,30,24,9,9,25,1,1,1,1,1,1,1,1,1,6,2,4,5,2,0,0,4,2,1,0,0,1,1,0,0,0,0,0,0,2,2024-01-06 20:37:49,0
950,938,24,0,24,20,24,9,18,18,19,19,30,19,2,2,22,5,5,5,4,4,5,4,4,4,8,0,3,5,0,8,6,4,2,0,0,2,1,0,1,1,1,2,1,0,0,2024-01-06 20:39:49,0
930,920,373,0,12,10,31,4,16,20,14,14,45,13,9,9,23,2,2,2,2,2,2,2,2,2,13,1,6,1,2,9,6,4,2,1,0,2,1,0,1,1,1,2,1,0,0,2024-01-06 20:41:49,1
960,946,31,0,6,5,31,2,20,19,18,18,30,18,10,10,20,1,1,1,1,1,1,1,1,1,9,0,9,3,2,0,0,4,2,0,0,0,0,0,0,0,0,0,0,0,1,2024-01-06 20:43:49,1
931,926,373,0,18,15,30,6,15,17,14,14,30,15,10,10,20,3,3,3,3,3,3,3,3,3,4,0,3,1,1,9,6,4,2,0,0,2,0,0,1,1,1,2,1,1,1,2024-01-06 20:45:49,0
935,927,886,856,6,5,36,2,19,17,19,19,30,18,16,16,20,1,1,1,1,1,1,1,1,1,4,5,1,5,0,0,0,4,2,2,0,0,1,0,0,0,0,0,0,1,2,2024-01-06 20:47:49,0
949,932,896,863,18,15,38,6,22,21,20,20,30,19,13,13,25,3,3,3,3,3,3,3,3,3,6,4,9,6,2,9,6,4,2,1,0,2,1,1,1,1,1,2,1,0,0,2024-01-06 20:49:49,1
937,924,1261,879,12,10,27,4,17,19,16,16,45,15,5,5,22,2,2,2,2,2,2,2,2,2,14,1,7,4,1,4,6,4,2,1,0,2,0,0,1,1,1,2,1,0,0,2024-01-06 20:51:49,0
954,943,888,850,6,5,36,2,28,28,28,28,30,28,7,7,29,1,1,1,1,1,1,1,1,1,7,0,3,6,0,0,0,4,2,0,0,0,0,0,0,0,0,0,0,0,1,2024-01-06 20:53:49,0
933,925,1201,837,6,5,19,2,9,8,8,8,30,8,10,10,9,1,1,1,1,1,1,1,1,1,4,0,5,2,1,5,6,4,2,0,0,2,0,0,1,1,1,2,1,0,1,2024-01-06 20:55:49,1
931,921,865,833,18,15,24,10,14,13,13,13,30,14,8,8,16,5,5,7,3,3,7,3,3,3,6,1,6,1,1,0,0,4,2,0,0,0,0,1,0,0,0,0,0,1,2,2024-01-06 20:57:49,10
961,942,889,859,24,20,31,8,27,21,24,24,30,23,5,5,26,6,6,4,4,4,4,4,4,4,10,3,7,4,4,7,6,4,2,1,0,2,0,0,1,1,1,2,1,1,0,2024-01-06 20:59:49,2
937,918,1220,832,18,15,35,6,33,21,32,32,45,31,10,10,25,3,3,3,3,3,3,3,3,3,9,3,5,9,2,7,6,4,2,1,0,2,1,1,1,1,1,2,1,1,0,2024-01-06 21:01:49,2
968,954,944,911,0,0,36,0,26,22,26,26,30,26,14,14,22,2,2,2,0,0,0,0,0,0,11,3,3,7,0,0,0,4,2,0,2,0,0,1,0,0,0,0,0,0,1,2024-01-06 21:03:49,3
929,920,1246,872,0,0,33,0,23,22,23,23,30,23,11,11,22,0,0,0,0,0,0,0,0,0,6,1,2,5,0,9,6,4,2,0,0,2,1,0,1,1,1,2,1,0,1,2024-01-06 21:05:49,0
930,922,848,822,6,5,22,2,12,12,12,12,30,13,9,9,13,1,1,1,1,1,1,1,1,1,10,4,6,2,0,0,0,4,2,0,0,0,0,0,0,0,0,0,0,1,2,2024-01-06 21:07:49,0
943,928,900,873,12,10,28,4,27,23,23,23,30,23,3,3,25,2,2,2,2,2,2,2,2,2,4,1,8,3,4,8,6,4,2,0,0,2,1,0,1,1,1,2,1,0,0,2024-01-06 21:09:49,3
940,921,1343,956,12,10,50,4,30,38,27,27,30,24,6,6,44,2,2,2,2,2,2,2,2,2,26,3,6,10,3,0,0,4,1,4,0,0,0,0,0,0,0,0,0,1,0,2024-01-06 21:11:49,0
976,956,1008,969,12,10,42,4,31,30,28,28,45,25,10,10,32,2,2,2,2,2,2,2,2,2,10,3,11,5,4,4,6,4,2,0,0,2,3,0,1,1,1,2,1,0,1,2024-01-06 21:13:49,2
924,914,1042,675,6,5,25,2,16,17,16,16,30,16,7,7,18,1,1,1,1,1,1,1,1,1,4,0,6,3,1,9,6,4,2,0,0,2,0,0,1,1,1,2,1,0,1,2024-01-06 21:15:49,0
943,931,17,0,0,0,17,0,14,8,12,12,30,12,9,9,8,0,0,0,0,0,0,0,0,0,3,1,4,5,1,0,0,4,2,0,0,0,0,0,0,0,0,0,0,0,2,2024-01-06 21:17:49,2
936,924,28,0,12,10,27,4,25,21,21,21,30,22,4,4,23,2,2,2,2,2,2,2,2,2,4,0,7,2,4,1,6,4,2,0,0,2,1,0,1,1,1,2,1,1,0,2024-01-06 21:19:49,0
936,920,380,0,12,10,41,4,29,26,27,27,30,26,12,12,29,2,2,2,2,2,2,2,2,2,6,2,10,1,2,0,0,4,2,1,0,0,2,0,0,0,0,0,0,0,0,2024-01-06 21:21:49,1
959,948,20,0,12,10,19,4,13,12,12,12,45,13,5,5,14,2,2,2,2,2,2,2,2,2,1,0,5,4,1,8,6,4,2,0,0,2,1,0,1,1,1,2,1,1,1,2024-01-06 21:23:49,1
930,923,362,0,6,5,21,2,10,11,10,10,30,10,9,9,12,1,1,1,1,1,1,1,1,1,7,1,3,3,0,9,6,4,2,0,0,2,0,0,1,1,1,2,1,0,1,2024-01-06 21:25:49,0
941,931,895,871,0,0,24,0,23,12,22,22,30,22,12,12,12,0,0,0,0,0,0,0,0,0,3,1,4,5,1,0,0,4,2,0,0,0,0,0,0,0,0,0,0,0,2,2024-01-06 21:27:49,0
929,918,880,857,6,5,25,2,15,15,15,15,30,16,9,9,16,1,1,1,1,1,1,1,1,1,6,4,6,4,0,9,6,4,2,0,0,2,0,0,1,1,1,2,1,1,0,2024-01-06 21:29:49,0
935,921,1257,883,6,5,29,4,16,20,16,16,30,16,8,8,21,7,7,7,1,1,3,1,1,1,9,2,5,4,0,0,0,4,2,0,4,0,2,0,0,0,0,0,0,0,0,2024-01-06 21:31:49,0
983,950,904,864,12,10,43,4,42,27,37,37,45,36,12,12,31,2,2,2,2,2,2,2,2,2,7,1,11,4,5,7,6,4,2,2,0,2,2,0,1,1,1,2,1,1,1,2024-01-06 21:33:49,2
937,921,1221,844,12,10,36,4,26,23,23,23,30,24,11,11,25,2,2,2,2,2,2,2,2,2,2,1,7,4,3,8,6,4,2,0,0,2,3,0,1,1,1,2,1,1,1,2024-01-06 21:35:49,2
959,943,843,822,12,10,27,4,19,15,16,16,30,14,8,8,19,2,2,2,2,2,2,2,2,2,6,4,5,7,3,0,0,4,2,2,0,0,0,0,0,0,0,0,0,0,2,2024-01-06 21:37:49,4
938,920,881,852,6,5,31,2,33,26,27,27,30,27,4,4,27,1,1,1,1,1,1,1,1,1,4,2,5,5,6,5,6,4,2,0,0,2,1,0,1,1,1,2,1,0,0,2024-01-06 21:39:49,0
938,923,1213,841,12,10,35,4,21,19,20,20,30,20,13,13,22,2,2,2,2,2,2,2,2,2,9,5,9,3,1,0,0,4,2,1,0,0,1,0,0,0,0,0,0,1,0,2024-01-06 21:41:49,0
956,945,949,916,0,0,35,0,23,23,23,23,45,23,12,12,23,0,0,0,0,0,0,0,0,0,5,2,4,4,0,7,6,4,2,0,0,2,2,1,1,1,1,2,1,0,1,2024-01-06 21:43:49,0
933,924,1249,880,18,15,26,6,17,13,16,16,30,16,10,10,17,3,3,3,3,3,3,3,3,3,10,0,3,3,1,8,6,4,2,1,0,2,1,0,1,1,1,2,1,1,1,2024-01-06 21:45:49,1
967,947,847,811,12,10,42,10,26,24,25,25,30,24,15,15,26,8,8,8,2,2,8,2,2,2,8,5,9,7,1,0,0,4,2,0,0,0,0,0,0,0,0,0,0,0,2,2024-01-06 21:47:49,0
949,933,947,896,58,48,55,21,28,28,27,27,30,25,15,15,40,11,11,11,10,10,11,10,10,10,5,4,3,6,1,8,6,4,2,2,0,2,1,0,1,1,1,2,1,0,0,2024-01-06 21:49:49,1
933,921,1354,964,2,2,24,1,22,18,22,22,30,22,6,6,18,1,1,1,0,0,1,0,0,0,5,2,3,6,0,0,0,4,2,0,0,0,1,0,0,0,0,0,0,0,0,2024-01-06 21:51:49,1
960,946,1000,954,12,10,45,4,32,34,31,31,45,32,9,9,36,2,2,2,2,2,2,2,2,2,11,2,6,6,1,8,6,4,2,0,0,2,1,0,1,1,1,2,1,1,1,2024-01-06 21:53:49,0
931,921,998,632,6,5,22,2,14,10,13,13,15,13,11,11,11,1,1,1,1,1,1,1,1,1,6,0,4,1,1,0,0,4,2,0,0,0,2,0,0,0,0,0,0,0,1,2024-01-06 21:55:49,1
958,945,32,0,18,15,32,6,18,16,16,16,45,16,12,12,20,3,3,3,3,3,3,3,3,3,9,4,6,3,2,9,6,4,2,1,0,2,0,1,1,1,1,2,1,1,2,2024-01-06 21:57:49,0
926,915,21,0,0,0,22,0,18,19,18,18,30,18,3,3,19,0,0,0,0,0,0,0,0,0,8,2,1,8,0,8,6,4,2,0,0,2,0,0,1,1,1,2,1,0,0,2024-01-06 21:59:49,0
934,920,383,0,6,5,29,2,22,20,20,20,30,20,8,8,21,3,3,3,1,1,1,1,1,1,6,3,7,3,2,0,0,4,2,0,2,0,0,0,0,0,0,0,0,0,0,2024-01-06 22:01:49,1
962,948,27,0,8,7,29,3,19,16,18,18,45,19,12,12,17,2,2,2,1,1,2,1,1,1,5,3,5,4,1,9,6,4,2,0,0,2,1,0,1,1,1,2,1,1,1,2024-01-06 22:03:49,1
942,917,399,0,12,10,60,5,49,46,46,46,15,44,9,9,51,3,3,3,2,2,3,2,2,2,13,1,4,13,4,0,0,4,2,3,0,0,1,1,0,0,0,0,0,1,1,2024-01-06 22:05:49,4
954,948,883,857,0,0,26,0,13,14,13,13,45,13,12,12,14,0,0,0,0,0,0,0,0,0,6,7,3,2,0,8,6,4,2,0,0,2,0,1,1,1,1,2,1,0,2,2024-01-06 22:07:49,1
942,927,891,862,18,15,30,6,26,23,24,24,30,24,3,3,27,3,3,3,3,3,3,3,3,3,8,1,11,3,2,3,6,4,2,1,0,2,1,0,1,1,1,2,1,1,0,2024-01-06 22:09:49,1
932,917,1251,877,18,15,35,6,31,26,28,28,30,27,5,5,30,3,3,3,3,3,3,3,3,3,6,2,6,4,3,0,0,4,2,1,0,0,1,0,0,0,0,0,0,0,0,2024-01-06 22:11:49,1
955,947,880,855,0,0,27,0,16,18,16,16,45,16,9,9,18,0,0,0,0,0,0,0,0,0,3,2,4,3,0,9,6,4,2,0,0,2,2,0,1,1,1,2,1,0,1,2024-01-06 22:13:49,0
936,927,1199,836,12,10,20,4,11,10,10,10,15,11,8,8,12,2,2,2,2,2,2,2,2,2,4,0,5,0,1,0,0,4,2,0,0,0,1,0,0,0,0,0,0,1,1,2024-01-06 22:15:49,0
955,940,874,833,18,15,48,6,30,29,31,31,45,30,13,13,35,3,3,3,3,3,3,3,3,3,10,4,4,9,0,7,6,4,2,1,0,2,1,0,1,1,1,2,1,0,2,2024-01-06 22:17:49,5
939,930,891,862,18,15,33,6,19,21,20,20,30,21,9,9,24,3,3,3,3,3,3,3,3,3,6,6,5,4,0,6,6,4,2,0,0,2,0,0,1,1,1,2,1,1,0,2024-01-06 22:19:49,3
926,916,1206,830,6,5,35,2,22,22,23,23,30,22,12,12,23,1,1,1,1,1,1,1,1,1,4,2,4,4,0,0,0,4,2,0,0,0,1,0,0,0,0,0,0,1,0,2024-01-06 22:21:49,1
958,944,906,875,0,0,36,0,27,25,27,27,45,25,8,8,28,0,0,0,0,0,0,0,0,0,10,2,5,5,0,9,6,4,2,2,0,2,3,0,1,1,1,2,1,0,1,2024-01-06 22:23:49,1
958,936,1268,881,24,20,50,8,36,32,35,35,15,35,13,13,37,4,4,4,4,4,4,4,4,4,7,5,9,7,3,0,0,4,2,0,0,0,1,0,0,0,0,0,0,1,1,2024-01-06 22:25:49,9
937,933,868,845,6,5,25,2,8,9,8,8,45,8,15,15,10,1,1,1,1,1,1,1,1,1,6,4,3,2,0,4,6,4,2,0,0,2,0,0,1,1,1,2,1,0,2,2024-01-06 22:27:49,0
929,915,932,899,0,0,33,0,31,28,29,29,15,28,5,5,28,0,0,0,0,0,0,0,0,0,7,0,5,7,2,0,0,4,2,0,0,0,0,0,0,0,0,0,0,0,0,2024-01-06 22:29:49,0
934,923,1327,958,18,15,23,6,17,13,16,16,45,17,7,7,16,5,5,5,3,3,3,3,3,3,2,2,2,4,1,8,6,4,2,0,2,2,0,0,1,1,1,2,1,1,0,2024-01-06 22:31:49,0
958,949,1014,978,12,10,36,4,21,22,21,21,45,22,12,12,24,2,2,2,2,2,2,2,2,2,2,1,3,7,0,8,6,4,2,0,0,2,0,0,1,1,1,2,1,1,1,2024-01-06 22:33:49,1
934,923,1009,639,0,0,34,0,19,18,19,19,15,18,15,15,19,0,0,0,0,0,0,0,0,0,8,5,2,8,1,0,0,4,2,1,0,0,0,1,0,0,0,0,0,0,1,2024-01-06 22:35:49,2
954,949,28,0,18,15,33,9,18,17,18,18,45,19,12,12,21,6,6,6,3,3,6,3,3,3,3,7,1,3,0,8,6,4,2,1,0,2,0,0,1,1,1,2,1,2,2,2024-01-06 22:37:49,0
914,904,18,0,0,0,19,0,16,15,15,15,15,14,3,3,16,0,0,0,0,0,0,0,0,0,7,0,6,3,2,0,0,4,2,1,0,0,1,0,0,0,0,0,0,0,0,2024-01-06 22:39:49,5
927,920,367,0,0,0,26,0,20,18,20,20,45,20,8,8,18,0,0,0,0,0,0,0,0,0,5,1,4,2,0,5,6,4,2,0,0,2,0,0,1,1,1,2,1,0,0,2024-01-06 22:41:49,0
972,957,33,0,18,15,32,6,21,19,20,20,45,21,9,9,23,3,3,3,3,3,3,3,3,3,10,0,9,3,2,8,6,4,2,1,0,2,1,0,1,1,1,2,1,2,1,2024-01-06 22:43:49,3
922,912,381,0,6,5,39,2,26,27,26,26,15,26,11,11,28,1,1,1,1,1,1,1,1,1,7,0,1,8,0,0,0,4,2,0,0,0,1,1,0,0,0,0,0,0,1,2024-01-06 22:45:49,0
960,943,898,851,6,5,48,2,33,35,34,34,45,34,12,12,36,1,1,1,1,1,1,1,1,1,6,1,5,9,0,6,6,4,2,0,0,2,2,0,1,1,1,2,1,0,2,2024-01-06 22:47:49,3
933,924,897,868,24,20,31,8,13,15,13,13,15,14,11,11,20,4,4,4,4,4,4,4,4,4,3,2,5,3,0,0,0,4,2,0,0,0,1,0,0,0,0,0,0,1,0,2024-01-06 22:49:49,2
924,914,1247,867,0,0,23,0,20,18,20,20,45,20,5,5,18,0,0,0,0,0,0,0,0,0,6,1,5,3,0,9,6,4,2,0,0,2,0,0,1,1,1,2,1,0,0,2024-01-06 22:51:49,0
961,948,883,851,12,10,30,5,18,19,18,18,45,18,9,9,21,3,3,3,2,2,3,2,2,2,7,0,7,6,0,8,6,4,1,0,0,2,0,0,1,1,1,2,1,0,1,2024-01-06 22:53:49,0
949,938,1209,824,48,40,41,17,20,16,19,19,15,21,17,17,24,9,9,9,8,8,9,8,8,8,4,2,3,3,1,0,0,4,2,0,0,0,2,0,0,0,0,0,0,2,1,2024-01-06 22:55:49,0
947,940,868,840,12,10,24,4,14,15,13,13,45,13,7,7,17,2,2,2,2,2,2,2,2,2,0,0,2,4,1,9,6,4,2,0,0,2,1,0,1,1,1,2,1,0,2,2024-01-06 22:57:49,2
931,927,880,860,12,10,19,5,13,11,13,13,15,14,6,6,13,3,3,3,2,2,3,2,2,2,0,2,0,4,0,0,0,4,2,0,0,0,0,0,0,0,0,0,0,1,0,2024-01-06 22:59:49,0
923,906,1219,830,6,5,34,3,25,25,25,25,45,25,8,8,26,6,6,6,1,1,2,1,1,1,3,1,2,8,0,9,6,4,2,0,4,2,3,0,1,1,1,2,1,0,0,2024-01-06 23:01:49,0
972,961,901,872,30,25,31,11,16,14,15,15,45,14,11,11,20,6,6,6,5,5,6,5,5,5,3,2,4,5,1,8,6,4,2,1,0,2,1,0,1,1,1,2,1,0,1,2024-01-06 23:03:49,3
966,937,1252,869,12,10,59,4,35,32,38,38,15,34,17,17,42,6,6,6,2,2,2,2,2,2,13,11,6,7,1,0,0,4,2,4,4,0,6,0,0,0,0,0,0,0,1,2024-01-06 23:05:49,19
948,937,856,830,12,10,21,4,14,11,12,12,45,14,8,8,13,2,2,2,2,2,2,2,2,2,4,4,3,4,2,7,6,4,2,0,0,2,2,0,1,1,1,2,1,2,2,2024-01-06 23:07:49,0
926,912,914,881,12,10,32,4,31,28,30,30,15,31,2,2,30,2,2,2,2,2,2,2,2,2,2,0,3,8,1,0,0,4,2,0,0,0,1,0,0,0,0,0,0,1,0,2024-01-06 23:09:49,0
935,926,1339,971,12,10,27,4,20,19,20,20,45,20,5,5,22,2,2,2,2,2,2,2,2,2,3,2,4,4,0,9,6,4,2,1,0,2,2,0,1,1,1,2,1,1,0,2024-01-06 23:11:49,3
954,947,978,966,6,5,12,2,9,4,6,6,30,6,7,7,5,1,1,1,1,1,1,1,1,1,1,0,2,0,3,0,0,4,2,0,0,0,0,0,0,0,0,0,0,0,1,2024-01-06 23:13:49,0
928,921,1072,707,0,0,24,0,16,16,15,15,30,15,8,8,16,0,0,0,0,0,0,0,0,0,3,1,3,2,1,8,6,4,2,0,0,2,2,0,1,1,1,2,1,0,1,2024-01-06 23:15:49,0
945,934,31,0,12,10,29,7,19,19,19,19,45,20,8,8,21,5,5,5,2,2,5,2,2,2,5,0,3,6,0,7,6,4,2,0,0,2,1,0,1,1,1,2,1,1,2,2024-01-06 23:17:49,0
922,916,21,0,12,10,20,4,14,15,14,14,15,15,3,3,17,2,2,2,2,2,2,2,2,2,2,0,3,3,0,0,0,4,2,0,0,0,0,0,0,0,0,0,0,1,0,2024-01-06 23:19:49,0
934,920,383,0,6,5,44,2,30,30,30,30,45,30,13,13,31,1,1,1,1,1,1,1,1,1,4,3,2,9,1,9,6,4,2,0,0,2,1,0,1,1,1,2,1,0,0,2024-01-06 23:21:49,4
951,942,24,0,12,10,23,6,16,16,16,16,30,17,5,5,18,4,4,4,2,2,4,2,2,2,2,0,1,7,0,0,0,4,2,0,0,0,1,0,0,0,0,0,0,1,1,2024-01-06 23:23:49,0
947,935,371,0,0,0,30,0,20,19,19,19,30,19,11,11,19,0,0,0,0,0,0,0,0,0,4,2,2,5,1,8,6,4,2,0,0,2,2,1,1,1,1,2,1,0,1,2024-01-06 23:25:49,3
922,916,887,856,6,5,30,2,18,19,17,17,45,17,10,10,20,1,1,1,1,1,1,1,1,1,1,0,3,2,1,1,6,4,2,0,0,2,0,0,1,1,1,2,1,0,2,2024-01-06 23:27:49,1
942,928,897,862,24,20,33,8,23,24,22,22,15,22,5,5,28,4,4,4,4,4,4,4,4,4,7,0,7,4,2,0,0,4,2,0,0,0,1,0,0,0,0,0,0,1,0,2024-01-06 23:29:49,4
939,924,1258,884,6,5,28,2,22,20,20,20,45,21,7,7,21,3,3,3,1,1,1,1,1,1,7,2,7,4,2,7,6,4,2,0,2,2,1,0,1,1,1,2,1,1,0,2024-01-06 23:31:49,0
962,947,899,859,6,5,41,2,27,28,27,27,30,27,12,12,29,1,1,1,1,1,1,1,1,1,8,1,7,7,0,0,0,4,2,0,0,0,2,0,0,0,0,0,0,0,1,2024-01-06 23:33:49,1
909,904,1190,832,6,5,17,2,6,5,6,6,30,7,11,11,6,1,1,1,1,1,1,1,1,1,2,2,3,0,0,8,6,4,2,0,0,2,0,0,1,1,1,2,1,1,1,2024-01-06 23:35:49,0
956,944,867,839,6,5,28,5,20,23,19,19,45,19,4,4,24,4,4,4,1,1,4,1,1,1,1,0,6,8,1,9,6,4,2,0,0,2,0,0,1,1,1,2,1,0,2,2024-01-06 23:37:49,0
932,919,865,839,6,5,25,2,24,21,24,24,15,24,2,2,23,1,1,1,1,1,1,1,1,1,7,0,5,4,0,0,0,4,2,1,0,0,1,0,0,0,0,0,0,1,0,2024-01-06 23:39:49,0
939,926,1231,850,6,5,39,2,31,30,31,31,45,32,8,8,31,1,1,1,1,1,1,1,1,1,6,1,5,7,0,9,6,4,2,0,0,2,1,0,1,1,1,2,1,1,0,2024-01-06 23:41:49,0
952,946,922,884,12,10,36,4,24,24,24,24,30,25,10,10,26,2,2,2,2,2,2,2,2,2,3,0,1,4,0,0,0,4,2,0,0,0,0,0,0,0,0,0,0,1,1,2024-01-06 23:43:49,0
913,907,1242,873,18,15,27,7,13,13,13,13,30,14,11,11,16,4,4,4,3,3,4,3,3,3,0,1,1,4,0,8,6,4,2,0,0,2,2,0,1,1,1,2,1,1,1,2024-01-06 23:45:49,1
963,943,868,825,6,5,42,4,33,31,33,33,30,33,10,10,32,3,3,3,1,1,3,1,1,1,3,0,0,20,0,0,0,4,2,0,0,0,0,0,0,0,0,0,0,0,2,2024-01-06 23:47:49,0
928,920,901,879,0,0,21,0,12,12,12,12,30,12,9,9,12,0,0,0,0,0,0,0,0,0,3,0,1,4,0,9,6,4,2,0,0,2,3,0,1,1,1,2,1,0,0,2024-01-06 23:49:49,0
936,922,1319,933,6,5,31,2,24,24,24,24,45,23,5,5,26,1,1,1,1,1,1,1,1,1,3,1,3,10,0,8,6,4,2,1,0,2,0,0,1,1,1,2,1,0,0,2024-01-06 23:51:49,3
939,936,979,958,12,10,19,4,9,10,9,9,30,10,7,7,12,2,2,2,2,2,2,2,2,2,2,0,1,3,0,0,0,4,2,0,0,0,0,0,0,0,0,0,0,1,1,2024-01-06 23:53:49,1
936,921,1109,714,18,15,51,7,36,37,34,34,30,35,11,11,40,4,4,4,3,3,4,3,3,3,6,1,3,8,0,8,6,4,2,0,0,2,1,0,1,1,1,2,1,1,1,2024-01-06 23:55:49,0
940,932,25,0,10,8,19,3,10,11,12,12,45,13,6,6,13,1,1,1,2,2,1,2,2,2,9,0,5,0,0,8,6,4,2,0,0,2,1,0,1,1,1,2,1,1,2,2024-01-06 23:57:49,0
946,935,24,0,8,7,23,3,22,19,21,21,15,21,3,3,20,2,2,2,1,1,2,1,1,1,4,2,4,3,1,0,0,4,2,0,0,0,1,0,0,0,0,0,0,0,0,2024-01-06 23:59:49,1
941,920,405,0,0,0,55,0,39,44,39,39,45,39,11,11,44,4,4,4,0,0,0,0,0,0,7,6,3,13,0,9,6,4,2,0,4,2,0,0,1,1,1,2,1,0,0,2024-01-07 00:01:49,0
956,949,25,0,0,0,46,0,17,16,19,19,30,17,22,22,24,0,0,0,0,0,0,0,0,0,8,13,1,1,0,0,0,4,2,2,0,0,3,0,0,0,0,0,0,0,1,2024-01-07 00:03:49,16
929,916,364,0,12,10,21,4,16,13,16,16,30,14,6,6,15,2,2,2,2,2,2,2,2,2,5,1,6,2,1,5,6,4,2,0,0,2,1,0,1,1,1,2,1,1,1,2024-01-07 00:05:49,5
963,956,872,844,18,15,22,6,14,13,13,13,45,14,6,6,16,3,3,3,3,3,3,3,3,3,1,2,3,2,1,8,6,4,2,0,0,2,0,0,1,1,1,2,1,1,2,2024-01-07 00:07:49,0
938,925,869,848,12,10,22,5,21,15,19,19,15,19,5,5,17,3,3,3,2,2,3,2,2,2,2,3,1,6,2,0,0,4,2,0,0,0,1,0,0,0,0,0,0,1,0,2024-01-07 00:09:49,0
944,923,1259,877,12,10,40,4,31,33,31,31,45,32,5,5,35,6,6,6,2,2,2,2,2,2,2,2,2,14,0,4,6,4,2,0,4,2,2,0,1,1,1,2,1,1,0,2024-01-07 00:11:49,0
947,935,860,831,0,0,32,0,15,22,15,15,30,15,10,10,22,0,0,0,0,0,0,0,0,0,20,3,2,6,0,0,0,4,2,0,0,0,0,0,0,0,0,0,0,0,1,2024-01-07 00:13:49,0
932,926,1188,821,36,30,26,12,8,7,8,8,30,7,13,13,13,6,6,6,6,6,6,6,6,6,0,1,1,3,0,8,6,4,2,0,0,2,0,0,1,1,1,2,1,0,1,2024-01-07 00:15:49,0
975,960,876,831,30,25,45,12,25,28,24,24,45,26,12,12,33,7,7,7,5,5,7,5,5,5,9,2,5,9,1,9,6,4,2,0,0,2,1,0,1,1,1,2,1,2,2,2024-01-07 00:17:49,1
925,913,856,838,0,0,19,0,17,15,16,16,15,16,4,4,15,0,0,0,0,0,0,0,0,0,2,1,1,5,1,0,0,4,2,0,0,0,3,0,0,0,0,0,0,0,0,2024-01-07 00:19:49,0
950,944,1216,844,42,35,31,17,15,12,15,15,45,16,12,12,19,10,10,10,7,7,10,7,7,7,4,2,2,3,0,9,6,4,2,0,0,2,2,0,1,1,1,2,1,1,0,2024-01-07 00:21:49,0
944,942,857,846,6,5,13,2,3,5,3,3,30,3,7,7,6,1,1,1,1,1,1,1,1,1,4,2,5,0,0,0,0,4,2,0,0,0,0,0,0,0,0,0,0,0,1,2024-01-07 00:23:49,0
912,905,1205,845,6,5,19,2,9,8,9,9,30,9,10,10,9,1,1,1,1,1,1,1,1,1,4,2,2,3,0,7,6,4,2,0,0,2,1,0,1,1,1,2,1,0,1,2024-01-07 00:25:49,0
964,951,865,833,18,15,37,6,21,16,17,17,45,18,18,18,19,3,3,3,3,3,3,3,3,3,2,8,4,2,4,9,6,4,2,0,0,2,2,0,1,1,1,2,1,1,2,2024-01-07 00:27:49,3
928,924,847,826,6,5,22,2,12,14,12,12,15,13,7,7,15,1,1,1,1,1,1,1,1,1,1,2,1,3,0,0,0,4,2,0,0,0,0,0,0,0,0,0,0,1,0,2024-01-07 00:29:49,0
942,933,1321,959,12,10,15,12,9,7,8,8,45,8,6,6,9,14,14,14,2,2,10,2,2,2,2,1,3,1,1,8,6,4,2,0,4,2,0,0,1,1,1,2,1,0,0,2024-01-07 00:31:49,1
947,940,1003,977,6,5,29,2,14,13,14,14,30,14,14,14,15,3,3,3,1,1,1,1,1,1,2,3,0,4,0,0,0,4,2,1,2,0,0,0,0,0,0,0,0,1,1,2024-01-07 00:33:49,0
926,915,1230,867,0,0,25,0,10,12,11,11,30,11,12,12,13,3,3,3,0,0,0,0,0,0,6,3,5,1,0,9,6,4,2,0,3,2,3,0,1,1,1,2,1,0,1,2024-01-07 00:35:49,4
939,936,5,0,0,0,5,0,3,1,3,3,30,3,4,4,1,0,0,0,0,0,0,0,0,0,1,0,0,0,0,0,0,4,1,0,0,0,0,0,0,0,0,0,0,0,2,2024-01-07 00:37:49,0
927,922,16,0,6,5,15,2,11,12,12,12,30,13,2,2,13,1,1,1,1,1,1,1,1,1,5,0,4,0,0,9,6,4,2,0,0,2,0,0,1,1,1,2,1,1,0,2024-01-07 00:39:49,3
937,931,371,0,12,10,30,4,27,18,27,27,45,28,9,9,21,2,2,2,2,2,2,2,2,2,4,2,2,2,0,8,6,4,2,0,0,2,2,0,1,1,1,2,1,1,0,2024-01-07 00:41:49,1
945,939,26,0,30,25,23,10,11,9,11,11,30,12,9,9,14,5,5,5,5,5,5,5,5,5,1,0,1,3,0,0,0,4,2,0,0,0,0,0,0,0,0,0,0,2,1,2024-01-07 00:43:49,0
949,944,362,0,0,0,39,0,10,10,10,10,30,10,28,28,11,0,0,0,0,0,0,0,0,0,3,27,2,3,0,9,6,4,2,0,0,2,1,9,1,1,1,2,1,0,1,2024-01-07 00:45:49,10
938,934,866,845,0,0,26,0,9,11,9,9,30,9,15,15,11,0,0,0,0,0,0,0,0,0,4,7,1,3,0,0,0,4,2,0,0,0,1,2,0,0,0,0,0,0,2,2024-01-07 00:47:49,2
931,921,892,866,0,0,27,0,20,18,19,19,30,19,9,9,18,0,0,0,0,0,0,0,0,0,2,1,2,4,1,7,6,4,2,0,0,2,2,0,1,1,1,2,1,0,0,2024-01-07 00:49:49,0
931,930,1254,883,12,10,19,4,6,6,6,6,45,8,11,11,8,2,2,2,2,2,2,2,2,2,0,7,0,1,0,9,6,4,2,0,0,2,0,0,1,1,1,2,1,2,0,2024-01-07 00:51:49,0
943,933,886,850,6,5,40,2,24,24,25,25,30,22,14,14,26,1,1,1,1,1,1,1,1,1,2,5,2,7,0,0,0,4,2,1,0,0,1,0,0,0,0,0,0,0,1,2024-01-07 00:53:49,4
935,931,1216,847,18,15,26,6,8,7,8,8,30,9,16,16,10,3,3,3,3,3,3,3,3,3,2,5,3,1,0,8,6,4,2,0,0,2,0,0,1,1,1,2,1,1,1,2024-01-07 00:55:49,1
936,931,848,827,0,0,17,0,10,9,10,10,30,10,8,8,9,0,0,0,0,0,0,0,0,0,2,1,2,2,0,0,0,4,2,0,0,0,1,0,0,0,0,0,0,0,2,2024-01-07 00:57:49,0
925,918,883,863,0,0,21,0,17,18,17,17,30,17,3,3,18,0,0,0,0,0,0,0,0,0,4,2,4,2,0,8,6,4,2,0,0,2,1,0,1,1,1,2,1,0,0,2024-01-07 00:59:49,0
942,933,1198,826,6,5,20,2,9,11,8,8,45,8,8,8,12,5,5,5,1,1,1,1,1,1,3,3,3,2,1,6,6,4,2,0,4,2,0,0,1,1,1,2,1,0,0,2024-01-07 01:01:49,0
944,937,896,874,12,10,25,4,11,9,11,11,30,13,14,14,11,2,2,2,2,2,2,2,2,2,3,5,2,3,0,0,0,4,2,0,0,0,0,0,0,0,0,0,0,2,1,2024-01-07 01:03:49,0
931,925,1203,845,0,0,20,0,13,11,13,13,30,13,9,9,11,0,0,0,0,0,0,0,0,0,2,4,1,4,0,8,6,4,2,0,0,2,0,0,1,1,1,2,1,0,1,2024-01-07 01:05:49,0
936,934,834,812,12,10,14,4,6,7,6,6,30,7,5,5,9,2,2,2,2,2,2,2,2,2,2,1,3,1,0,0,0,4,2,0,0,0,0,0,0,0,0,0,0,1,2,2024-01-07 01:07:49,0
929,922,852,841,0,0,11,0,11,9,11,11,30,11,2,2,9,0,0,0,0,0,0,0,0,0,3,0,2,2,0,9,6,4,2,0,0,2,1,0,1,1,1,2,1,0,0,2024-01-07 01:09:49,0
931,926,1317,963,6,5,14,2,8,8,8,8,30,8,5,5,9,1,1,1,1,1,1,1,1,1,1,2,1,4,0,0,0,4,2,0,0,0,0,0,0,0,0,0,0,0,0,2024-01-07 01:11:49,1
948,942,988,967,24,20,21,8,9,8,9,9,45,10,8,8,13,4,4,4,4,4,4,4,4,4,5,1,5,0,0,7,6,4,2,1,0,2,0,0,1,1,1,2,1,2,1,2024-01-07 01:13:49,0
926,920,1143,778,12,10,23,6,11,11,11,11,30,12,10,10,13,4,4,4,2,2,4,2,2,2,7,1,4,1,0,3,6,4,2,0,0,2,0,0,1,1,1,2,1,1,1,2024-01-07 01:15:49,0
934,934,16,0,0,0,17,0,8,8,8,8,30,8,9,9,8,0,0,0,0,0,0,0,0,0,1,1,0,0,0,0,0,4,2,0,0,0,0,0,0,0,0,0,0,0,2,2024-01-07 01:17:49,0
925,922,9,0,6,5,8,2,6,4,6,6,30,7,3,3,5,1,1,1,1,1,1,1,1,1,2,0,1,0,0,8,6,4,2,0,0,2,0,0,1,1,1,2,1,1,0,2024-01-07 01:19:49,0
911,906,363,0,0,0,24,0,11,11,11,11,30,10,12,12,12,0,0,0,0,0,0,0,0,0,1,2,0,5,1,0,0,4,2,1,0,0,0,0,0,0,0,0,0,0,0,2024-01-07 01:21:49,1
958,951,12,0,0,0,12,0,9,7,8,8,45,8,5,5,7,0,0,0,0,0,0,0,0,0,3,0,3,2,1,8,6,4,2,0,0,2,0,0,1,1,1,2,1,0,1,2024-01-07 01:23:49,0
926,923,357,0,12,10,15,4,3,4,3,3,30,3,9,9,6,2,2,2,2,2,2,2,2,2,2,1,3,0,0,9,6,4,2,0,0,2,0,0,1,1,1,2,1,1,1,2024-01-07 01:25:49,0
948,936,894,860,6,5,36,2,22,21,23,23,30,22,11,11,25,1,1,1,1,1,1,1,1,1,3,1,5,5,0,0,0,4,2,2,0,0,1,0,0,0,0,0,0,1,2,2024-01-07 01:27:49,4
916,903,859,841,6,5,25,2,19,12,19,19,30,15,7,7,18,1,1,1,1,1,1,1,1,1,6,2,5,4,2,7,6,4,2,4,0,2,0,0,1,1,1,2,1,0,0,2024-01-07 01:29:49,5
941,930,1255,892,12,10,17,6,10,8,10,10,30,11,7,7,10,6,6,6,2,2,4,2,2,2,5,2,5,2,0,0,0,4,2,0,2,0,1,0,0,0,0,0,0,1,0,2024-01-07 01:31:49,0
957,951,880,854,6,5,29,2,13,13,13,13,45,12,13,13,16,1,1,1,1,1,1,1,1,1,3,2,2,2,1,8,6,4,2,1,0,2,0,0,1,1,1,2,1,0,1,2024-01-07 01:33:49,4
927,922,1200,841,6,5,20,2,7,6,7,7,30,8,13,13,7,1,1,1,1,1,1,1,1,1,2,4,2,2,0,8,6,4,2,0,0,2,1,0,1,1,1,2,1,1,1,2024-01-07 01:35:49,0
943,938,843,832,0,0,15,0,6,6,8,8,30,7,7,7,8,0,0,0,0,0,0,0,0,0,4,3,1,1,0,0,0,4,2,1,0,0,1,0,0,0,0,0,0,0,2,2024-01-07 01:37:49,9
915,911,868,860,6,5,9,2,5,4,5,5,30,6,3,3,6,1,1,1,1,1,1,1,1,1,2,1,1,3,0,9,6,4,2,0,0,2,0,0,1,1,1,2,1,1,0,2024-01-07 01:39:49,1
926,923,1191,836,6,5,16,2,4,4,5,5,30,6,10,10,6,1,1,1,1,1,1,1,1,1,2,3,0,1,0,0,0,4,2,0,0,0,1,0,0,0,0,0,0,1,0,2024-01-07 01:41:49,4
952,946,920,904,0,0,18,0,9,7,10,10,45,9,10,10,8,0,0,0,0,0,0,0,0,0,2,1,0,4,0,7,6,4,2,1,0,2,1,0,1,1,1,2,1,0,1,2024-01-07 01:43:49,6
928,924,1237,878,6,5,21,2,8,5,8,8,30,8,12,12,9,1,1,1,1,1,1,1,1,1,2,2,0,2,0,7,6,4,2,1,0,2,2,0,1,1,1,2,1,1,1,2024-01-07 01:45:49,7
932,927,842,824,6,5,20,2,5,6,7,7,30,8,12,12,8,1,1,1,1,1,1,1,1,1,4,2,2,1,0,0,0,4,2,0,0,0,0,0,0,0,0,0,0,1,2,2024-01-07 01:47:49,7
933,929,896,878,6,5,17,8,8,8,8,8,30,8,8,8,9,7,7,7,1,1,7,1,1,1,0,0,0,1,0,7,6,4,2,0,0,2,0,0,1,1,1,2,1,0,0,2024-01-07 01:49:49,0
958,947,1365,965,64,53,41,23,19,17,20,20,30,18,9,9,32,12,12,12,11,11,12,11,11,11,2,6,0,8,0,0,0,4,2,3,0,0,0,1,0,0,0,0,0,1,0,2024-01-07 01:51:49,6
947,945,983,966,8,7,14,3,3,4,4,4,45,5,9,9,5,2,2,2,1,1,2,1,1,1,2,3,1,0,0,8,6,4,2,0,0,2,0,1,1,1,1,2,1,1,1,2024-01-07 01:53:49,5
907,904,1013,656,0,0,12,0,5,2,5,5,15,5,10,10,2,0,0,0,0,0,0,0,0,0,1,0,1,0,0,0,0,4,2,0,0,0,0,0,0,0,0,0,0,0,1,2024-01-07 01:55:49,0
935,933,16,0,6,5,14,2,4,5,4,4,45,4,8,8,6,1,1,1,1,1,1,1,1,1,0,2,1,1,0,7,6,4,2,0,0,2,1,0,1,1,1,2,1,0,2,2024-01-07 01:57:49,0
929,925,11,0,6,5,11,2,7,7,7,7,30,8,3,3,8,1,1,1,1,1,1,1,1,1,0,2,1,3,0,4,6,4,2,0,0,2,0,0,1,1,1,2,1,1,0,2024-01-07 01:59:49,0
943,937,369,0,6,5,20,2,7,7,7,7,30,8,12,12,8,5,5,5,1,1,1,1,1,1,1,7,1,1,0,0,0,4,2,0,4,0,0,0,0,0,0,0,0,1,0,2024-01-07 02:01:49,0
956,943,27,0,0,0,34,0,18,18,18,18,45,18,16,16,18,0,0,0,0,0,0,0,0,0,2,7,2,10,0,8,6,4,2,0,0,2,1,0,1,1,1,2,1,0,1,2024-01-07 02:03:49,0
945,936,359,0,20,17,28,7,10,7,8,8,15,6,12,12,16,4,4,4,3,3,4,3,3,3,3,7,3,2,4,0,0,4,2,3,0,0,2,0,0,0,0,0,0,1,1,2024-01-07 02:05:49,10
942,938,881,862,6,5,17,2,5,6,5,5,45,5,10,10,7,1,1,1,1,1,1,1,1,1,1,6,1,1,0,9,6,4,2,0,0,2,2,0,1,1,1,2,1,0,2,2024-01-07 02:07:49,0
923,923,845,842,0,0,8,0,3,1,3,3,30,3,7,7,1,0,0,0,0,0,0,0,0,0,0,5,0,0,0,4,6,4,2,0,0,2,0,0,1,1,1,2,1,0,0,2024-01-07 02:09:49,0
929,927,1233,880,6,5,15,2,6,6,6,6,30,7,8,8,7,1,1,1,1,1,1,1,1,1,1,5,1,1,0,0,0,4,2,0,0,0,0,0,0,0,0,0,0,1,0,2024-01-07 02:11:49,0
954,951,861,847,6,5,16,2,5,5,5,5,45,6,10,10,6,1,1,1,1,1,1,1,1,1,0,3,2,1,0,8,6,4,2,0,0,2,0,0,1,1,1,2,1,1,1,2024-01-07 02:13:49,0
917,916,1198,845,6,5,12,2,5,4,5,5,15,5,7,7,5,1,1,1,1,1,1,1,1,1,0,0,0,1,0,0,0,4,2,0,0,0,0,0,0,0,0,0,0,0,1,2024-01-07 02:15:49,2
932,930,860,842,12,10,21,4,5,6,5,5,45,7,13,13,8,2,2,2,2,2,2,2,2,2,0,5,0,2,0,7,6,4,2,0,0,2,0,0,1,1,1,2,1,2,2,2024-01-07 02:17:49,0
926,921,860,852,0,0,9,0,6,5,5,5,30,5,4,4,5,1,1,1,0,0,0,0,0,0,2,1,2,1,1,9,6,4,1,0,1,2,0,0,1,1,1,2,1,0,0,2024-01-07 02:19:49,0
929,926,1190,830,6,5,20,2,5,6,5,5,30,6,13,13,7,1,1,1,1,1,1,1,1,1,0,3,1,1,0,0,0,4,2,0,0,0,1,0,0,0,0,0,0,1,0,2024-01-07 02:21:49,0
956,947,906,895,6,5,11,3,10,5,6,6,45,6,5,5,6,2,2,2,1,1,2,1,1,1,0,0,2,2,4,8,6,4,2,0,0,2,0,0,1,1,1,2,1,0,1,2024-01-07 02:23:49,0
956,951,1256,874,84,70,51,28,7,24,6,6,15,5,11,11,40,14,14,14,14,14,14,14,14,14,2,3,6,2,1,0,0,4,2,2,0,0,1,0,0,0,0,0,0,1,1,2024-01-07 02:25:49,27
918,918,847,831,6,5,17,2,3,4,3,3,45,3,12,12,5,1,1,1,1,1,1,1,1,1,0,2,0,0,0,9,6,4,2,0,0,2,0,0,1,1,1,2,1,0,2,2024-01-07 02:27:49,0
927,926,902,889,12,10,12,4,3,4,3,3,15,4,6,6,6,2,2,2,2,2,2,2,2,2,1,1,1,0,0,0,0,4,2,0,0,0,0,0,0,0,0,0,0,1,0,2024-01-07 02:29:49,0
938,926,1347,970,0,0,32,0,20,22,20,20,45,20,10,10,22,4,4,4,0,0,0,0,0,0,3,5,3,4,0,8,6,4,2,0,4,2,1,0,1,1,1,2,1,0,0,2024-01-07 02:31:49,0
954,951,981,960,12,10,26,4,5,7,5,5,45,6,17,17,9,2,2,2,2,2,2,2,2,2,3,5,3,0,0,8,6,4,2,0,0,2,0,0,1,1,1,2,1,1,1,2024-01-07 02:33:49,3
928,925,1023,668,6,5,15,2,4,3,5,5,15,3,11,11,4,1,1,1,1,1,1,1,1,1,1,2,2,0,0,0,0,4,2,0,0,0,0,0,0,0,0,0,0,0,1,2024-01-07 02:35:49,1
935,931,12,0,12,10,17,7,6,5,6,6,45,7,10,10,7,5,5,5,2,2,5,2,2,2,0,6,0,3,0,9,6,4,2,0,0,2,0,0,1,1,1,2,1,1,2,2024-01-07 02:37:49,0
919,917,9,0,0,0,12,0,7,6,7,7,15,7,6,6,6,0,0,0,0,0,0,0,0,0,0,4,0,1,0,0,0,4,2,0,0,0,1,0,0,0,0,0,0,0,0,2024-01-07 02:39:49,0
934,933,354,0,6,5,13,2,3,3,3,3,45,4,9,9,4,1,1,1,1,1,1,1,1,1,2,2,1,0,0,8,6,4,2,0,0,2,0,0,1,1,1,2,1,1,0,2024-01-07 02:41:49,0
947,945,14,0,6,5,16,2,3,3,3,3,45,4,12,12,4,1,1,1,1,1,1,1,1,1,0,3,0,2,0,9,6,4,2,0,0,2,0,0,1,1,1,2,1,1,1,2024-01-07 02:43:49,0
918,916,355,0,0,0,13,0,3,3,3,3,15,3,10,10,3,0,0,0,0,0,0,0,0,0,1,0,1,1,0,0,0,4,2,0,0,0,0,0,0,0,0,0,0,0,1,2024-01-07 02:45:49,0
919,919,848,838,0,0,13,0,0,0,0,0,45,0,13,13,0,0,0,0,0,0,0,0,0,0,0,3,0,0,0,9,6,4,2,0,0,2,0,0,1,1,1,2,1,0,2,2024-01-07 02:47:49,0
943,936,891,868,18,15,20,6,9,8,7,7,15,9,9,9,11,3,3,3,3,3,3,3,3,3,1,1,1,3,2,0,0,4,2,0,0,0,0,0,0,0,0,0,0,2,0,2024-01-07 02:49:49,3
928,926,1233,866,12,10,10,4,3,2,3,3,45,4,6,6,4,2,2,2,2,2,2,2,2,2,1,2,0,2,0,7,6,4,2,0,0,2,0,0,1,1,1,2,1,1,0,2024-01-07 02:51:49,0
945,944,848,836,0,0,11,0,3,3,3,3,45,2,7,7,4,0,0,0,0,0,0,0,0,0,0,0,0,1,0,9,6,4,2,1,0,2,0,0,1,1,1,2,1,0,1,2024-01-07 02:53:49,0
917,913,1183,822,6,5,16,2,7,4,7,7,15,8,11,11,5,1,1,1,1,1,1,1,1,1,0,1,0,4,0,0,0,4,2,0,0,0,0,0,0,0,0,0,0,1,1,2024-01-07 02:55:49,3
934,933,857,844,6,5,12,2,1,2,1,1,45,1,9,9,3,1,1,1,1,1,1,1,1,1,0,3,1,1,0,8,6,4,2,0,0,2,0,0,1,1,1,2,1,0,2,2024-01-07 02:57:49,1
928,924,835,829,0,0,7,0,5,3,5,5,15,4,4,4,3,0,0,0,0,0,0,0,0,0,0,3,0,1,0,0,0,4,2,0,0,0,1,0,0,0,0,0,0,0,0,2024-01-07 02:59:49,0
932,926,1206,841,12,10,13,4,2,3,3,3,45,4,8,8,5,6,6,6,2,2,2,2,2,2,0,3,1,1,0,7,6,4,2,0,4,2,0,0,1,1,1,2,1,1,0,2024-01-07 03:01:49,1
957,954,871,851,12,10,21,5,5,4,7,7,45,7,14,14,7,3,3,3,2,2,3,2,2,2,0,5,0,0,0,8,6,4,2,1,0,2,0,0,1,1,1,2,1,1,1,2024-01-07 03:03:49,2
910,910,1224,873,6,5,12,2,2,2,2,2,15,2,9,9,3,1,1,1,1,1,1,1,1,1,0,4,0,0,0,0,0,4,2,0,0,0,0,0,0,0,0,0,0,0,1,2024-01-07 03:05:49,0
948,944,857,839,12,10,13,4,6,4,4,4,45,5,7,7,6,2,2,2,2,2,2,2,2,2,1,3,2,0,2,8,6,4,2,0,0,2,0,0,1,1,1,2,1,1,2,2024-01-07 03:07:49,0
924,923,883,878,0,0,7,0,3,3,3,3,15,3,4,4,3,0,0,0,0,0,0,0,0,0,0,2,0,1,0,0,0,4,2,0,0,0,0,0,0,0,0,0,0,0,0,2024-01-07 03:09:49,0
931,925,1322,962,6,5,20,2,13,13,13,13,45,13,6,6,14,1,1,1,1,1,1,1,1,1,0,3,0,5,0,8,6,4,2,0,0,2,1,0,1,1,1,2,1,0,0,2024-01-07 03:11:49,0
951,946,989,975,12,10,13,4,5,4,5,5,30,6,7,7,6,5,5,5,2,2,2,2,2,2,0,0,1,0,0,0,0,4,2,0,3,0,1,0,0,0,0,0,0,1,1,2024-01-07 03:13:49,1
905,905,1120,765,6,5,10,2,1,1,1,1,30,2,8,8,2,1,1,1,1,1,1,1,1,1,0,1,0,0,0,8,6,4,2,0,0,2,0,0,1,1,1,2,1,1,1,2024-01-07 03:15:49,0
938,937,13,0,6,5,16,5,4,4,4,4,45,4,11,11,5,4,4,4,1,1,4,1,1,1,0,3,0,0,0,7,6,4,2,0,0,2,1,0,1,1,1,2,1,0,2,2024-01-07 03:17:49,0
928,923,13,0,12,10,12,4,6,6,6,6,15,7,4,4,8,2,2,2,2,2,2,2,2,2,2,1,2,3,0,0,0,4,2,0,0,0,0,0,0,0,0,0,0,1,0,2024-01-07 03:19:49,0
937,935,358,0,12,10,19,4,2,3,2,2,45,3,14,14,5,2,2,2,2,2,2,2,2,2,1,4,2,1,0,8,6,4,2,0,0,2,0,0,1,1,1,2,1,1,0,2024-01-07 03:21:49,1
947,946,10,0,6,5,11,2,3,3,3,3,30,4,7,7,4,1,1,1,1,1,1,1,1,1,0,2,0,0,0,0,0,4,2,0,0,0,1,0,0,0,0,0,0,1,1,2024-01-07 03:23:49,0
919,914,359,0,12,10,16,6,10,5,7,7,30,8,9,9,7,4,4,4,2,2,4,2,2,2,0,1,0,1,3,8,6,4,2,0,0,2,0,0,1,1,1,2,1,1,1,2024-01-07 03:25:49,0
940,939,860,848,0,0,13,0,1,1,1,1,45,1,12,12,1,0,0,0,0,0,0,0,0,0,0,2,1,0,0,8,6,4,2,0,0,2,0,0,1,1,1,2,1,0,2,2024-01-07 03:27:49,0
966,925,863,851,12,10,12,4,43,5,31,31,15,22,5,5,7,2,2,2,2,2,2,2,2,2,2,0,3,1,15,0,0,4,2,0,0,0,0,0,0,0,0,0,0,0,0,2024-01-07 03:29:49,6
934,923,1231,872,12,10,13,4,16,3,15,15,45,14,8,8,5,4,4,4,2,2,2,2,2,2,0,3,0,1,2,8,6,4,2,0,2,2,0,0,1,1,1,2,1,1,0,2024-01-07 03:31:49,1
955,937,874,857,6,5,18,2,17,4,11,11,30,10,13,13,5,4,4,4,1,1,1,1,1,1,2,2,3,0,6,0,0,4,2,0,3,0,0,0,0,0,0,0,0,0,1,2024-01-07 03:33:49,0
928,923,1209,854,6,5,13,2,7,2,6,6,30,6,10,10,3,1,1,1,1,1,1,1,1,1,0,1,0,2,1,7,6,4,2,0,0,2,0,0,1,1,1,2,1,1,1,2024-01-07 03:35:49,2
944,938,849,834,12,10,13,4,6,5,7,7,45,6,6,6,7,2,2,2,2,2,2,2,2,2,2,2,3,1,0,8,6,4,2,0,0,2,1,0,1,1,1,2,1,1,2,2024-01-07 03:37:49,1
929,927,858,851,12,10,6,7,3,2,2,2,15,2,2,2,4,5,5,5,2,2,5,2,2,2,0,0,1,0,1,0,0,4,2,0,0,0,0,0,0,0,0,0,0,0,0,2024-01-07 03:39:49,0
909,907,1187,831,0,0,16,0,7,7,7,7,45,7,9,9,7,0,0,0,0,0,0,0,0,0,0,2,1,1,0,9,6,4,2,0,0,2,0,0,1,1,1,2,1,0,0,2024-01-07 03:41:49,0
952,948,899,881,12,10,17,4,6,6,6,6,30,7,9,9,8,2,2,2,2,2,2,2,2,2,1,0,1,2,0,0,0,4,2,0,0,0,0,0,0,0,0,0,0,1,1,2024-01-07 03:43:49,0
926,923,1247,888,12,10,15,4,5,3,5,5,30,5,10,10,5,2,2,2,2,2,2,2,2,2,1,0,2,0,0,8,6,4,2,0,0,2,0,0,1,1,1,2,1,1,1,2024-01-07 03:45:49,1
937,937,841,828,6,5,14,3,1,1,1,1,30,1,12,12,2,2,2,2,1,1,2,1,1,1,0,2,0,0,0,0,0,4,2,0,0,0,0,0,0,0,0,0,0,0,2,2024-01-07 03:47:49,0
928,926,918,897,12,10,16,6,6,6,6,6,30,7,8,8,8,4,4,4,2,2,4,2,2,2,0,0,0,1,0,6,6,4,2,0,0,2,1,0,1,1,1,2,1,1,0,2024-01-07 03:49:49,0
913,911,1323,958,0,0,10,0,4,4,4,4,45,4,6,6,4,0,0,0,0,0,0,0,0,0,0,2,1,1,0,7,6,4,2,0,0,2,0,0,1,1,1,2,1,0,0,2024-01-07 03:51:49,0
941,939,989,975,12,10,11,4,3,2,3,3,30,3,7,7,4,2,2,2,2,2,2,2,2,2,0,0,1,0,0,0,0,4,2,0,0,0,0,0,0,0,0,0,0,1,1,2024-01-07 03:53:49,1
919,917,1022,662,6,5,16,2,3,5,3,3,30,4,10,10,6,1,1,1,1,1,1,1,1,1,0,0,0,1,0,8,6,4,2,0,0,2,0,0,1,1,1,2,1,1,1,2024-01-07 03:55:49,4
948,946,17,0,12,10,13,5,4,3,4,4,30,5,8,8,5,3,3,3,2,2,3,2,2,2,0,2,0,1,0,0,0,4,2,0,0,0,0,0,0,0,0,0,0,1,2,2024-01-07 03:57:49,0
928,923,7,0,6,5,7,2,7,3,4,4,30,4,3,3,4,1,1,1,1,1,1,1,1,1,0,2,0,1,3,2,6,4,1,0,0,2,0,0,1,1,1,2,1,0,0,2024-01-07 03:59:49,0
924,913,374,0,6,5,22,2,13,12,13,13,45,13,8,8,14,5,5,5,1,1,1,1,1,1,0,3,1,4,0,7,6,4,2,1,4,2,2,0,1,1,1,2,1,1,0,2024-01-07 04:01:49,2
950,950,12,0,0,0,15,0,1,3,1,1,30,1,12,12,3,0,0,0,0,0,0,0,0,0,0,3,0,0,0,0,0,4,2,0,0,0,0,0,0,0,0,0,0,0,1,2024-01-07 04:03:49,0
929,928,352,0,12,10,13,4,1,2,2,2,30,3,9,9,4,2,2,2,2,2,2,2,2,2,0,4,1,0,0,4,6,4,2,0,0,2,0,0,1,1,1,2,1,1,1,2024-01-07 04:05:49,1
943,940,885,854,18,15,20,6,11,11,11,11,30,12,6,6,14,3,3,3,3,3,3,3,3,3,0,2,0,3,0,0,0,4,2,0,0,0,0,0,0,0,0,0,0,1,2,2024-01-07 04:07:49,0
929,924,864,856,18,15,9,7,5,2,2,2,30,2,4,4,5,4,4,4,3,3,4,3,3,3,0,2,2,0,3,7,6,4,2,0,0,2,0,0,1,1,1,2,1,0,0,2024-01-07 04:09:49,1
920,919,1245,892,6,5,13,2,5,5,5,5,45,6,7,7,6,1,1,1,1,1,1,1,1,1,1,4,0,1,0,2,6,4,2,0,0,2,0,0,1,1,1,2,1,1,0,2024-01-07 04:11:49,0
948,946,871,861,0,0,11,0,4,3,4,4,30,3,7,7,4,0,0,0,0,0,0,0,0,0,0,0,0,2,0,0,0,4,2,1,0,0,0,0,0,0,0,0,0,0,1,2024-01-07 04:13:49,2
906,906,1176,824,0,0,10,0,2,3,2,2,30,2,7,7,3,0,0,0,0,0,0,0,0,0,0,0,0,0,0,8,6,4,2,0,0,2,0,0,1,1,1,2,1,0,1,2024-01-07 04:15:49,0
955,952,846,831,12,10,16,4,6,4,5,5,30,6,10,10,6,2,2,2,2,2,2,2,2,2,0,2,1,1,1,0,0,4,2,0,0,0,0,0,0,0,0,0,0,1,2,2024-01-07 04:17:49,1
924,923,864,857,6,5,8,2,1,2,1,1,30,2,5,5,3,1,1,1,1,1,1,1,1,1,0,2,0,0,0,8,6,4,2,0,0,2,1,0,1,1,1,2,1,1,0,2024-01-07 04:19:49,0
923,922,1194,842,0,0,17,0,0,0,1,1,45,1,16,16,1,0,0,0,0,0,0,0,0,0,1,6,0,0,0,9,6,4,2,0,0,2,0,0,1,1,1,2,1,0,0,2024-01-07 04:21:49,4
938,937,932,920,12,10,11,4,3,3,3,3,30,5,6,6,5,2,2,2,2,2,2,2,2,2,0,1,1,0,0,0,0,4,2,0,0,0,0,0,0,0,0,0,0,2,1,2024-01-07 04:23:49,0
926,924,1217,863,6,5,14,2,3,3,3,3,30,3,10,10,4,1,1,1,1,1,1,1,1,1,0,2,0,0,0,7,6,4,2,0,0,2,1,0,1,1,1,2,1,0,1,2024-01-07 04:25:49,0
936,932,855,838,0,0,22,0,6,5,6,6,30,5,16,16,6,0,0,0,0,0,0,0,0,0,0,6,0,3,1,0,0,4,2,1,0,0,1,0,0,0,0,0,0,0,2,2024-01-07 04:27:49,1
930,928,914,902,6,5,12,2,5,5,5,5,30,6,6,6,6,1,1,1,1,1,1,1,1,1,1,1,1,1,0,7,6,4,2,0,0,2,0,0,1,1,1,2,1,1,0,2024-01-07 04:29:49,0
930,923,1316,959,6,5,14,2,4,3,4,4,30,5,10,10,4,5,5,5,1,1,1,1,1,1,0,5,1,1,0,0,0,4,2,0,4,0,0,0,0,0,0,0,0,1,0,2024-01-07 04:31:49,0
945,941,970,956,6,5,20,2,4,2,3,3,45,3,17,17,3,1,1,1,1,1,1,1,1,1,1,6,1,2,1,3,6,4,2,0,0,2,0,0,1,1,1,2,1,0,1,2024-01-07 04:33:49,1
924,923,989,632,12,10,15,4,1,3,1,1,30,2,10,10,5,2,2,2,2,2,2,2,2,2,0,1,1,1,0,8,6,4,2,0,0,2,0,0,1,1,1,2,1,1,1,2024-01-07 04:35:49,0
936,936,5,0,0,0,7,0,1,1,1,1,30,1,6,6,1,0,0,0,0,0,0,0,0,0,0,2,0,0,0,0,0,4,2,0,0,0,0,0,0,0,0,0,0,0,2,2024-01-07 04:37:49,0
917,917,4,0,0,0,4,0,2,2,2,2,30,2,2,2,2,0,0,0,0,0,0,0,0,0,0,0,0,0,0,7,6,4,2,0,0,2,0,0,1,1,1,2,1,0,0,2024-01-07 04:39:49,0
943,938,358,0,24,20,18,8,6,4,5,5,30,5,10,10,8,4,4,4,4,4,4,4,4,4,0,3,2,0,1,0,0,4,2,0,0,0,0,0,0,0,0,0,0,1,0,2024-01-07 04:41:49,1
937,935,16,0,12,10,14,4,3,3,3,3,45,4,9,9,5,2,2,2,2,2,2,2,2,2,1,0,1,1,0,9,6,4,2,0,0,2,0,0,1,1,1,2,1,1,1,2024-01-07 04:43:49,0
923,920,360,0,6,5,16,2,6,5,5,5,30,6,10,10,6,1,1,1,1,1,1,1,1,1,0,0,0,1,1,8,6,4,2,0,0,2,0,0,1,1,1,2,1,1,1,2024-01-07 04:45:49,0
934,934,859,848,0,0,13,0,1,1,1,1,30,1,12,12,1,0,0,0,0,0,0,0,0,0,0,2,0,0,0,0,0,4,2,0,0,0,0,0,0,0,0,0,0,0,2,2024-01-07 04:47:49,0
926,924,874,863,6,5,11,2,3,2,2,2,30,2,8,8,3,1,1,1,1,1,1,1,1,1,0,0,1,0,1,9,6,4,2,0,0,2,0,0,1,1,1,2,1,0,0,2024-01-07 04:49:49,1
924,923,1249,885,6,5,9,2,1,1,1,1,30,2,7,7,2,1,1,1,1,1,1,1,1,1,1,3,0,1,0,0,0,4,2,0,0,0,0,0,0,0,0,0,0,1,0,2024-01-07 04:51:49,0
939,937,872,854,12,10,15,4,6,6,6,6,45,7,7,7,8,2,2,2,2,2,2,2,2,2,0,0,0,2,0,5,6,4,2,0,0,2,0,0,1,1,1,2,1,1,1,2024-01-07 04:53:49,0
919,915,1171,808,6,5,16,2,8,5,6,6,30,7,10,10,6,1,1,1,1,1,1,1,1,1,1,0,1,0,2,8,6,4,2,0,0,2,0,0,1,1,1,2,1,1,1,2024-01-07 04:55:49,0
946,940,849,835,12,10,10,4,0,0,0,0,30,1,8,8,2,8,8,8,2,2,2,2,2,2,0,2,0,0,0,0,0,4,2,0,6,0,0,0,0,0,0,0,0,1,2,2024-01-07 04:57:49,1
938,928,867,864,0,0,3,0,0,0,0,0,30,0,3,3,0,10,10,10,0,0,0,0,0,0,0,2,0,0,0,8,6,4,2,0,10,2,0,0,1,1,1,2,1,0,0,2024-01-07 04:59:49,0
929,924,1146,786,0,0,10,0,3,1,3,3,30,3,9,9,1,4,4,4,0,0,0,0,0,0,0,4,0,1,0,0,0,4,2,0,4,0,0,0,0,0,0,0,0,0,0,2024-01-07 05:01:49,0
938,936,792,780,6,5,13,2,1,1,2,2,45,3,11,11,2,1,1,1,1,1,1,1,1,1,0,2,0,0,0,8,6,4,2,0,0,2,1,0,1,1,1,2,1,1,1,2024-01-07 05:03:49,1
929,927,1239,886,12,10,11,4,3,3,2,2,15,3,6,6,5,2,2,2,2,2,2,2,2,2,1,1,1,0,1,0,0,4,2,0,0,0,0,0,0,0,0,0,0,1,1,2024-01-07 05:05:49,1
929,929,865,851,6,5,9,2,1,2,1,1,45,1,6,6,3,1,1,1,1,1,1,1,1,1,0,2,1,0,0,9,6,4,2,0,0,2,0,0,1,1,1,2,1,0,2,2024-01-07 05:07:49,0
927,927,850,845,6,5,6,2,1,1,1,1,30,2,4,4,2,1,1,1,1,1,1,1,1,1,0,2,0,0,0,8,6,4,2,0,0,2,0,0,1,1,1,2,1,1,0,2024-01-07 05:09:49,0
928,926,1301,954,6,5,8,2,3,1,2,2,30,2,6,6,2,1,1,1,1,1,1,1,1,1,0,3,1,0,1,0,0,4,2,0,0,0,0,0,0,0,0,0,0,0,0,2024-01-07 05:11:49,0
928,926,985,968,12,10,13,4,6,4,5,5,45,6,7,7,6,2,2,2,2,2,2,2,2,2,0,0,1,0,1,8,6,4,2,0,0,2,0,0,1,1,1,2,1,1,1,2024-01-07 05:13:49,1
923,922,1211,860,0,0,10,0,2,2,2,2,15,2,8,8,2,0,0,0,0,0,0,0,0,0,0,1,0,1,0,0,0,4,2,0,0,0,0,0,0,0,0,0,0,0,1,2024-01-07 05:15:49,0
937,937,13,0,6,5,14,2,3,3,3,3,45,4,10,10,4,1,1,1,1,1,1,1,1,1,0,2,0,0,0,8,6,4,2,0,0,2,0,0,1,1,1,2,1,1,2,2024-01-07 05:17:49,0
926,925,6,0,6,5,5,2,1,1,1,1,30,2,3,3,2,1,1,1,1,1,1,1,1,1,0,0,0,0,0,9,6,4,2,0,0,2,1,0,1,1,1,2,1,1,0,2024-01-07 05:19:49,0
923,923,353,0,0,0,14,0,1,1,1,1,30,1,13,13,1,0,0,0,0,0,0,0,0,0,0,3,0,0,0,0,0,4,2,0,0,0,0,0,0,0,0,0,0,0,0,2024-01-07 05:21:49,0
930,927,8,0,0,0,9,0,4,3,4,4,45,4,6,6,3,0,0,0,0,0,0,0,0,0,0,1,0,1,0,8,6,4,2,0,0,2,2,0,1,1,1,2,1,0,1,2024-01-07 05:23:49,0
924,924,357,0,12,10,11,4,0,0,0,0,15,2,9,9,2,2,2,2,2,2,2,2,2,2,0,1,0,0,0,0,0,4,2,0,0,0,0,0,0,0,0,0,0,2,1,2024-01-07 05:25:49,0
939,938,872,858,6,5,14,2,1,1,1,1,45,2,12,12,2,1,1,1,1,1,1,1,1,1,0,2,0,1,0,8,6,4,2,0,0,2,0,0,1,1,1,2,1,1,2,2024-01-07 05:27:49,0
926,922,861,854,6,5,7,2,4,1,2,2,30,2,5,5,2,1,1,1,1,1,1,1,1,1,0,0,1,0,2,7,6,4,2,0,0,2,0,0,1,1,1,2,1,0,0,2024-01-07 05:29:49,1
920,916,1235,878,6,5,12,2,3,3,3,3,30,4,8,8,4,5,5,5,1,1,1,1,1,1,0,4,0,0,0,0,0,4,2,0,4,0,0,0,0,0,0,0,0,1,0,2024-01-07 05:31:49,0
948,948,867,854,6,5,14,4,0,0,0,0,45,0,13,13,1,3,3,3,1,1,3,1,1,1,0,1,0,0,0,5,6,4,2,0,0,2,0,0,1,1,1,2,1,0,1,2024-01-07 05:33:49,0
926,925,1197,840,6,5,17,2,3,4,3,3,15,4,12,12,5,1,1,1,1,1,1,1,1,1,1,3,2,0,0,0,0,4,2,0,0,0,0,0,0,0,0,0,0,1,1,2024-01-07 05:35:49,0
944,939,842,832,12,10,12,4,5,4,6,6,45,4,6,6,6,2,2,2,2,2,2,2,2,2,0,2,2,1,0,8,6,4,1,0,0,2,1,0,1,1,1,2,1,0,2,2024-01-07 05:37:49,2
923,922,856,851,6,5,4,2,1,1,1,1,15,2,2,2,2,1,1,1,1,1,1,1,1,1,0,0,0,1,0,0,0,4,2,0,0,0,0,0,0,0,0,0,0,1,0,2024-01-07 05:39:49,0
925,924,1193,840,6,5,12,2,2,2,2,2,45,3,9,9,3,1,1,1,1,1,1,1,1,1,1,2,1,0,0,6,6,4,2,0,0,2,0,0,1,1,1,2,1,1,0,2024-01-07 05:41:49,0
937,935,892,877,6,5,16,2,6,5,5,5,45,5,10,10,6,1,1,1,1,1,1,1,1,1,0,1,1,0,1,8,6,4,2,0,0,2,0,0,1,1,1,2,1,0,1,2024-01-07 05:43:49,0
914,913,1205,853,0,0,11,0,1,0,1,1,15,1,11,11,0,0,0,0,0,0,0,0,0,0,0,1,0,1,1,0,0,4,2,0,0,0,0,0,0,0,0,0,0,0,1,2024-01-07 05:45:49,1
944,943,833,820,6,5,15,2,2,1,2,2,45,3,13,13,2,1,1,1,1,1,1,1,1,1,0,3,0,0,0,9,6,4,2,0,0,2,0,0,1,1,1,2,1,1,2,2024-01-07 05:47:49,0
935,931,901,885,12,10,16,10,7,5,7,7,15,7,8,8,8,8,8,8,2,2,8,2,2,2,0,0,0,2,0,0,0,4,2,1,0,0,0,0,0,0,0,0,0,1,0,2024-01-07 05:49:49,0
945,939,1353,967,58,48,32,21,15,14,15,15,45,13,6,6,26,11,11,11,10,10,11,10,10,10,0,2,0,4,0,8,6,4,2,2,0,2,0,0,1,1,1,2,1,0,0,2024-01-07 05:51:49,1
942,939,1003,977,14,12,12,5,4,3,4,4,45,4,7,7,5,3,3,3,2,2,3,2,2,2,0,0,1,1,0,9,6,4,2,0,0,2,0,0,1,1,1,2,1,1,1,2024-01-07 05:53:49,2
911,911,1058,701,0,0,11,0,1,1,1,1,15,1,10,10,1,0,0,0,0,0,0,0,0,0,0,0,0,0,0,0,0,4,2,0,0,0,0,0,0,0,0,0,0,0,1,2024-01-07 05:55:49,0
947,946,15,0,6,5,12,2,3,3,3,3,45,4,8,8,4,1,1,1,1,1,1,1,1,1,0,2,0,0,0,7,6,4,2,0,0,2,1,0,1,1,1,2,1,1,2,2024-01-07 05:57:49,0
926,925,7,0,6,5,6,2,2,2,2,2,15,3,3,3,3,1,1,1,1,1,1,1,1,1,0,2,0,1,0,0,0,4,2,0,0,0,0,0,0,0,0,0,0,1,0,2024-01-07 05:59:49,0
929,923,377,0,24,20,26,14,2,1,2,2,45,2,21,21,5,14,14,14,4,4,10,4,4,4,0,4,1,0,0,8,6,4,2,0,4,2,0,0,1,1,1,2,1,1,0,2024-01-07 06:01:49,1
948,947,39,0,0,0,44,0,1,2,1,1,45,1,42,42,2,0,0,0,0,0,0,0,0,0,0,5,0,1,0,4,6,4,2,0,0,2,0,0,1,1,1,2,1,0,1,2024-01-07 06:03:49,0
917,915,359,0,6,5,17,2,2,5,2,2,15,3,11,11,6,1,1,1,1,1,1,1,1,1,0,4,0,2,0,0,0,4,2,0,0,0,0,0,0,0,0,0,0,1,1,2024-01-07 06:05:49,0
951,949,863,849,2,2,11,1,5,3,5,5,45,3,6,6,5,1,1,1,0,0,1,0,0,0,0,2,0,2,1,7,6,4,2,2,0,2,0,0,1,1,1,2,1,0,2,2024-01-07 06:07:49,2
923,923,870,862,12,10,8,4,2,3,2,2,15,2,3,3,5,2,2,2,2,2,2,2,2,2,0,1,1,0,0,0,0,4,2,0,0,0,0,0,0,0,0,0,0,0,0,2024-01-07 06:09:49,0
911,911,1232,885,6,5,7,2,0,0,0,0,45,1,6,6,1,1,1,1,1,1,1,1,1,1,0,3,0,0,0,9,6,4,2,0,0,2,0,0,1,1,1,2,1,1,0,2024-01-07 06:11:49,0
943,943,870,860,0,0,10,0,4,3,4,4,45,4,7,7,3,0,0,0,0,0,0,0,0,0,0,0,0,0,0,7,6,4,2,0,0,2,0,0,1,1,1,2,1,0,1,2024-01-07 06:13:49,0
920,915,1207,848,12,10,16,4,8,7,7,7,15,8,7,7,9,2,2,2,2,2,2,2,2,2,0,0,1,2,1,0,0,4,2,0,0,0,0,0,0,0,0,0,0,1,1,2024-01-07 06:15:49,0
948,946,847,831,12,10,17,4,6,5,5,5,45,6,10,10,7,2,2,2,2,2,2,2,2,2,0,2,1,0,1,8,6,4,2,0,0,2,0,0,1,1,1,2,1,1,2,2024-01-07 06:17:49,1
913,912,858,852,0,0,6,0,3,3,3,3,15,3,3,3,3,0,0,0,0,0,0,0,0,0,0,0,0,0,0,0,0,4,2,0,0,0,1,0,0,0,0,0,0,0,0,2024-01-07 06:19:49,0
931,922,1200,837,12,10,23,4,11,8,9,9,45,9,13,13,10,2,2,2,2,2,2,2,2,2,0,3,3,2,2,8,6,4,2,0,0,2,1,0,1,1,1,2,1,1,0,2024-01-07 06:21:49,0
948,945,911,900,6,5,10,2,4,4,5,5,30,6,5,5,5,1,1,1,1,1,1,1,1,1,2,0,1,0,0,0,0,4,2,0,0,0,0,0,0,0,0,0,0,1,1,2024-01-07 06:23:49,1
916,914,1223,869,6,5,13,2,4,3,3,3,30,3,9,9,4,1,1,1,1,1,1,1,1,1,0,1,1,0,1,9,6,4,2,0,0,2,0,0,1,1,1,2,1,0,1,2024-01-07 06:25:49,1
942,941,851,836,6,5,15,2,2,2,2,2,45,3,12,12,3,1,1,1,1,1,1,1,1,1,0,2,0,1,0,8,6,4,2,0,0,2,0,0,1,1,1,2,1,1,2,2024-01-07 06:27:49,0
916,916,893,883,12,10,8,4,0,1,0,0,15,1,5,5,3,2,2,2,2,2,2,2,2,2,0,0,0,0,0,0,0,4,2,0,0,0,0,0,0,0,0,0,0,1,0,2024-01-07 06:29:49,0
927,923,1326,973,0,0,8,0,2,1,2,2,45,2,7,7,1,4,4,4,0,0,0,0,0,0,0,2,0,0,0,7,6,4,2,0,4,2,0,0,1,1,1,2,1,0,0,2024-01-07 06:31:49,0
946,944,972,954,6,5,19,2,4,5,4,4,30,5,13,13,6,1,1,1,1,1,1,1,1,1,1,2,1,1,0,0,0,4,2,0,0,0,0,0,0,0,0,0,0,1,1,2024-01-07 06:33:49,0
922,920,1008,648,6,5,17,2,7,7,7,7,30,8,9,9,8,1,1,1,1,1,1,1,1,1,0,0,0,2,0,9,6,4,2,0,0,2,0,0,1,1,1,2,1,1,1,2024-01-07 06:35:49,0
941,939,5,0,0,0,8,0,2,1,2,2,45,2,7,7,1,0,0,0,0,0,0,0,0,0,1,3,1,0,0,9,6,4,2,0,0,2,0,0,1,1,1,2,1,0,2,2024-01-07 06:37:49,0
914,913,13,0,12,10,13,7,7,8,7,7,15,7,3,3,10,5,5,5,2,2,5,2,2,2,0,1,1,1,0,0,0,4,2,0,0,0,0,0,0,0,0,0,0,0,0,2024-01-07 06:39:49,0
929,927,355,0,12,10,13,4,4,3,3,3,45,4,8,8,5,2,2,2,2,2,2,2,2,2,0,1,1,0,1,8,6,4,2,0,0,2,0,0,1,1,1,2,1,1,0,2024-01-07 06:41:49,1
942,941,10,0,0,0,11,0,1,1,1,1,30,1,10,10,1,0,0,0,0,0,0,0,0,0,0,1,0,1,0,0,0,4,2,0,0,0,0,0,0,0,0,0,0,0,1,2024-01-07 06:43:49,0
925,922,363,0,24,20,19,8,5,4,4,4,30,6,11,11,8,4,4,4,4,4,4,4,4,4,0,0,1,1,1,7,6,4,2,0,0,2,0,0,1,1,1,2,1,2,1,2024-01-07 06:45:49,0
927,924,883,867,0,0,18,0,5,5,5,5,45,5,13,13,5,1,1,1,0,0,0,0,0,0,0,3,0,2,0,6,6,4,2,0,1,2,0,0,1,1,1,2,1,0,2,2024-01-07 06:47:49,0
931,928,894,878,6,5,16,2,7,7,6,6,15,6,8,8,8,1,1,1,1,1,1,1,1,1,0,0,1,1,1,0,0,4,2,0,0,0,0,0,0,0,0,0,0,0,0,2024-01-07 06:49:49,1
922,919,1254,886,12,10,11,4,5,4,5,5,45,6,5,5,6,2,2,2,2,2,2,2,2,2,0,1,0,3,0,8,6,4,2,0,0,2,0,0,1,1,1,2,1,1,0,2024-01-07 06:51:49,0
955,951,867,844,0,0,18,0,11,10,11,11,30,11,8,8,10,0,0,0,0,0,0,0,0,0,1,1,1,3,0,0,0,4,2,0,0,0,0,0,0,0,0,0,0,0,1,2024-01-07 06:53:49,0
911,910,1178,819,0,0,15,0,4,4,4,4,30,4,11,11,4,0,0,0,0,0,0,0,0,0,0,1,0,1,0,9,6,4,2,0,0,2,0,0,1,1,1,2,1,0,1,2024-01-07 06:55:49,0
933,932,854,838,12,10,14,4,2,2,2,2,30,4,10,10,4,2,2,2,2,2,2,2,2,2,0,4,0,1,0,0,0,4,2,0,0,0,0,0,0,0,0,0,0,2,2,2024-01-07 06:57:49,0
932,928,879,869,12,10,9,4,5,4,4,4,30,5,3,3,6,2,2,2,2,2,2,2,2,2,0,2,1,2,1,8,6,4,2,0,0,2,0,0,1,1,1,2,1,1,0,2024-01-07 06:59:49,0
931,923,1197,834,0,0,12,0,5,4,5,5,45,5,8,8,4,4,4,4,0,0,0,0,0,0,0,3,0,3,0,4,6,4,2,0,4,2,1,0,1,1,1,2,1,0,0,2024-01-07 07:01:49,0
952,952,914,895,11,9,18,5,2,3,2,2,30,3,13,13,5,3,3,3,2,2,3,2,2,2,0,3,0,0,0,0,0,4,2,0,0,0,0,0,0,0,0,0,0,1,1,2024-01-07 07:03:49,0
924,920,1230,875,12,10,15,4,8,5,7,7,30,6,7,7,8,2,2,2,2,2,2,2,2,2,0,2,1,1,1,7,6,4,2,1,0,2,0,0,1,1,1,2,1,0,1,2024-01-07 07:05:49,1
930,929,833,819,1,1,8,0,3,2,3,3,30,3,6,6,2,0,0,0,0,0,0,0,0,0,0,2,0,0,0,0,0,4,2,0,0,0,1,0,0,0,0,0,0,0,2,2024-01-07 07:07:49,0
925,922,886,879,6,5,7,2,5,3,5,5,30,6,3,3,4,2,2,2,1,1,1,1,1,1,0,1,0,1,0,9,6,4,2,0,1,2,1,0,1,1,1,2,1,1,0,2024-01-07 07:09:49,0
922,921,1316,968,6,5,8,2,1,2,1,1,45,1,5,5,3,1,1,1,1,1,1,1,1,1,1,2,2,0,0,8,6,4,2,0,0,2,0,0,1,1,1,2,1,0,0,2024-01-07 07:11:49,0
952,949,980,964,18,15,15,6,5,4,4,4,30,5,8,8,7,3,3,3,3,3,3,3,3,3,0,1,1,1,1,0,0,4,2,0,0,0,0,0,0,0,0,0,0,1,1,2024-01-07 07:13:49,1
911,910,1005,652,0,0,13,0,2,2,2,2,30,2,11,11,2,0,0,0,0,0,0,0,0,0,1,3,1,0,0,8,6,4,2,0,0,2,0,0,1,1,1,2,1,0,1,2024-01-07 07:15:49,0
952,944,21,0,12,10,24,4,11,10,12,12,30,11,12,12,12,2,2,2,2,2,2,2,2,2,0,4,1,5,0,0,0,4,2,0,0,0,1,0,0,0,0,0,0,1,2,2024-01-07 07:17:49,1
930,929,12,0,12,10,11,7,4,4,4,4,30,5,5,5,6,5,5,5,2,2,5,2,2,2,0,2,0,0,0,8,6,4,2,0,0,2,1,0,1,1,1,2,1,1,0,2024-01-07 07:19:49,0
932,929,358,0,12,10,21,4,4,3,3,3,45,4,16,16,5,2,2,2,2,2,2,2,2,2,0,6,1,0,1,8,6,4,2,0,0,2,1,0,1,1,1,2,1,1,0,2024-01-07 07:21:49,1
942,940,15,0,0,0,14,0,8,7,8,8,30,7,6,6,8,0,0,0,0,0,0,0,0,0,0,1,0,2,0,0,0,4,1,1,0,0,0,0,0,0,0,0,0,0,1,2024-01-07 07:23:49,5
911,909,358,0,12,10,20,6,5,5,5,5,30,6,13,13,7,4,4,4,2,2,4,2,2,2,0,5,0,2,0,8,6,4,2,0,0,2,0,0,1,1,1,2,1,1,1,2024-01-07 07:25:49,0
953,949,879,857,0,0,23,0,11,10,11,11,30,11,13,13,10,0,0,0,0,0,0,0,0,0,2,3,1,3,0,0,0,4,2,0,0,0,0,0,0,0,0,0,0,0,2,2024-01-07 07:27:49,0
920,920,845,840,0,0,5,0,0,0,0,0,30,0,5,5,0,0,0,0,0,0,0,0,0,0,0,0,0,0,0,1,6,4,2,0,0,2,0,0,1,1,1,2,1,0,0,2024-01-07 07:29:49,0
934,929,1247,885,18,15,15,6,4,4,4,4,45,6,8,8,7,7,7,7,3,3,3,3,3,3,0,3,0,1,0,8,6,4,2,0,4,2,0,0,1,1,1,2,1,2,0,2024-01-07 07:31:49,2
946,941,860,836,6,5,27,2,11,11,11,11,30,12,15,15,12,1,1,1,1,1,1,1,1,1,4,4,1,2,0,0,0,4,2,0,0,0,0,0,0,0,0,0,0,1,1,2024-01-07 07:33:49,0
920,916,1198,840,6,5,16,2,6,6,6,6,30,6,9,9,7,1,1,1,1,1,1,1,1,1,1,0,0,4,0,8,6,4,2,0,0,2,0,0,1,1,1,2,1,0,1,2024-01-07 07:35:49,0
948,944,858,834,18,15,26,8,14,15,13,13,30,14,8,8,18,5,5,5,3,3,5,3,3,3,3,4,1,2,1,0,0,4,2,0,0,0,0,0,0,0,0,0,0,1,2,2024-01-07 07:37:49,1
934,930,871,863,6,5,8,5,7,5,6,6,30,6,2,2,6,4,4,4,1,1,4,1,1,1,0,0,1,1,1,4,6,4,2,0,0,2,0,0,1,1,1,2,1,0,0,2024-01-07 07:39:49,0
923,920,1184,823,12,10,16,4,6,6,6,6,30,6,8,8,8,2,2,2,2,2,2,2,2,2,2,1,1,2,0,0,0,4,2,0,0,0,0,0,0,0,0,0,0,0,0,2024-01-07 07:41:49,0
941,931,893,878,6,5,15,2,7,4,7,7,45,8,10,10,5,7,7,7,1,1,1,1,1,1,2,1,0,0,0,8,6,4,2,0,6,2,0,0,1,1,1,2,1,1,1,2024-01-07 07:43:49,0
943,927,1244,881,18,15,21,6,6,5,5,5,30,6,13,13,8,15,15,15,3,3,3,3,3,3,1,2,1,2,1,4,6,4,2,0,12,2,0,0,1,1,1,2,1,1,1,2024-01-07 07:45:49,1
961,944,857,834,6,5,27,3,12,12,12,12,30,12,14,14,13,13,13,13,1,1,2,1,1,1,3,4,0,5,0,0,0,4,2,0,11,0,1,0,0,0,0,0,0,0,2,2024-01-07 07:47:49,0
942,927,889,875,18,15,13,8,2,1,1,1,30,2,9,9,4,18,18,18,3,3,5,3,3,3,0,1,1,0,1,8,6,4,2,0,13,2,0,0,1,1,1,2,1,1,0,2024-01-07 07:49:49,0
924,912,1340,975,0,0,8,0,3,3,3,3,30,3,5,5,3,12,12,12,0,0,0,0,0,0,0,1,0,0,0,0,0,4,2,0,12,0,0,0,0,0,0,0,0,0,0,2024-01-07 07:51:49,0
964,948,972,956,6,5,14,2,5,5,5,5,45,6,8,8,6,14,14,14,1,1,1,1,1,1,0,1,0,2,0,7,6,4,2,0,13,2,1,0,1,1,1,2,1,1,1,2024-01-07 07:53:49,0
926,913,1067,710,0,0,12,0,2,3,2,2,30,2,9,9,3,12,12,12,0,0,0,0,0,0,1,0,0,1,0,9,6,4,2,0,12,2,0,0,1,1,1,2,1,0,1,2024-01-07 07:55:49,0
966,950,26,0,12,10,21,5,8,6,8,8,30,8,12,12,9,15,15,15,2,2,3,2,2,2,2,2,1,2,0,0,0,4,2,1,12,0,0,0,0,0,0,0,0,1,2,2024-01-07 07:57:49,0
938,925,17,0,6,5,17,2,11,11,11,11,30,11,5,5,12,9,9,9,1,1,1,1,1,1,0,2,1,2,0,8,6,4,2,0,8,2,1,0,1,1,1,2,1,0,0,2024-01-07 07:59:49,0
1167,1161,564,2,574,478,115,258,3,1,2,2,30,3,18,18,97,166,166,166,96,96,162,96,96,96,0,5,1,0,1,0,0,4,2,0,4,0,0,0,0,0,0,0,0,1,0,2024-01-07 08:01:49,56
956,954,18,0,8,7,21,3,6,6,6,6,45,7,14,14,7,2,2,2,1,1,2,1,1,1,0,5,0,2,0,8,6,4,2,0,0,2,0,0,1,1,1,2,1,1,1,2024-01-07 08:03:49,1
928,924,354,0,6,5,21,2,5,6,4,4,30,3,13,13,8,1,1,1,1,1,1,1,1,1,0,8,1,2,1,7,6,4,2,1,0,2,0,0,1,1,1,2,1,0,1,2024-01-07 08:05:49,0
954,947,868,845,6,5,19,2,10,10,10,10,30,10,8,8,11,1,1,1,1,1,1,1,1,1,2,4,1,5,0,0,0,4,2,0,0,0,0,0,0,0,0,0,0,0,2,2024-01-07 08:07:49,0
912,906,854,842,12,10,13,4,8,6,7,7,30,8,5,5,8,2,2,2,2,2,2,2,2,2,0,2,1,2,1,8,6,4,2,0,0,2,1,0,1,1,1,2,1,1,0,2024-01-07 08:09:49,1
939,935,1251,895,6,5,18,3,9,9,9,9,30,9,8,8,10,2,2,2,1,1,2,1,1,1,1,5,1,3,0,0,0,4,2,0,0,0,0,0,0,0,0,0,0,0,0,2024-01-07 08:11:49,0
952,950,851,830,12,10,25,4,10,9,10,10,45,10,13,13,12,2,2,2,2,2,2,2,2,2,0,4,1,1,0,7,6,4,2,1,0,2,0,0,1,1,1,2,1,1,1,2024-01-07 08:13:49,2
920,919,1190,836,0,0,14,0,3,4,3,3,15,3,10,10,4,0,0,0,0,0,0,0,0,0,0,2,0,1,0,0,0,4,2,0,0,0,0,0,0,0,0,0,0,0,1,2024-01-07 08:15:49,0
943,936,858,830,6,5,31,2,17,16,16,16,45,15,13,13,18,1,1,1,1,1,1,1,1,1,1,2,2,4,1,8,6,4,2,1,0,2,0,0,1,1,1,2,1,0,2,2024-01-07 08:17:49,0
920,914,877,861,6,5,16,2,4,5,4,4,30,5,10,10,6,6,6,6,1,1,1,1,1,1,1,1,0,1,0,8,6,4,2,0,5,2,0,0,1,1,1,2,1,1,0,2024-01-07 08:19:49,0
936,924,1199,823,6,5,36,2,5,4,6,6,30,4,31,31,5,9,9,9,1,1,1,1,1,1,0,2,1,1,0,0,0,4,2,0,8,0,1,0,0,0,0,0,0,0,0,2024-01-07 08:21:49,1
953,939,881,864,0,0,18,0,13,12,13,13,45,13,6,6,12,13,13,13,0,0,0,0,0,0,1,1,0,1,0,9,6,4,2,0,13,2,0,0,1,1,1,2,1,0,1,2024-01-07 08:23:49,0
941,924,1254,891,12,10,21,4,10,10,10,10,15,10,9,9,12,14,14,14,2,2,2,2,2,2,1,1,1,2,0,0,0,4,2,0,12,0,1,0,0,0,0,0,0,1,1,2024-01-07 08:25:49,1
948,932,881,860,6,5,21,2,10,8,9,9,45,9,12,12,9,13,13,13,1,1,1,1,1,1,1,2,1,2,1,8,6,4,2,0,12,2,0,0,1,1,1,2,1,0,2,2024-01-07 08:27:49,3
931,911,885,869,6,5,17,2,12,10,11,11,30,10,5,5,12,14,14,14,1,1,1,1,1,1,2,0,2,3,1,9,6,4,2,1,13,2,0,0,1,1,1,2,1,0,0,2024-01-07 08:29:49,0
957,934,1324,965,6,5,13,2,8,4,8,8,30,9,8,8,5,17,17,17,1,1,1,1,1,1,3,2,0,1,0,0,0,4,2,0,16,0,0,0,0,0,0,0,0,1,0,2024-01-07 08:31:49,0
966,950,990,964,24,20,30,8,10,9,9,9,45,10,17,17,13,16,16,17,4,4,4,4,4,4,1,5,1,1,1,3,6,4,2,0,13,2,0,0,1,1,1,2,1,1,1,2024-01-07 08:33:49,1
925,911,1071,712,6,5,17,2,8,8,9,9,15,10,8,8,9,13,13,12,1,1,1,1,1,1,2,2,0,2,0,0,0,4,2,0,11,0,0,0,0,0,0,0,0,1,1,2024-01-07 08:35:49,0
944,941,17,0,0,0,20,0,8,8,7,7,45,7,12,12,8,0,0,0,0,0,0,0,0,0,2,3,1,2,0,7,6,4,2,0,0,2,0,0,1,1,1,2,1,0,2,2024-01-07 08:37:49,0
919,907,17,0,0,0,15,0,16,13,13,13,30,13,2,2,13,0,0,0,0,0,0,0,0,0,3,0,4,5,3,9,6,4,2,0,0,2,0,0,1,1,1,2,1,0,0,2024-01-07 08:39:49,0
937,928,364,0,12,10,24,4,14,11,12,12,30,10,9,9,15,2,2,2,2,2,2,2,2,2,1,1,2,4,2,0,0,4,2,2,0,0,0,0,0,0,0,0,0,0,0,2024-01-07 08:41:49,4
957,954,21,0,12,10,20,4,9,8,9,9,45,10,10,10,10,2,2,2,2,2,2,2,2,2,2,1,1,1,0,8,6,4,2,0,0,2,1,0,1,1,1,2,1,1,1,2024-01-07 08:43:49,0
903,899,367,0,18,15,23,6,11,12,11,11,15,11,8,8,15,3,3,3,3,3,3,3,3,3,4,0,2,1,0,0,0,4,2,0,0,0,1,0,0,0,0,0,0,0,1,2024-01-07 08:45:49,0
960,955,881,847,12,10,32,4,11,11,11,11,45,12,19,19,13,2,2,2,2,2,2,2,2,2,3,3,2,3,0,2,6,4,2,0,0,2,0,0,1,1,1,2,1,1,2,2024-01-07 08:47:49,0
935,921,878,847,0,0,32,0,20,23,19,19,15,19,9,9,23,0,0,0,0,0,0,0,0,0,6,1,1,11,1,0,0,4,2,0,0,0,1,0,0,0,0,0,0,0,0,2024-01-07 08:49:49,0
927,924,1253,889,6,5,9,2,5,2,4,4,45,4,6,6,3,1,1,1,1,1,1,1,1,1,0,2,1,0,1,7,6,4,2,0,0,2,0,0,1,1,1,2,1,0,0,2024-01-07 08:51:49,0
955,950,865,847,12,10,20,4,8,7,8,8,45,8,10,10,10,2,2,2,2,2,2,2,2,2,0,3,1,2,1,7,6,4,2,1,0,2,0,0,1,1,1,2,1,1,1,2024-01-07 08:53:49,1
910,906,1199,839,6,5,16,2,5,4,5,5,15,5,11,11,5,1,1,1,1,1,1,1,1,1,2,1,2,1,0,0,0,4,2,0,0,0,1,0,0,0,0,0,0,0,1,2024-01-07 08:55:49,0
954,946,867,841,24,20,23,8,10,11,9,9,45,10,8,8,15,4,4,4,4,4,4,4,4,4,6,2,6,1,1,9,6,4,2,0,0,2,1,0,1,1,1,2,1,1,2,2024-01-07 08:57:49,2
958,949,880,854,48,40,27,24,15,12,15,15,15,15,7,7,20,16,16,16,8,8,16,8,8,8,0,4,0,8,0,0,0,4,2,0,0,0,0,0,0,0,0,0,0,0,0,2024-01-07 08:59:49,24
1288,1279,1570,838,930,775,287,356,8,9,8,8,45,8,123,123,164,203,203,203,155,155,199,155,155,155,2,6,0,4,3,8,6,4,2,0,4,2,0,4,1,1,1,2,1,0,0,2024-01-07 09:01:49,93
982,973,915,884,78,65,34,36,11,9,10,10,45,8,11,11,23,25,25,25,13,13,25,13,13,13,2,2,2,5,1,7,6,4,1,1,0,2,0,0,1,1,1,2,1,0,1,2024-01-07 09:03:49,13
932,928,1232,870,24,20,25,8,6,6,5,5,15,7,15,15,10,4,4,4,4,4,4,4,4,4,2,7,3,1,1,0,0,4,2,0,0,0,0,0,0,0,0,0,0,2,1,2024-01-07 09:05:49,1
948,941,849,821,12,10,20,4,12,11,11,11,45,11,7,7,13,2,2,2,2,2,2,2,2,2,2,2,3,1,1,9,6,4,2,0,0,2,1,0,1,1,1,2,1,0,2,2024-01-07 09:07:49,0
927,925,902,892,6,5,10,2,6,5,6,6,15,7,4,4,6,1,1,1,1,1,1,1,1,1,0,1,0,1,0,0,0,4,2,0,0,0,0,0,0,0,0,0,0,1,0,2024-01-07 09:09:49,0
918,913,1332,975,0,0,17,0,10,11,10,10,45,10,6,6,11,0,0,0,0,0,0,0,0,0,3,2,1,0,0,7,6,4,2,0,0,2,4,0,1,1,1,2,1,0,0,2024-01-07 09:11:49,0
953,951,956,947,0,0,12,0,2,1,2,2,45,2,11,11,1,0,0,0,0,0,0,0,0,0,0,3,0,1,0,7,6,4,2,0,0,2,0,0,1,1,1,2,1,0,1,2024-01-07 09:13:49,0
920,911,1066,696,12,10,29,4,19,18,18,18,15,17,8,8,21,2,2,2,2,2,2,2,2,2,1,0,3,5,1,0,0,4,2,1,0,0,0,0,0,0,0,0,0,0,1,2024-01-07 09:15:49,0
951,948,17,0,12,10,18,4,6,5,5,5,45,6,11,11,7,2,2,2,2,2,2,2,2,2,1,2,1,1,1,3,6,4,2,0,0,2,0,0,1,1,1,2,1,1,2,2024-01-07 09:17:49,0
923,919,10,0,0,0,10,0,6,4,6,6,15,6,6,6,4,0,0,0,0,0,0,0,0,0,0,0,0,4,0,0,0,4,2,0,0,0,0,0,0,0,0,0,0,0,0,2024-01-07 09:19:49,0
921,908,379,0,18,15,40,6,20,20,21,21,45,17,15,15,25,3,3,3,3,3,3,3,3,3,6,2,4,4,0,4,6,4,2,2,0,2,1,0,1,1,1,2,1,1,0,2024-01-07 09:21:49,5
956,950,14,0,12,10,15,4,9,7,8,8,30,8,6,6,9,2,2,2,2,2,2,2,2,2,3,1,3,2,1,0,0,4,2,0,0,0,0,0,0,0,0,0,0,0,1,2024-01-07 09:23:49,0
917,916,360,0,0,0,16,0,6,6,6,6,30,6,10,10,6,0,0,0,0,0,0,0,0,0,0,1,1,0,0,7,6,4,2,0,0,2,0,0,1,1,1,2,1,0,1,2024-01-07 09:25:49,0
958,948,894,872,12,10,25,4,17,14,15,15,45,14,8,8,17,2,2,2,2,2,2,2,2,2,3,3,3,2,2,6,6,4,2,1,0,2,2,0,1,1,1,2,1,0,2,2024-01-07 09:27:49,0
924,917,893,867,12,10,25,4,13,12,12,12,15,13,11,11,14,2,2,2,2,2,2,2,2,2,1,0,1,4,1,0,0,4,2,0,0,0,1,0,0,0,0,0,0,1,0,2024-01-07 09:29:49,1
969,962,1226,864,0,0,70,0,9,10,9,9,45,9,60,60,10,4,4,4,0,0,0,0,0,0,2,55,2,2,0,8,6,4,2,0,4,2,0,1,1,1,1,2,1,0,0,2024-01-07 09:31:49,1
1051,1046,889,858,18,15,117,8,9,8,9,9,30,10,106,106,11,6,6,6,3,3,5,3,3,3,1,90,1,2,0,0,0,4,2,0,1,0,0,0,0,0,0,0,0,1,1,2024-01-07 09:33:49,0
924,920,1196,832,6,5,23,2,7,7,6,6,30,6,15,15,8,1,1,1,1,1,1,1,1,1,2,5,1,1,1,9,6,4,2,0,0,2,1,0,1,1,1,2,1,0,1,2024-01-07 09:35:49,0
961,951,857,828,18,15,32,8,22,15,20,20,45,20,13,13,19,5,5,5,3,3,5,3,3,3,3,3,2,3,2,9,6,4,2,1,0,2,1,0,1,1,1,2,1,1,2,2024-01-07 09:37:49,0
911,902,872,853,6,5,18,2,13,11,13,13,15,13,5,5,13,1,1,1,1,1,1,1,1,1,7,0,5,3,0,0,0,4,2,1,0,0,1,0,0,0,0,0,0,1,0,2024-01-07 09:39:49,0
927,918,1197,836,0,0,21,0,14,11,13,13,45,12,9,9,12,0,0,0,0,0,0,0,0,0,6,1,3,4,2,7,6,4,2,1,0,2,0,0,1,1,1,2,1,0,0,2024-01-07 09:41:49,1
960,956,907,893,6,5,15,2,6,5,5,5,30,5,9,9,6,1,1,1,1,1,1,1,1,1,0,1,1,2,1,0,0,4,2,0,0,0,0,0,0,0,0,0,0,0,1,2024-01-07 09:43:49,0
928,919,1238,867,18,15,27,6,14,16,12,12,30,13,8,8,19,3,3,3,3,3,3,3,3,3,2,0,1,5,2,8,6,4,2,0,0,2,1,0,1,1,1,2,1,1,1,2024-01-07 09:45:49,1
944,940,845,823,6,5,24,2,10,6,9,9,45,9,17,17,7,1,1,1,1,1,1,1,1,1,2,2,1,1,1,9,6,4,2,0,0,2,0,0,1,1,1,2,1,0,2,2024-01-07 09:47:49,0
910,906,901,881,12,10,21,4,12,10,11,11,15,10,8,8,13,2,2,2,2,2,2,2,2,2,3,0,4,0,1,0,0,4,2,1,0,0,0,0,0,0,0,0,0,0,0,2024-01-07 09:49:49,0
949,939,1346,955,18,15,33,22,17,17,16,16,45,17,13,13,20,19,19,19,3,3,19,3,3,3,7,1,4,4,1,8,6,4,2,0,0,2,0,3,1,1,1,2,1,1,0,2024-01-07 09:51:49,6
990,972,1005,954,64,53,42,23,25,22,23,23,30,22,8,8,34,14,14,14,11,11,12,11,11,11,2,1,2,5,2,0,0,4,2,1,2,0,2,0,0,0,0,0,0,0,1,2024-01-07 09:53:49,4
930,918,1076,704,20,17,25,10,15,12,15,15,30,15,10,10,15,10,10,10,3,3,7,3,3,3,1,0,1,6,0,8,6,4,2,0,3,2,1,0,1,1,1,2,1,1,1,2024-01-07 09:55:49,8
955,948,20,0,6,5,18,2,9,7,9,9,30,7,10,10,8,1,1,1,1,1,1,1,1,1,5,2,2,1,1,0,0,4,2,0,0,0,0,0,0,0,0,0,0,0,2,2024-01-07 09:57:49,2
931,921,25,0,18,15,40,6,18,15,17,17,30,14,20,20,20,3,3,3,3,3,3,3,3,3,4,17,5,2,1,8,6,4,2,2,0,2,1,3,1,1,1,2,1,0,0,2024-01-07 09:59:49,10
1018,990,615,0,186,155,226,62,22,21,26,26,45,74,167,167,59,35,35,35,31,31,31,31,31,31,64,16,1,5,1,9,6,4,2,7,4,2,9,2,1,1,1,2,1,55,0,2024-01-07 10:01:49,16
1021,1010,17,0,6,5,69,2,12,9,14,14,30,13,58,58,11,1,1,1,1,1,1,1,1,1,3,52,2,3,1,0,0,4,2,1,0,0,1,0,0,0,0,0,0,1,1,2024-01-07 10:03:49,12
976,971,356,0,0,0,72,0,5,4,5,5,30,5,68,68,4,4,4,4,0,0,0,0,0,0,0,58,1,0,0,8,6,4,2,0,4,2,0,0,1,1,1,2,1,0,1,2024-01-07 10:05:49,0
958,954,890,844,14,12,45,5,15,17,15,15,30,15,25,25,20,3,3,3,2,2,3,2,2,2,1,6,1,2,1,0,0,4,2,1,0,0,0,0,0,0,0,0,0,1,2,2024-01-07 10:07:49,2
948,929,884,840,72,60,44,20,16,13,14,14,30,14,18,18,26,22,22,22,12,12,14,12,6,6,5,1,5,3,2,9,6,4,2,1,8,2,0,0,1,1,1,2,1,1,0,2024-01-07 10:09:49,9
937,929,1391,888,18,15,29,6,17,18,16,16,45,15,7,7,22,3,3,3,3,3,3,3,3,3,8,3,5,3,1,8,6,4,2,1,0,2,0,0,1,1,1,2,1,0,0,2024-01-07 10:11:49,1
956,948,880,856,6,5,25,2,17,14,16,16,30,17,10,10,15,1,1,1,1,1,1,1,1,1,3,2,1,2,1,0,0,4,2,0,0,0,1,0,0,0,0,0,0,1,1,2024-01-07 10:13:49,0
920,914,1205,845,0,0,18,0,9,8,9,9,30,8,10,10,8,0,0,0,0,0,0,0,0,0,6,0,3,2,0,8,6,4,2,0,0,2,0,0,1,1,1,2,1,0,1,2024-01-07 10:15:49,1
951,942,867,843,6,5,28,2,12,11,12,12,30,11,16,16,12,1,1,1,1,1,1,1,1,1,3,4,2,4,1,0,0,4,2,0,0,0,0,0,0,0,0,0,0,0,2,2024-01-07 10:17:49,1
922,914,869,854,6,5,15,2,10,9,9,9,30,10,5,5,10,1,1,1,1,1,1,1,1,1,4,1,3,3,1,9,6,4,2,0,0,2,1,0,1,1,1,2,1,1,0,2024-01-07 10:19:49,0
951,942,1214,849,30,25,31,16,11,9,12,12,45,10,13,13,18,11,11,11,5,5,11,5,5,5,8,4,2,1,0,9,6,4,2,2,0,2,2,0,1,1,1,2,1,0,0,2024-01-07 10:21:49,5
955,948,914,897,6,5,21,2,12,9,12,12,30,11,10,10,11,1,1,1,1,1,1,1,1,1,0,3,1,3,1,0,0,4,2,1,0,0,0,0,0,0,0,0,0,0,1,2024-01-07 10:23:49,6
944,937,1241,872,12,10,39,10,11,11,11,11,30,12,26,26,13,8,8,8,2,2,8,2,2,2,3,13,2,4,0,8,6,4,2,0,0,2,1,0,1,1,1,2,1,1,1,2024-01-07 10:25:49,2
954,945,849,838,6,5,19,2,10,5,10,10,30,10,11,11,8,1,1,1,1,1,1,1,1,1,5,7,4,1,2,0,0,4,2,0,0,0,0,0,0,0,0,0,0,0,2,2024-01-07 10:27:49,8
938,929,931,901,12,10,33,4,21,17,20,20,30,19,13,13,20,2,2,2,2,2,2,2,2,2,5,2,3,5,1,8,6,4,2,1,0,2,0,0,1,1,1,2,1,0,0,2024-01-07 10:29:49,6
921,910,1343,976,6,5,23,2,12,12,12,12,45,13,10,10,13,5,5,5,1,1,1,1,1,1,9,5,1,3,0,7,6,4,2,0,4,2,1,0,1,1,1,2,1,1,0,2024-01-07 10:31:49,0
958,951,979,952,18,15,31,6,15,12,14,14,30,12,15,15,16,3,3,3,3,3,3,3,3,3,7,3,2,0,1,0,0,4,2,1,0,0,0,0,0,0,0,0,0,0,1,2024-01-07 10:33:49,2
926,918,998,632,6,5,25,2,13,12,12,12,30,12,12,12,13,1,1,1,1,1,1,1,1,1,5,1,4,2,1,8,6,4,2,0,0,2,0,1,1,1,1,2,1,0,1,2024-01-07 10:35:49,0
954,950,32,0,18,15,35,6,15,15,14,14,30,15,17,17,18,3,3,3,3,3,3,3,3,3,5,4,3,1,1,0,0,4,2,0,0,0,0,0,0,0,0,0,0,1,2,2024-01-07 10:37:49,0
915,903,28,0,12,10,28,7,21,18,20,20,30,20,7,7,21,5,5,5,2,2,5,2,2,2,9,0,4,2,1,8,6,4,2,1,0,2,2,0,1,1,1,2,1,1,0,2024-01-07 10:39:49,0
940,930,373,0,18,15,32,7,14,12,12,12,30,11,16,16,16,4,4,4,3,3,4,3,3,3,8,1,4,3,3,0,0,4,2,1,0,0,0,0,0,0,0,0,0,0,0,2024-01-07 10:41:49,2
966,962,26,0,24,20,27,10,9,10,9,9,45,10,13,13,14,6,6,6,4,4,6,4,4,4,7,2,3,1,0,8,6,4,2,0,0,2,0,0,1,1,1,2,1,1,1,2024-01-07 10:43:49,0
933,922,378,0,18,15,38,8,24,22,23,23,30,21,11,11,27,5,5,5,3,3,5,3,3,3,15,0,4,2,2,8,6,4,2,2,0,2,0,0,1,1,1,2,1,0,1,2024-01-07 10:45:49,1
957,939,906,857,24,20,52,8,30,28,27,27,30,28,20,20,32,4,4,4,4,4,4,4,4,4,15,5,6,5,3,0,0,4,2,0,0,0,1,0,0,0,0,0,0,1,2,2024-01-07 10:47:49,0
940,926,899,861,18,15,45,6,28,24,25,25,30,24,17,17,28,3,3,3,3,3,3,3,3,3,18,7,3,3,3,8,6,4,1,1,0,2,0,0,1,1,1,2,1,0,0,2024-01-07 10:49:49,1
941,926,1285,888,12,10,39,4,26,29,25,25,30,25,8,8,31,2,2,2,2,2,2,2,2,2,18,2,4,7,1,0,0,4,2,0,0,0,2,1,0,0,0,0,0,0,0,2024-01-07 10:51:49,0
976,959,881,841,18,15,44,6,26,25,25,25,45,25,15,15,29,3,3,3,3,3,3,3,3,3,22,6,3,8,2,7,6,4,2,1,0,2,0,0,1,1,1,2,1,1,1,2024-01-07 10:53:49,1
945,924,1224,829,30,25,52,13,30,31,28,28,30,26,15,15,37,8,8,8,5,5,8,5,5,5,18,0,5,6,2,9,6,4,2,1,0,2,1,0,1,1,1,2,1,0,1,2024-01-07 10:55:49,0
962,937,886,842,6,5,45,2,38,30,37,37,30,35,12,12,33,1,1,1,1,1,1,1,1,1,27,3,4,8,1,0,0,4,2,2,0,0,1,1,0,0,0,0,0,0,2,2024-01-07 10:57:49,0
964,945,892,848,24,20,69,8,36,33,32,32,30,31,30,30,39,4,4,4,4,4,4,4,4,4,26,25,6,5,4,8,6,4,2,2,0,2,0,0,1,1,1,2,1,1,0,2024-01-07 10:59:49,1
957,937,1244,824,0,0,72,0,49,56,50,50,30,50,16,16,56,4,4,4,0,0,0,0,0,0,49,10,3,9,0,0,0,4,2,0,4,0,0,0,0,0,0,0,0,0,0,2024-01-07 11:01:49,0
966,957,883,859,12,10,33,4,14,17,13,13,45,13,14,14,19,2,2,2,2,2,2,2,2,2,10,9,5,2,1,7,6,4,2,0,0,2,0,0,1,1,1,2,1,0,1,2024-01-07 11:03:49,0
949,927,1246,860,24,20,47,9,32,28,29,29,30,28,13,13,34,9,9,9,4,4,5,4,4,4,19,3,6,7,3,3,6,4,2,2,4,2,0,1,1,1,1,2,1,1,1,2024-01-07 11:05:49,3
945,934,861,821,30,25,36,11,14,14,13,13,30,13,17,17,19,8,8,8,5,5,6,5,5,5,6,4,4,3,1,0,0,4,2,0,2,0,0,0,0,0,0,0,0,0,2,2024-01-07 11:07:49,4
944,931,885,860,18,15,26,6,20,17,20,20,30,18,5,5,21,3,3,3,3,3,3,3,3,3,7,1,5,4,1,9,6,4,2,1,0,2,0,0,1,1,1,2,1,1,0,2024-01-07 11:09:49,2
926,920,1316,956,6,5,19,2,13,12,13,13,30,14,6,6,13,1,1,1,1,1,1,1,1,1,7,2,0,4,0,0,0,4,2,0,0,0,0,0,0,0,0,0,0,1,0,2024-01-07 11:11:49,0
956,948,1006,980,12,10,28,4,17,17,17,17,45,15,8,8,20,2,2,2,2,2,2,2,2,2,15,2,2,1,0,8,6,4,2,1,0,2,1,0,1,1,1,2,1,0,1,2024-01-07 11:13:49,1
932,921,1124,761,6,5,27,2,15,15,15,15,15,15,11,11,16,1,1,1,1,1,1,1,1,1,9,6,3,4,0,0,0,4,2,0,0,0,1,0,0,0,0,0,0,0,1,2024-01-07 11:15:49,1
936,931,19,0,6,5,23,2,6,5,4,4,45,5,17,17,6,1,1,1,1,1,1,1,1,1,3,5,2,1,1,1,6,4,2,0,0,2,0,0,1,1,1,2,1,1,2,2024-01-07 11:17:49,0
937,922,23,0,12,10,24,7,21,14,19,19,30,19,8,8,16,5,5,5,2,2,5,2,2,2,6,2,7,3,3,8,6,4,2,0,0,2,1,0,1,1,1,2,1,0,0,2024-01-07 11:19:49,3
942,924,372,0,12,10,38,4,20,21,19,19,30,18,13,13,25,2,2,2,2,2,2,2,2,2,15,3,3,7,5,0,0,4,2,2,0,0,1,0,0,0,0,0,0,1,0,2024-01-07 11:21:49,20
965,958,16,0,6,5,19,2,11,9,9,9,45,9,9,9,10,1,1,1,1,1,1,1,1,1,2,3,2,3,2,8,6,4,2,0,0,2,0,0,1,1,1,2,1,0,1,2024-01-07 11:23:49,0
919,912,367,0,6,5,26,2,13,12,12,12,15,12,13,13,13,1,1,1,1,1,1,1,1,1,4,1,3,3,1,0,0,4,2,0,0,0,0,0,0,0,0,0,0,0,1,2024-01-07 11:25:49,0
953,943,865,849,12,10,16,6,5,6,5,5,45,5,8,8,8,8,8,10,2,2,4,2,2,2,1,2,1,3,0,8,6,4,2,0,6,2,0,0,1,1,1,2,1,0,2,2024-01-07 11:27:49,0
941,922,868,841,24,20,26,8,14,10,11,11,30,12,12,12,14,16,16,14,4,4,4,4,4,4,3,0,4,1,3,7,6,4,2,0,10,2,0,0,1,1,1,2,1,1,0,2024-01-07 11:29:49,1
954,938,1271,896,30,25,29,12,14,11,13,13,30,11,13,13,16,11,11,11,5,5,7,5,5,5,5,1,6,3,2,0,0,4,2,0,4,0,0,0,0,0,0,0,0,0,0,2024-01-07 11:31:49,3
961,947,857,825,24,20,34,8,18,15,16,16,45,16,14,14,20,4,4,4,4,4,4,4,4,4,8,3,8,3,2,7,6,4,2,1,0,2,0,0,1,1,1,2,1,1,1,2024-01-07 11:33:49,0
930,920,1194,836,6,5,16,2,11,7,8,8,15,8,8,8,8,1,1,1,1,1,1,1,1,1,3,0,2,3,3,0,0,4,2,0,0,0,0,0,0,0,0,0,0,0,1,2024-01-07 11:35:49,0
943,934,869,836,12,10,33,8,13,13,12,12,45,12,18,18,15,6,6,6,2,2,6,2,2,2,3,3,3,4,1,8,6,4,2,0,0,2,2,0,1,1,1,2,1,0,2,2024-01-07 11:37:49,1
960,950,900,852,30,25,50,28,16,15,14,14,30,14,30,30,20,23,23,23,5,5,23,5,5,5,4,3,4,2,2,9,6,4,2,0,0,2,0,0,1,1,1,2,1,0,0,2024-01-07 11:39:49,0
947,937,1229,843,30,25,43,25,18,16,17,17,30,17,21,21,22,20,20,20,5,5,20,5,5,5,5,0,0,6,2,0,0,4,2,1,0,0,1,0,0,0,0,0,0,1,0,2024-01-07 11:41:49,1
982,969,920,888,42,35,34,15,15,14,14,14,45,14,12,12,22,10,10,10,7,7,9,7,6,6,8,2,5,3,1,5,6,4,2,1,1,2,0,0,1,1,1,2,1,1,1,2024-01-07 11:43:49,1
989,982,1258,870,138,115,45,68,12,12,12,12,15,13,10,10,35,45,45,45,23,23,45,23,23,23,5,0,2,2,0,0,0,4,2,0,0,0,0,0,0,0,0,0,0,1,1,2024-01-07 11:45:49,1
952,947,848,815,48,40,38,16,9,7,9,9,45,9,23,23,15,8,8,8,8,8,8,8,8,8,2,6,2,0,0,7,6,4,2,0,0,2,3,0,1,1,1,2,1,0,2,2024-01-07 11:47:49,1
944,935,925,900,42,35,24,15,12,9,11,11,15,11,8,8,16,8,8,8,7,7,8,7,7,7,1,0,2,4,1,0,0,4,2,0,0,0,0,0,0,0,0,0,0,0,0,2024-01-07 11:49:49,0
935,927,1346,974,6,5,17,4,4,6,4,4,45,4,10,10,7,7,7,7,1,1,3,1,1,1,3,3,3,1,0,6,6,4,2,0,4,2,0,0,1,1,1,2,1,0,0,2024-01-07 11:51:49,0
959,953,981,960,12,10,24,4,19,11,18,18,45,19,11,11,13,2,2,2,2,2,2,2,2,2,3,5,2,2,1,8,6,4,2,0,0,2,0,0,1,1,1,2,1,1,1,2024-01-07 11:53:49,1
952,942,1076,702,48,40,37,23,20,8,16,16,15,16,20,20,17,15,15,15,8,8,15,8,8,8,4,8,2,3,4,0,0,4,2,1,0,0,0,0,0,0,0,0,0,1,1,2024-01-07 11:55:49,2
930,925,24,0,6,5,22,3,11,11,10,10,45,10,10,10,12,2,2,2,1,1,2,1,1,1,8,2,4,1,1,8,6,4,2,0,0,2,0,0,1,1,1,2,1,0,2,2024-01-07 11:57:49,0
954,949,14,0,6,5,30,3,10,8,10,10,15,10,21,21,9,3,3,3,1,1,2,1,1,1,2,21,1,1,0,0,0,4,2,0,1,0,1,3,0,0,0,0,0,0,0,2024-01-07 11:59:49,3
970,950,392,0,96,80,40,32,17,12,12,12,45,12,12,12,28,20,20,20,16,16,16,16,16,16,5,6,4,5,5,8,6,4,2,0,4,2,0,0,1,1,1,2,1,0,0,2024-01-07 12:01:49,14
968,957,28,0,18,15,27,6,16,15,16,16,45,17,9,9,18,3,3,3,3,3,3,3,3,3,7,3,4,4,0,8,6,4,2,0,0,2,1,0,1,1,1,2,1,1,1,2024-01-07 12:03:49,0
930,921,361,0,0,0,23,0,10,12,10,10,15,10,11,11,12,4,4,4,0,0,0,0,0,0,3,4,1,3,0,0,0,4,2,0,4,0,1,0,0,0,0,0,0,0,1,2024-01-07 12:05:49,0
941,933,877,839,18,15,34,6,19,18,18,18,45,18,12,12,22,3,3,3,3,3,3,3,3,3,4,3,2,4,1,8,6,4,2,1,0,2,0,0,1,1,1,2,1,1,2,2024-01-07 12:07:49,0
928,923,863,848,0,0,14,0,8,8,8,8,15,8,6,6,8,1,1,1,0,0,0,0,0,0,7,3,1,1,0,0,0,4,2,0,1,0,0,0,0,0,0,0,0,0,0,2024-01-07 12:09:49,0
928,923,1235,877,6,5,18,3,10,10,10,10,45,10,7,7,11,2,2,2,1,1,2,1,1,1,2,3,2,1,1,9,6,4,2,0,0,2,0,0,1,1,1,2,1,0,0,2024-01-07 12:11:49,1
953,947,868,851,0,0,20,0,10,12,10,10,45,10,8,8,12,0,0,0,0,0,0,0,0,0,5,3,4,0,0,8,6,4,2,0,0,2,2,0,1,1,1,2,1,0,1,2024-01-07 12:13:49,0
913,901,1194,830,18,15,21,6,17,12,16,16,15,18,6,6,15,3,3,3,3,3,3,3,3,3,10,1,2,5,1,0,0,4,2,0,0,0,0,0,0,0,0,0,0,2,1,2024-01-07 12:15:49,0
958,947,852,831,6,5,25,2,13,11,12,12,45,12,13,13,12,5,5,5,1,1,1,1,1,1,6,4,4,2,1,7,6,4,2,0,4,2,0,0,1,1,1,2,1,0,2,2024-01-07 12:17:49,1
933,924,874,857,12,10,17,4,13,8,10,10,15,10,6,6,11,3,3,3,2,2,2,2,2,2,2,0,3,2,3,0,0,4,2,1,1,0,0,0,0,0,0,0,0,1,0,2024-01-07 12:19:49,0
927,921,1196,834,0,0,21,0,11,11,11,11,45,11,10,10,11,0,0,0,0,0,0,0,0,0,5,1,2,1,0,2,6,4,2,0,0,2,1,0,1,1,1,2,1,0,0,2024-01-07 12:21:49,0
962,948,918,897,0,0,25,0,17,14,14,14,45,14,11,11,14,0,0,0,0,0,0,0,0,0,5,4,3,5,3,8,6,4,2,0,0,2,0,0,1,1,1,2,1,0,1,2024-01-07 12:23:49,0
914,908,1249,889,6,5,19,2,7,6,8,8,15,6,12,12,7,1,1,1,1,1,1,1,1,1,4,1,3,0,0,0,0,4,2,0,0,0,0,0,0,0,0,0,0,0,1,2024-01-07 12:25:49,2
959,950,870,838,18,15,33,6,16,19,15,15,45,16,10,10,23,3,3,3,3,3,3,3,3,3,12,5,9,1,2,7,6,4,2,0,0,2,0,0,1,1,1,2,1,1,2,2024-01-07 12:27:49,4
936,924,910,878,12,10,31,4,19,17,19,19,15,20,12,12,19,2,2,2,2,2,2,2,2,2,10,1,7,1,0,0,0,4,2,0,0,0,1,0,0,0,0,0,0,1,0,2024-01-07 12:29:49,0
942,925,1345,972,6,5,31,2,18,15,16,16,45,15,14,14,17,5,5,5,1,1,1,1,1,1,9,4,6,1,2,2,6,4,2,1,4,2,0,0,1,1,1,2,1,0,0,2024-01-07 12:31:49,0
949,936,986,954,12,10,36,4,18,18,16,16,30,16,16,16,20,2,2,2,2,2,2,2,2,2,7,4,5,3,3,0,0,4,2,0,0,0,1,0,0,0,0,0,0,0,1,2024-01-07 12:33:49,2
915,908,1050,692,0,0,18,0,11,9,10,10,30,10,9,9,9,0,0,0,0,0,0,0,0,0,5,2,2,3,0,7,6,4,2,0,0,2,0,0,1,1,1,2,1,0,1,2024-01-07 12:35:49,0
967,958,22,0,6,5,25,2,13,12,12,12,45,12,12,12,13,1,1,1,1,1,1,1,1,1,8,4,2,4,2,7,6,4,2,0,0,2,0,0,1,1,1,2,1,0,2,2024-01-07 12:37:49,0
906,899,18,0,6,5,17,2,13,11,13,13,15,14,5,5,12,1,1,1,1,1,1,1,1,1,4,0,1,4,0,0,0,4,1,0,0,0,0,1,0,0,0,0,0,1,0,2024-01-07 12:39:49,3
944,935,360,0,12,10,21,4,11,8,10,10,45,10,10,10,11,2,2,2,2,2,2,2,2,2,2,3,3,3,1,9,6,4,2,1,0,2,1,1,1,1,1,2,1,1,0,2024-01-07 12:41:49,0
944,941,24,0,6,5,26,2,10,15,10,10,30,10,10,10,16,1,1,1,1,1,1,1,1,1,7,2,4,1,0,0,0,4,2,0,0,0,0,0,0,0,0,0,0,0,1,2024-01-07 12:43:49,0
929,921,370,0,12,10,31,4,18,16,18,18,30,16,13,13,18,2,2,2,2,2,2,2,2,2,11,4,3,2,1,9,6,4,2,0,0,2,1,0,1,1,1,2,1,0,1,2024-01-07 12:45:49,1
957,950,891,856,18,15,34,6,17,15,17,17,45,18,16,16,18,3,3,3,3,3,3,3,3,3,8,2,3,2,0,7,6,4,2,0,0,2,1,0,1,1,1,2,1,1,2,2024-01-07 12:47:49,0
945,934,873,852,12,10,27,4,13,11,11,11,15,11,14,14,13,2,2,2,2,2,2,2,2,2,5,6,3,4,2,0,0,4,2,0,0,0,1,0,0,0,0,0,0,0,0,2024-01-07 12:49:49,1
908,903,1254,879,12,10,18,4,8,8,7,7,45,7,7,7,11,2,2,2,2,2,2,2,2,2,5,0,4,2,1,9,6,4,2,1,0,2,0,0,1,1,1,2,1,1,0,2024-01-07 12:51:49,3
963,949,852,827,12,10,27,4,22,16,21,21,30,21,8,8,19,2,2,2,2,2,2,2,2,2,8,3,5,3,1,0,0,4,2,1,0,0,1,0,0,0,0,0,0,1,1,2024-01-07 12:53:49,0
926,920,1193,828,12,10,22,4,10,8,9,9,30,9,12,12,10,2,2,2,2,2,2,2,2,2,6,1,1,1,1,8,6,4,2,0,0,2,0,0,1,1,1,2,1,0,1,2024-01-07 12:55:49,0
947,943,888,861,6,5,24,2,9,9,8,8,45,8,14,14,10,1,1,1,1,1,1,1,1,1,7,2,1,1,1,8,6,4,2,0,0,2,1,0,1,1,1,2,1,0,2,2024-01-07 12:57:49,1
943,936,875,855,24,20,22,8,14,12,13,13,15,13,6,6,16,4,4,4,4,4,4,4,4,4,7,3,3,2,1,0,0,4,2,0,0,0,0,0,0,0,0,0,0,0,0,2024-01-07 12:59:49,1
945,933,1208,830,42,35,33,19,12,12,12,12,45,13,14,14,19,17,17,17,7,7,12,7,7,7,5,6,1,3,0,8,6,4,2,0,5,2,2,0,1,1,1,2,1,1,0,2024-01-07 13:01:49,0
956,950,910,883,6,5,31,2,18,16,17,17,30,16,13,13,18,1,1,1,1,1,1,1,1,1,4,5,3,2,1,0,0,4,2,1,0,0,0,0,0,0,0,0,0,0,1,2024-01-07 13:03:49,0
936,925,1214,857,18,15,20,6,9,5,7,7,30,7,11,11,9,7,7,7,3,3,3,3,3,3,3,5,2,1,2,8,6,4,2,1,4,2,0,0,1,1,1,2,1,1,1,2024-01-07 13:05:49,0
949,942,876,852,0,0,23,0,10,9,10,10,30,10,14,14,9,0,0,0,0,0,0,0,0,0,4,6,2,2,0,0,0,4,2,0,0,0,1,0,0,0,0,0,0,0,2,2024-01-07 13:07:49,3
912,905,870,856,6,5,17,2,11,11,11,11,30,11,5,5,12,1,1,1,1,1,1,1,1,1,9,3,5,1,0,8,6,4,2,0,0,2,0,0,1,1,1,2,1,0,0,2024-01-07 13:09:49,1
943,934,1322,961,12,10,19,4,11,12,11,11,45,11,6,6,14,2,2,2,2,2,2,2,2,2,8,1,5,1,0,8,6,4,2,0,0,2,0,0,1,1,1,2,1,0,0,2024-01-07 13:11:49,2
964,952,996,976,18,15,23,6,14,11,14,14,30,14,8,8,14,3,3,3,3,3,3,3,3,3,3,3,4,1,1,0,0,4,2,0,0,0,2,0,0,0,0,0,0,1,1,2024-01-07 13:13:49,3
923,917,1070,714,12,10,15,4,7,6,7,7,30,7,6,6,9,2,2,2,2,2,2,2,2,2,3,1,1,0,1,8,6,4,2,1,0,2,1,0,1,1,1,2,1,1,1,2024-01-07 13:15:49,3
945,942,17,0,0,0,21,0,6,7,6,6,30,6,14,14,7,0,0,0,0,0,0,0,0,0,2,4,3,1,0,0,0,4,2,0,0,0,0,0,0,0,0,0,0,0,2,2024-01-07 13:17:49,0
921,913,23,0,6,5,22,2,13,12,13,13,30,14,9,9,13,1,1,1,1,1,1,1,1,1,2,0,4,2,0,9,6,4,2,0,0,2,1,0,1,1,1,2,1,1,0,2024-01-07 13:19:49,0
933,922,369,0,6,5,29,2,11,14,10,10,45,9,13,13,16,1,1,1,1,1,1,1,1,1,9,1,6,2,1,9,6,4,2,1,0,2,0,0,1,1,1,2,1,0,0,2024-01-07 13:21:49,4
963,955,18,0,6,5,24,2,11,10,11,11,30,11,13,13,11,1,1,1,1,1,1,1,1,1,3,7,3,2,0,0,0,4,2,0,0,0,2,0,0,0,0,0,0,0,1,2024-01-07 13:23:49,0
929,920,377,0,6,5,37,2,19,21,20,20,30,21,15,15,22,1,1,1,1,1,1,1,1,1,3,4,4,4,0,3,6,4,2,0,0,2,0,0,1,1,1,2,1,1,1,2024-01-07 13:25:49,1
962,947,893,858,12,10,45,4,28,26,27,27,30,26,15,15,30,2,2,2,2,2,2,2,2,2,12,10,6,4,2,0,0,4,2,2,0,0,1,0,0,0,0,0,0,1,2,2024-01-07 13:27:49,1
909,898,912,879,0,0,32,0,16,17,16,16,30,16,14,14,17,0,0,0,0,0,0,0,0,0,15,0,4,3,0,8,6,4,2,0,0,2,1,0,1,1,1,2,1,0,0,2024-01-07 13:29:49,0
949,935,1274,887,6,5,36,2,23,26,23,23,45,22,7,7,28,5,5,5,1,1,1,1,1,1,18,3,2,7,1,9,6,4,2,1,4,2,0,0,1,1,1,2,1,0,0,2024-01-07 13:31:49,3
960,947,887,854,0,0,37,0,17,15,17,17,30,16,19,19,16,0,0,0,0,0,0,0,0,0,12,5,2,8,1,0,0,4,2,1,0,0,0,0,0,0,0,0,0,0,1,2024-01-07 13:33:49,5
933,925,1203,831,12,10,30,6,15,15,15,15,30,16,12,12,17,4,4,4,2,2,4,2,2,2,7,3,4,2,0,9,6,4,3,0,0,2,2,0,1,1,1,2,1,1,1,2024-01-07 13:35:49,2
944,934,838,810,24,20,34,8,18,14,15,15,30,14,15,15,19,4,4,4,4,4,4,4,4,4,4,5,5,2,3,0,0,4,3,1,0,0,0,0,0,0,0,0,0,0,2,2024-01-07 13:37:49,3
936,931,884,867,6,5,18,2,10,10,10,10,30,11,7,7,11,1,1,1,1,1,1,1,1,1,3,2,2,2,0,9,6,4,2,0,0,2,0,0,1,1,1,2,1,1,0,2024-01-07 13:39:49,0
911,905,1201,843,0,0,17,0,9,8,9,9,45,9,9,9,8,0,0,0,0,0,0,0,0,0,6,1,2,1,0,4,6,4,2,0,0,2,0,0,1,1,1,2,1,0,0,2024-01-07 13:41:49,0
970,957,949,925,0,0,29,0,14,16,15,15,30,13,11,11,18,0,0,0,0,0,0,0,0,0,13,3,3,6,1,0,0,4,2,2,0,0,0,0,0,0,0,0,0,0,1,2024-01-07 13:43:49,6
932,920,1243,866,6,5,35,2,25,23,25,25,30,25,11,11,24,1,1,1,1,1,1,1,1,1,17,0,4,1,1,9,6,4,2,0,0,2,0,1,1,1,1,2,1,0,1,2024-01-07 13:45:49,4
964,946,867,818,12,10,51,4,32,32,31,31,30,31,16,16,35,2,2,2,2,2,2,2,2,2,21,2,5,8,2,0,0,4,2,1,0,0,1,0,0,0,0,0,0,1,2,2024-01-07 13:47:49,1
914,907,911,889,18,15,24,6,11,8,10,10,30,10,12,12,12,3,3,3,3,3,3,3,3,3,4,2,5,1,1,9,6,4,2,1,0,2,0,0,1,1,1,2,1,1,0,2024-01-07 13:49:49,0
945,938,1339,952,12,10,34,10,22,21,22,22,30,23,11,11,23,8,8,8,2,2,8,2,2,2,8,5,1,2,0,0,0,4,2,0,0,0,1,0,0,0,0,0,0,1,0,2024-01-07 13:51:49,0
981,970,993,953,64,53,41,23,20,22,19,19,45,18,7,7,34,12,12,12,11,11,12,11,11,11,6,2,4,2,1,8,6,4,2,1,0,2,0,0,1,1,1,2,1,0,1,2024-01-07 13:53:49,1
931,915,1043,655,14,12,38,5,26,20,25,25,30,24,15,15,23,3,3,3,2,2,3,2,2,2,10,4,2,10,2,9,6,4,2,1,0,2,1,0,1,1,1,2,1,0,1,2024-01-07 13:55:49,2
968,952,36,0,18,15,35,6,21,19,18,18,30,18,13,13,22,3,3,3,3,3,3,3,3,3,9,5,7,2,3,0,0,4,2,0,0,0,0,1,0,0,0,0,0,0,2,2024-01-07 13:57:49,0
940,926,29,0,18,15,32,6,25,21,24,24,30,22,5,5,27,3,3,3,3,3,3,3,3,3,13,2,5,5,3,8,6,4,2,3,0,2,0,0,1,1,1,2,1,1,0,2024-01-07 13:59:49,2
948,926,428,0,30,25,85,10,29,28,26,26,30,26,51,51,34,9,9,9,5,5,5,5,5,5,21,4,3,5,3,0,0,4,2,1,4,0,0,0,0,0,0,0,0,1,0,2024-01-07 14:01:49,1
964,951,30,0,6,5,36,2,24,24,24,24,45,24,11,11,25,1,1,1,1,1,1,1,1,1,22,6,5,3,0,8,6,4,2,0,0,2,0,0,1,1,1,2,1,0,1,2024-01-07 14:03:49,0
936,924,369,0,0,0,35,0,20,18,20,20,30,19,16,16,19,4,4,4,0,0,0,0,0,0,9,8,2,2,0,4,6,4,2,1,4,2,1,0,1,1,1,2,1,0,1,2024-01-07 14:05:49,2
965,951,868,833,8,7,33,3,17,17,15,15,30,15,15,15,18,2,2,2,1,1,2,1,1,1,9,6,5,2,1,0,0,4,2,0,0,0,0,0,0,0,0,0,0,0,2,2024-01-07 14:07:49,3
934,921,872,845,30,25,37,10,22,20,20,20,30,19,11,11,26,5,5,5,5,5,5,5,5,5,11,9,5,4,3,9,6,4,2,1,0,2,0,0,1,1,1,2,1,0,0,2024-01-07 14:09:49,1
941,931,1268,895,12,10,33,4,21,20,20,20,30,19,9,9,24,2,2,2,2,2,2,2,2,2,9,2,2,4,1,0,0,4,2,2,0,0,0,0,0,0,0,0,0,1,0,2024-01-07 14:11:49,0
966,951,880,857,6,5,26,2,20,16,20,20,45,20,8,8,18,1,1,1,1,1,1,1,1,1,14,3,3,7,1,8,6,4,2,1,0,2,1,0,1,1,1,2,1,1,1,2024-01-07 14:13:49,1
918,910,1192,826,0,0,24,0,18,18,18,18,30,18,6,6,18,0,0,0,0,0,0,0,0,0,11,0,2,3,0,9,6,4,2,0,0,2,1,0,1,1,1,2,1,0,1,2024-01-07 14:15:49,0
941,928,887,851,18,15,39,6,19,22,18,18,30,18,14,14,25,3,3,3,3,3,3,3,3,3,12,2,5,4,2,0,0,4,2,0,0,0,0,0,0,0,0,0,0,0,2,2024-01-07 14:17:49,7
933,921,882,856,6,5,27,2,24,20,23,23,30,22,5,5,22,1,1,1,1,1,1,1,1,1,9,0,3,5,2,9,6,4,2,1,0,2,0,0,1,1,1,2,1,0,0,2024-01-07 14:19:49,1
938,933,1215,842,12,10,30,4,11,16,11,11,30,13,12,12,18,2,2,2,2,2,2,2,2,2,14,1,5,2,0,0,0,4,2,0,0,0,0,0,0,0,0,0,0,2,0,2024-01-07 14:21:49,0
964,946,923,890,12,10,35,4,23,22,22,22,45,22,10,10,25,2,2,2,2,2,2,2,2,2,8,2,4,8,1,7,6,4,2,1,0,2,0,0,1,1,1,2,1,1,1,2024-01-07 14:23:49,0
907,901,1226,866,0,0,18,0,9,7,9,9,15,9,11,11,7,0,0,0,0,0,0,0,0,0,4,0,3,1,0,0,0,4,2,0,0,0,0,0,0,0,0,0,0,0,1,2024-01-07 14:25:49,0
958,944,860,835,18,15,27,6,19,16,16,16,45,16,8,8,19,3,3,3,3,3,3,3,3,3,9,3,5,1,3,8,6,4,2,0,0,2,1,0,1,1,1,2,1,0,2,2024-01-07 14:27:49,0
924,918,900,874,0,0,26,0,12,13,12,12,30,12,13,13,13,0,0,0,0,0,0,0,0,0,10,0,4,2,0,8,6,4,2,0,0,2,0,0,1,1,1,2,1,0,0,2024-01-07 14:29:49,0
955,932,1343,956,18,15,45,6,28,30,28,28,30,27,11,11,34,7,7,7,3,3,3,3,3,3,25,5,7,9,0,0,0,4,1,1,4,0,0,0,0,0,0,0,0,0,0,2024-01-07 14:31:49,0
975,955,996,957,36,30,45,12,24,20,24,24,45,23,18,18,27,6,6,6,6,6,6,6,6,6,19,6,9,5,0,8,6,4,2,1,0,2,1,0,1,1,1,2,1,1,1,2024-01-07 14:33:49,1
938,925,1077,704,18,15,39,6,21,18,20,20,15,19,16,16,23,3,3,3,3,3,3,3,3,3,10,7,8,2,1,0,0,4,2,2,0,0,0,0,0,0,0,0,0,1,1,2024-01-07 14:35:49,0
950,942,24,0,12,10,31,4,13,13,12,12,45,12,16,16,15,2,2,2,2,2,2,2,2,2,10,7,3,3,1,9,6,4,2,0,0,2,0,0,1,1,1,2,1,0,2,2024-01-07 14:37:49,1
943,924,36,0,6,5,44,2,32,33,31,31,30,31,10,10,34,1,1,1,1,1,1,1,1,1,17,6,7,6,1,9,6,4,2,0,0,2,1,0,1,1,1,2,1,0,0,2024-01-07 14:39:49,4
950,929,381,0,12,10,40,7,32,28,31,31,30,30,9,9,31,5,5,5,2,2,5,2,2,2,15,1,5,8,1,0,0,4,2,1,0,0,0,0,0,0,0,0,0,0,0,2024-01-07 14:41:49,4
945,938,23,0,0,0,27,0,13,16,13,13,45,13,11,11,16,0,0,0,0,0,0,0,0,0,10,2,2,4,0,7,6,4,2,0,0,2,0,0,1,1,1,2,1,0,1,2024-01-07 14:43:49,4
934,924,380,0,23,19,38,11,15,19,15,15,15,16,15,15,23,7,7,7,4,4,7,4,4,4,16,0,5,4,0,0,0,4,2,0,0,0,0,0,0,0,0,0,0,1,1,2024-01-07 14:45:49,5
971,958,898,858,37,31,45,13,24,19,24,24,45,22,18,18,27,7,7,7,6,6,7,6,6,6,14,2,3,2,1,9,6,4,2,2,0,2,2,0,1,1,1,2,1,1,2,2024-01-07 14:47:49,6
932,923,882,847,6,5,38,3,27,26,27,27,30,27,11,11,27,2,2,2,1,1,2,1,1,1,19,1,1,5,0,9,6,4,2,0,0,2,0,0,1,1,1,2,1,0,0,2024-01-07 14:49:49,4
946,925,1277,881,18,15,43,6,33,30,31,31,30,28,8,8,35,3,3,3,3,3,3,3,3,3,22,0,4,9,3,0,0,4,2,2,0,0,1,0,0,0,0,0,0,0,0,2024-01-07 14:51:49,7
963,947,904,862,18,15,54,6,30,33,30,30,45,31,18,18,36,3,3,3,3,3,3,3,3,3,21,12,4,8,0,8,6,4,2,0,0,2,0,0,1,1,1,2,1,1,1,2024-01-07 14:53:49,4
928,919,1211,829,6,5,41,2,26,25,26,26,15,26,14,14,27,1,1,1,1,1,1,1,1,1,19,3,1,5,1,0,0,4,2,1,0,0,1,0,0,0,0,0,0,1,1,2024-01-07 14:55:49,3
969,948,887,835,24,20,52,8,36,32,36,36,45,34,15,15,37,4,4,4,4,4,4,4,4,4,15,4,3,10,1,9,6,4,2,1,0,2,1,0,1,1,1,2,1,1,2,2024-01-07 14:57:49,5
950,933,872,850,18,15,28,6,19,16,18,18,30,17,8,8,20,3,3,3,3,3,3,3,3,3,11,5,7,3,3,4,6,4,2,1,0,2,0,0,1,1,1,2,1,0,0,2024-01-07 14:59:49,9
976,940,1271,835,50,41,89,20,44,62,45,45,30,37,10,10,79,15,15,16,9,9,11,9,9,9,57,3,2,20,0,0,0,4,2,8,5,0,0,0,0,0,0,0,0,0,0,2024-01-07 15:01:49,5
950,940,885,866,4,4,24,1,13,12,13,13,45,13,12,12,12,2,2,1,0,0,1,0,0,0,10,5,4,3,0,8,6,4,2,0,0,2,0,1,1,1,1,2,1,0,1,2024-01-07 15:03:49,0
941,925,1262,891,18,15,33,7,19,18,18,18,15,16,10,10,23,8,8,8,3,3,4,3,3,3,12,2,4,2,1,0,0,4,2,2,4,0,1,0,0,0,0,0,0,0,1,2024-01-07 15:05:49,1
961,947,878,835,18,15,37,6,21,21,21,21,45,22,13,13,24,3,3,3,3,3,3,3,3,3,9,3,7,3,0,8,6,4,2,0,0,2,0,0,1,1,1,2,1,1,2,2024-01-07 15:07:49,0
931,928,892,875,6,5,22,2,10,9,10,10,15,10,11,11,11,1,1,1,1,1,1,1,1,1,7,6,2,1,0,0,0,4,2,1,0,0,0,1,0,0,0,0,0,1,0,2024-01-07 15:09:49,0
942,928,1320,955,12,10,28,4,19,16,17,17,45,16,9,9,19,2,2,2,2,2,2,2,2,2,11,4,7,4,2,9,6,4,2,1,0,2,0,0,1,1,1,2,1,0,0,2024-01-07 15:11:49,3
939,933,991,971,4,3,27,1,12,13,12,12,45,12,13,13,14,0,0,0,1,1,0,1,1,1,8,7,1,3,0,8,6,4,2,0,0,2,0,0,1,1,1,2,1,0,1,2024-01-07 15:13:49,0
939,931,1067,697,12,10,19,8,14,9,15,15,15,13,8,8,11,6,6,6,2,2,6,2,2,2,4,2,2,1,0,0,0,4,2,0,0,0,0,0,0,0,0,0,0,0,1,2024-01-07 15:15:49,2
950,945,27,0,2,2,28,5,14,15,14,14,45,14,13,13,15,5,5,5,0,0,5,0,0,0,7,2,2,0,0,9,6,4,2,0,0,2,1,0,1,1,1,2,1,0,2,2024-01-07 15:17:49,0
922,913,26,0,6,5,25,2,18,20,18,18,15,19,4,4,21,1,1,1,1,1,1,1,1,1,8,0,3,3,0,0,0,4,2,0,0,0,1,0,0,0,0,0,0,1,0,2024-01-07 15:19:49,0
927,915,371,0,18,15,32,9,15,12,14,14,45,14,16,16,16,6,6,6,3,3,6,3,3,3,8,4,3,6,1,8,6,4,2,1,0,2,0,0,1,1,1,2,1,1,0,2024-01-07 15:21:49,1
965,957,22,0,12,10,26,4,16,14,15,15,45,14,9,9,17,2,2,2,2,2,2,2,2,2,8,3,2,3,1,8,6,4,2,1,0,2,0,0,1,1,1,2,1,0,1,2024-01-07 15:23:49,0
932,923,380,0,18,15,37,8,20,21,19,19,15,20,13,13,24,5,5,5,3,3,5,3,3,3,10,1,4,2,1,0,0,4,2,0,0,0,0,0,0,0,0,0,0,1,1,2024-01-07 15:25:49,0
954,945,888,862,6,5,31,4,42,18,42,42,45,42,12,12,19,3,3,3,1,1,3,1,1,1,5,7,0,5,0,8,6,4,2,0,0,2,0,0,1,1,1,2,1,0,2,2024-01-07 15:27:49,0
910,904,882,861,6,5,21,2,12,8,11,11,15,11,12,12,9,1,1,1,1,1,1,1,1,1,6,0,1,1,1,0,0,4,2,0,0,0,0,0,0,0,0,0,0,0,0,2024-01-07 15:29:49,1
943,931,1238,872,12,10,18,4,12,12,11,11,45,13,4,4,14,6,6,6,2,2,2,2,2,2,4,1,2,5,0,8,6,4,2,0,4,2,0,0,1,1,1,2,1,2,0,2024-01-07 15:31:49,3
961,953,874,845,24,20,32,9,14,11,15,15,45,14,16,16,16,5,5,5,4,4,5,4,4,4,4,3,0,5,1,6,6,4,2,1,0,2,0,0,1,1,1,2,1,0,1,2024-01-07 15:33:49,4
939,926,1216,843,18,15,32,6,21,19,19,19,15,18,9,9,23,3,3,3,3,3,3,3,3,3,11,0,4,5,2,0,0,4,2,1,0,0,1,0,0,0,0,0,0,0,1,2024-01-07 15:35:49,4
948,945,854,832,12,10,26,4,11,11,11,11,45,10,13,13,13,2,2,2,2,2,2,2,2,2,7,4,2,1,0,9,6,4,2,0,0,2,0,0,1,1,1,2,1,0,2,2024-01-07 15:37:49,3
916,911,868,839,12,10,29,6,20,22,20,20,15,20,5,5,24,4,4,4,2,2,4,2,2,2,6,0,2,2,0,0,0,4,2,0,0,0,1,1,0,0,0,0,0,0,0,2024-01-07 15:39:49,1
947,934,1224,848,18,15,32,9,20,21,19,19,45,20,8,8,24,6,6,6,3,3,6,3,3,3,11,0,4,5,1,9,6,4,2,0,0,2,0,0,1,1,1,2,1,1,0,2024-01-07 15:41:49,3
962,948,935,902,6,5,33,2,17,19,17,17,30,18,13,13,20,1,1,1,1,1,1,1,1,1,15,2,4,5,0,0,0,4,2,0,0,0,1,0,0,0,0,0,0,1,1,2024-01-07 15:43:49,0
924,912,1235,868,6,5,27,2,19,12,18,18,30,16,12,12,15,1,1,1,1,1,1,1,1,1,9,0,3,3,2,9,6,4,2,2,0,2,1,0,1,1,1,2,1,0,1,2024-01-07 15:45:49,4
956,940,875,830,6,5,49,2,26,26,26,26,45,26,22,22,27,1,1,1,1,1,1,1,1,1,16,5,6,4,0,8,6,4,2,0,0,2,1,0,1,1,1,2,1,0,2,2024-01-07 15:47:49,0
921,915,934,910,6,5,24,3,12,13,12,12,15,12,10,10,14,2,2,2,1,1,2,1,1,1,8,0,2,1,0,0,0,4,2,0,0,0,0,0,0,0,0,0,0,0,0,2024-01-07 15:49:49,0
937,925,1337,949,6,5,31,4,20,19,20,20,45,20,11,11,20,3,3,3,1,1,3,1,1,1,15,1,1,7,0,9,6,4,2,0,0,2,0,1,1,1,1,2,1,0,0,2024-01-07 15:51:49,1
974,957,1001,961,24,20,44,8,25,23,24,24,30,22,15,15,29,4,4,4,4,4,4,4,4,4,16,6,4,7,2,0,0,4,2,2,0,0,1,0,0,0,0,0,0,1,1,2024-01-07 15:53:49,2
926,913,1045,665,6,5,37,2,19,17,19,19,30,19,18,18,19,1,1,1,1,1,1,1,1,1,15,1,2,6,1,6,6,4,2,1,0,2,0,1,1,1,1,2,1,1,1,2024-01-07 15:55:49,1
962,953,38,0,24,20,36,8,22,21,21,21,45,21,10,10,26,4,4,4,4,4,4,4,4,4,8,3,4,4,1,8,6,4,2,1,0,2,1,0,1,1,1,2,1,1,2,2024-01-07 15:57:49,0
929,917,28,0,12,10,30,5,22,21,22,22,15,22,7,7,23,3,3,3,2,2,3,2,2,2,10,2,3,7,0,0,0,4,2,0,0,0,0,1,0,0,0,0,0,0,0,2024-01-07 15:59:49,1
947,928,385,0,48,40,40,16,19,16,18,18,45,15,13,13,27,13,13,13,8,8,8,8,8,8,8,2,2,2,1,9,6,4,2,3,5,2,3,0,1,1,1,2,1,0,0,2024-01-07 16:01:49,1
967,956,23,0,12,10,24,4,13,14,15,15,30,16,8,8,16,2,2,2,2,2,2,2,2,2,9,3,2,6,1,0,0,4,2,0,0,0,0,0,0,0,0,0,0,1,1,2024-01-07 16:03:49,7
929,917,365,0,0,0,25,0,15,16,16,16,30,14,9,9,16,4,4,4,0,0,0,0,0,0,7,2,2,4,0,8,6,4,2,0,4,2,0,0,1,1,1,2,1,0,1,2024-01-07 16:05:49,1
948,944,878,844,6,5,29,2,12,13,12,12,45,13,15,15,14,1,1,1,1,1,1,1,1,1,6,3,4,2,0,9,6,4,2,0,0,2,0,0,1,1,1,2,1,1,2,2024-01-07 16:07:49,0
906,895,852,829,12,10,26,4,19,16,18,18,15,16,6,6,20,2,2,2,2,2,2,2,2,2,11,2,6,0,2,0,0,4,2,2,0,0,0,2,0,0,0,0,0,0,0,2024-01-07 16:09:49,7
954,946,1262,882,41,34,40,14,15,23,15,15,45,13,8,8,32,8,8,7,7,7,7,7,7,7,22,4,5,3,0,8,6,4,2,2,0,2,0,0,1,1,1,2,1,0,0,2024-01-07 16:11:49,0
967,956,845,824,13,11,22,5,14,13,13,13,30,13,7,7,15,2,2,3,2,2,3,2,2,2,8,2,4,1,1,0,0,4,2,0,0,0,2,0,0,0,0,0,0,0,1,2024-01-07 16:13:49,0
933,914,1225,853,12,10,30,4,19,17,19,19,30,18,8,8,20,2,2,2,2,2,2,2,2,2,10,0,3,7,0,9,6,4,2,1,0,2,0,0,1,1,1,2,1,1,1,2024-01-07 16:15:49,6
955,937,867,831,6,5,39,2,25,22,24,24,45,23,15,15,24,1,1,1,1,1,1,1,1,1,6,2,2,12,1,4,6,4,4,1,0,2,0,1,1,1,1,2,1,0,2,2024-01-07 16:17:49,3
925,918,880,857,12,10,22,4,12,14,12,12,15,13,6,6,16,2,2,2,2,2,2,2,2,2,11,0,1,2,0,0,0,4,2,0,0,0,1,0,0,0,0,0,0,1,0,2024-01-07 16:19:49,0
952,925,1232,831,6,5,70,2,38,49,39,39,45,27,10,10,60,1,1,1,1,1,1,1,1,1,47,1,6,12,1,7,6,4,1,10,0,2,1,0,1,1,1,2,1,0,0,2024-01-07 16:21:49,3
957,948,899,876,0,0,25,0,14,17,14,14,30,14,8,8,17,0,0,0,0,0,0,0,0,0,11,2,2,3,0,0,0,4,2,0,0,0,0,0,0,0,0,0,0,0,1,2024-01-07 16:23:49,0
935,918,1262,880,12,10,44,4,31,26,29,29,30,25,12,12,32,2,2,2,2,2,2,2,2,2,10,0,7,6,3,9,6,4,2,4,0,2,0,0,1,1,1,2,1,0,1,2024-01-07 16:25:49,2
938,929,871,847,6,5,25,2,16,16,16,16,30,17,8,8,17,1,1,1,1,1,1,1,1,1,12,4,3,3,0,0,0,4,2,0,0,0,0,0,0,0,0,0,0,1,2,2024-01-07 16:27:49,0
938,927,903,870,18,15,30,6,29,15,29,29,30,31,12,12,18,3,3,3,3,3,3,3,3,3,11,2,1,6,1,9,6,4,2,0,0,2,1,0,1,1,1,2,1,2,0,2024-01-07 16:29:49,2
941,920,1328,955,6,5,28,2,45,23,44,44,45,43,3,3,25,5,5,5,1,1,1,1,1,1,15,1,3,8,1,9,6,4,2,1,4,2,0,0,1,1,1,2,1,0,0,2024-01-07 16:31:49,1
970,956,988,953,6,5,42,2,22,21,22,22,30,21,20,20,22,1,1,1,1,1,1,1,1,1,16,7,8,4,0,0,0,4,2,0,0,0,0,1,0,0,0,0,0,0,1,2024-01-07 16:33:49,2
920,910,1124,755,0,0,28,0,22,20,22,22,30,21,7,7,21,0,0,0,0,0,0,0,0,0,9,0,6,5,1,9,6,4,2,1,0,2,0,0,1,1,1,2,1,0,1,2024-01-07 16:35:49,1
943,930,22,0,6,5,26,2,16,12,15,15,30,13,12,12,14,1,1,1,1,1,1,1,1,1,5,3,3,4,1,0,0,4,2,1,0,0,1,1,0,0,0,0,0,0,2,2024-01-07 16:37:49,2
934,924,24,0,6,5,23,2,21,19,20,20,30,21,3,3,20,1,1,1,1,1,1,1,1,1,8,0,1,4,1,7,6,4,2,0,0,2,0,0,1,1,1,2,1,1,0,2024-01-07 16:39:49,0
931,919,367,0,18,15,26,6,14,12,12,12,45,11,9,9,17,3,3,3,3,3,3,3,3,3,10,0,4,4,3,8,6,4,2,2,0,2,1,0,1,1,1,2,1,1,0,2024-01-07 16:41:49,1
962,960,19,0,6,5,24,2,8,8,7,7,30,6,14,14,10,1,1,1,1,1,1,1,1,1,1,5,1,0,1,0,0,4,2,1,0,0,0,0,0,0,0,0,0,0,1,2024-01-07 16:43:49,0
926,913,373,0,12,10,27,4,17,14,16,16,30,16,11,11,16,2,2,2,2,2,2,2,2,2,6,0,4,5,1,9,6,4,2,0,0,2,0,2,1,1,1,2,1,0,1,2024-01-07 16:45:49,1
942,936,883,851,12,10,32,4,12,14,12,12,30,12,16,16,16,2,2,2,2,2,2,2,2,2,10,2,2,2,0,0,0,4,2,0,0,0,0,0,0,0,0,0,0,0,2,2024-01-07 16:47:49,0
943,926,905,878,24,20,25,8,19,13,16,16,30,15,8,8,17,4,4,4,4,4,4,4,4,4,5,0,5,5,3,7,6,4,2,0,0,2,0,0,1,1,1,2,1,0,0,2024-01-07 16:49:49,3
927,924,1247,871,6,5,17,2,7,10,7,7,45,7,5,5,12,1,1,1,1,1,1,1,1,1,8,0,0,2,0,7,6,4,2,1,0,2,0,0,1,1,1,2,1,1,0,2024-01-07 16:51:49,0
951,945,882,855,6,5,25,2,15,15,15,15,30,16,8,8,16,1,1,1,1,1,1,1,1,1,4,2,3,2,0,0,0,4,3,0,0,0,0,0,0,0,0,0,0,1,1,2024-01-07 16:53:49,1
916,901,1208,832,12,10,31,4,22,18,20,20,30,19,10,10,21,2,2,2,2,2,2,2,2,2,3,0,5,6,2,8,6,4,4,1,0,2,1,0,1,1,1,2,1,0,1,2024-01-07 16:55:49,0
952,941,856,831,24,20,22,8,13,9,12,12,30,10,9,9,13,4,4,4,4,4,4,4,4,4,4,2,5,2,2,0,0,4,4,0,0,0,0,1,0,0,0,0,0,0,2,2024-01-07 16:57:49,6
938,933,871,853,6,5,23,2,9,12,9,9,30,8,9,9,14,1,1,1,1,1,1,1,1,1,7,4,0,2,0,8,6,4,4,1,0,2,0,0,1,1,1,2,1,0,0,2024-01-07 16:59:49,1
945,930,1212,827,6,5,44,2,10,9,10,10,30,11,33,33,10,5,5,5,1,1,1,1,1,1,6,7,4,5,0,0,0,4,4,0,4,0,0,0,0,0,0,0,0,1,0,2024-01-07 17:01:49,1
970,960,905,870,36,30,32,16,12,13,12,12,45,13,13,13,19,10,10,10,6,6,10,6,6,6,6,3,1,4,0,9,6,4,5,0,0,2,0,0,1,1,1,2,1,1,1,2024-01-07 17:03:49,4
914,907,1237,879,6,5,18,2,7,7,7,7,30,8,10,10,8,5,5,5,1,1,1,1,1,1,4,3,1,0,0,8,6,4,4,0,4,2,0,0,1,1,1,2,1,1,1,2024-01-07 17:05:49,0
966,953,860,827,12,10,33,4,19,16,18,18,30,17,14,14,19,2,2,2,2,2,2,2,2,2,7,6,5,4,1,0,0,4,4,1,0,0,1,0,0,0,0,0,0,0,2,2024-01-07 17:07:49,3
928,917,887,872,0,0,17,0,16,12,14,14,30,14,5,5,12,0,0,0,0,0,0,0,0,0,4,2,1,4,2,7,6,4,4,0,0,2,0,0,1,1,1,2,1,0,0,2024-01-07 17:09:49,0
933,925,1351,968,6,5,22,2,12,15,12,12,30,12,6,6,16,1,1,1,1,1,1,1,1,1,12,1,3,4,0,0,0,4,4,0,0,0,1,1,0,0,0,0,0,0,0,2024-01-07 17:11:49,1
957,951,985,968,12,10,20,4,11,9,10,10,45,10,9,9,11,2,2,2,2,2,2,2,2,2,5,3,3,2,1,8,6,4,4,0,0,2,0,1,1,1,1,2,1,0,1,2024-01-07 17:13:49,1
912,908,1070,705,18,15,21,8,12,11,12,12,30,13,7,7,14,5,5,5,3,3,5,3,3,3,5,1,1,2,0,9,6,4,4,0,0,2,0,0,1,1,1,2,1,1,1,2024-01-07 17:15:49,5
953,942,29,0,12,10,30,4,16,16,15,15,30,16,12,12,18,2,2,2,2,2,2,2,2,2,9,2,5,3,1,0,0,4,4,0,0,0,1,1,0,0,0,0,0,1,2,2024-01-07 17:17:49,0
931,924,16,0,6,5,20,2,10,10,9,9,30,8,8,8,12,2,2,2,1,1,1,1,1,1,7,3,2,1,1,7,6,4,4,1,1,2,1,0,1,1,1,2,1,0,0,2024-01-07 17:19:49,0
943,937,363,0,14,11,32,4,8,9,8,8,30,7,20,20,12,1,1,1,3,3,1,3,3,3,8,10,3,1,0,0,0,4,4,0,0,0,1,1,0,0,0,0,0,0,0,2024-01-07 17:21:49,1
978,955,30,0,10,9,31,5,26,20,24,24,45,24,10,10,21,7,7,7,1,1,4,1,1,1,15,2,6,7,2,7,6,4,4,0,3,2,0,1,1,1,1,2,1,0,1,2024-01-07 17:23:49,1
909,905,363,0,12,10,23,6,5,6,5,5,30,5,15,15,8,4,4,4,2,2,4,2,2,2,4,3,1,1,0,9,6,4,3,0,0,2,0,0,1,1,1,2,1,0,1,2024-01-07 17:25:49,3
956,948,887,866,6,5,23,2,26,14,26,26,30,27,8,8,15,1,1,1,1,1,1,1,1,1,7,4,7,2,0,0,0,4,2,0,0,0,0,0,0,0,0,0,0,1,2,2024-01-07 17:27:49,0
932,922,886,858,18,15,27,8,22,10,21,21,30,22,14,14,13,5,5,5,3,3,5,3,3,3,2,0,4,1,1,8,6,4,2,0,0,2,1,0,1,1,1,2,1,1,0,2024-01-07 17:29:49,1
944,930,1248,883,18,15,24,6,12,10,11,11,30,8,8,8,16,7,7,7,3,3,3,3,3,3,9,4,3,4,1,0,0,4,2,3,4,0,0,0,0,0,0,0,0,0,0,2024-01-07 17:31:49,0
959,955,875,851,6,5,27,2,10,10,10,10,45,11,16,16,11,1,1,1,1,1,1,1,1,1,3,4,3,0,0,8,6,4,2,0,0,2,0,1,1,1,1,2,1,1,1,2024-01-07 17:33:49,1
909,905,1193,834,6,5,17,4,7,7,7,7,30,7,9,9,8,3,3,3,1,1,3,1,1,1,3,0,1,0,0,9,6,4,2,0,0,2,1,0,1,1,1,2,1,0,1,2024-01-07 17:35:49,0
962,949,855,828,6,5,32,2,16,14,17,17,30,16,17,17,15,1,1,1,1,1,1,1,1,1,9,7,4,5,0,0,0,4,2,0,0,0,0,0,0,0,0,0,0,1,2,2024-01-07 17:37:49,1
935,928,866,843,24,20,25,9,15,12,14,14,30,14,8,8,17,5,5,5,4,4,5,4,4,4,1,2,3,2,1,8,6,4,2,1,0,2,0,0,1,1,1,2,1,1,0,2024-01-07 17:39:49,3
939,930,1208,838,18,15,32,6,14,18,14,14,30,11,8,8,24,3,3,3,3,3,3,3,3,3,20,1,2,2,0,0,0,4,2,3,0,0,0,0,0,0,0,0,0,0,0,2024-01-07 17:41:49,0
968,952,924,890,24,20,37,8,21,17,21,21,45,17,14,14,23,4,4,4,4,4,4,4,4,4,7,2,6,6,1,8,6,4,2,2,0,2,1,1,1,1,1,2,1,0,1,2024-01-07 17:43:49,3
914,910,1235,872,18,15,18,7,7,5,6,6,15,6,10,10,8,4,4,4,3,3,4,3,3,3,1,0,1,1,1,0,0,4,2,0,0,0,0,0,0,0,0,0,0,0,1,2024-01-07 17:45:49,1
949,940,858,825,12,10,37,4,13,17,11,11,45,11,18,18,19,2,2,2,2,2,2,2,2,2,2,4,2,5,1,9,6,4,2,0,0,2,0,0,1,1,1,2,1,0,2,2024-01-07 17:47:49,0
1060,922,1235,877,18,15,362,10,340,337,341,341,30,336,16,16,346,7,7,7,3,3,7,3,3,3,2,0,1,77,3,8,6,4,2,6,0,2,1,1,1,1,1,2,1,1,0,2024-01-07 17:49:49,10
953,946,1365,982,30,25,24,14,12,8,11,11,30,12,11,11,13,9,9,9,5,5,9,5,5,5,6,1,2,3,0,0,0,4,2,0,0,0,0,0,0,0,0,0,0,1,0,2024-01-07 17:51:49,0
972,964,1007,975,24,20,33,14,19,18,18,18,45,17,10,10,23,10,10,10,4,4,10,4,4,4,7,4,4,2,1,8,6,4,2,1,0,2,0,0,1,1,1,2,1,0,1,2024-01-07 17:53:49,2
932,920,1060,665,64,53,44,23,23,17,22,22,15,17,11,11,33,12,12,12,11,11,12,11,11,11,6,0,1,3,1,0,0,4,2,5,0,0,0,0,0,0,0,0,0,0,1,2024-01-07 17:55:49,1
943,937,25,0,8,7,21,3,23,11,23,23,45,23,9,9,12,2,2,2,1,1,2,1,1,1,8,2,4,1,0,9,6,4,2,0,0,2,1,1,1,1,1,2,1,0,2,2024-01-07 17:57:49,2
930,928,8,0,0,0,20,0,6,5,6,6,30,6,15,15,5,0,0,0,0,0,0,0,0,0,3,15,1,0,0,9,6,4,2,0,0,2,0,3,1,1,1,2,1,0,0,2024-01-07 17:59:49,3
986,962,394,0,90,75,53,30,28,23,26,26,30,26,14,14,39,19,19,19,15,15,15,15,15,15,13,6,6,6,2,0,0,4,2,1,4,0,1,0,0,0,0,0,0,1,0,2024-01-07 18:01:49,16
961,953,17,0,12,10,18,4,9,7,8,8,45,10,9,9,9,2,2,2,2,2,2,2,2,2,6,3,4,1,1,8,6,4,2,0,0,2,0,0,1,1,1,2,1,2,1,2024-01-07 18:03:49,0
923,907,363,0,6,5,24,2,16,13,15,15,15,14,9,9,15,5,5,5,1,1,1,1,1,1,6,2,6,4,1,0,0,4,2,1,4,0,0,0,0,0,0,0,0,0,1,2024-01-07 18:05:49,0
943,939,883,857,0,0,22,0,10,11,10,10,45,10,11,11,11,0,0,0,0,0,0,0,0,0,5,3,1,3,0,8,6,4,2,0,0,2,0,0,1,1,1,2,1,0,2,2024-01-07 18:07:49,0
932,920,879,858,8,7,26,3,20,17,19,19,30,16,5,5,21,2,2,2,1,1,2,1,1,1,6,2,6,2,2,7,6,4,2,3,0,2,0,0,1,1,1,2,1,0,0,2024-01-07 18:09:49,3
947,933,1250,884,6,5,25,2,19,16,15,15,30,15,8,8,17,1,1,1,1,1,1,1,1,1,8,1,2,3,5,0,0,4,2,0,0,0,1,0,0,0,0,0,0,0,0,2024-01-07 18:11:49,5
939,935,848,834,12,10,16,4,6,5,6,6,45,7,9,9,7,2,2,2,2,2,2,2,2,2,3,3,0,3,0,8,6,4,2,0,0,2,0,0,1,1,1,2,1,1,1,2024-01-07 18:13:49,0
1077,1066,1268,847,314,254,80,156,15,12,14,14,15,13,6,6,74,97,97,96,60,60,96,60,60,60,7,0,4,3,1,0,0,4,1,2,0,0,0,0,0,0,0,0,0,1,1,2024-01-07 18:15:49,11
983,968,880,842,58,56,41,25,26,25,24,24,45,23,13,13,28,22,22,23,2,2,23,2,2,2,5,2,4,7,2,9,6,4,2,1,0,2,0,0,1,1,1,2,1,0,2,2024-01-07 18:17:49,2
931,917,868,849,6,5,21,2,18,13,17,17,15,16,6,6,15,1,1,1,1,1,1,1,1,1,11,1,7,2,1,0,0,4,2,1,0,0,1,1,0,0,0,0,0,0,0,2024-01-07 18:19:49,1
927,918,1203,832,0,0,35,0,17,19,17,17,45,17,16,16,19,0,0,0,0,0,0,0,0,0,7,6,2,5,0,7,6,4,2,0,0,2,1,0,1,1,1,2,1,0,0,2024-01-07 18:21:49,0
961,953,904,882,0,0,33,0,13,15,13,13,45,13,18,18,15,0,0,0,0,0,0,0,0,0,9,11,4,2,0,8,6,4,2,0,0,2,0,0,1,1,1,2,1,0,1,2024-01-07 18:23:49,0
968,947,1221,854,6,5,70,2,34,11,36,36,15,30,34,34,36,1,1,1,1,1,1,1,1,1,20,22,3,1,0,0,0,4,2,7,0,0,14,1,0,0,0,0,0,1,1,2024-01-07 18:25:49,40
960,949,865,841,18,15,27,6,18,15,16,16,45,16,8,8,19,3,3,3,3,3,3,3,3,3,6,4,5,1,2,8,6,4,2,1,0,2,1,0,1,1,1,2,1,1,2,2024-01-07 18:27:49,0
968,947,910,884,6,5,77,2,25,13,27,27,15,17,28,28,49,1,1,1,1,1,1,1,1,1,30,16,6,0,0,0,0,4,2,10,0,0,12,1,0,0,0,0,0,0,0,2024-01-07 18:29:49,58
958,931,1347,974,24,20,38,9,22,15,23,23,45,22,18,18,20,9,9,9,4,4,5,4,4,4,13,12,3,6,0,6,6,4,2,1,4,2,7,1,1,1,1,2,1,0,0,2024-01-07 18:31:49,4
950,945,987,963,6,5,28,2,11,11,10,10,45,10,16,16,12,1,1,1,1,1,1,1,1,1,5,4,2,1,1,8,6,4,2,0,0,2,1,0,1,1,1,2,1,0,1,2024-01-07 18:33:49,1
919,917,1040,686,6,5,13,2,2,2,2,2,15,3,10,10,3,1,1,1,1,1,1,1,1,1,2,2,1,0,0,0,0,4,2,0,0,0,0,1,0,0,0,0,0,1,1,2024-01-07 18:35:49,1
927,923,19,0,6,5,21,2,7,9,7,7,45,8,11,11,10,1,1,1,1,1,1,1,1,1,7,3,2,3,0,9,6,4,2,0,0,2,0,0,1,1,1,2,1,1,2,2024-01-07 18:37:49,0
940,933,19,0,12,10,19,4,11,11,10,10,15,10,5,5,14,2,2,2,2,2,2,2,2,2,5,1,2,2,1,0,0,4,2,1,0,0,1,0,0,0,0,0,0,1,0,2024-01-07 18:39:49,0
945,930,373,0,24,20,33,17,24,18,22,22,45,20,9,9,24,13,13,13,4,4,13,4,4,4,11,0,3,5,2,9,6,4,2,2,0,2,0,2,1,1,1,2,1,0,0,2024-01-07 18:41:49,4
963,956,21,0,0,0,23,0,13,12,13,13,45,13,11,11,12,0,0,0,0,0,0,0,0,0,5,4,5,1,0,7,6,4,2,0,0,2,0,0,1,1,1,2,1,0,1,2024-01-07 18:43:49,0
924,918,359,0,6,5,15,2,8,6,8,8,15,8,8,8,7,1,1,1,1,1,1,1,1,1,4,0,3,1,0,0,0,4,2,0,0,0,1,0,0,0,0,0,0,0,1,2024-01-07 18:45:49,0
950,940,875,844,6,5,34,2,14,14,14,14,45,15,19,19,15,1,1,1,1,1,1,1,1,1,12,4,7,1,0,3,6,4,2,0,0,2,1,1,1,1,1,2,1,1,2,2024-01-07 18:47:49,1
921,918,868,852,6,5,14,2,7,6,7,7,15,8,7,7,7,1,1,1,1,1,1,1,1,1,5,0,2,0,0,0,0,4,2,0,0,0,0,0,0,0,0,0,0,1,0,2024-01-07 18:49:49,0
936,914,1271,872,12,10,44,4,28,30,28,28,45,23,9,9,35,2,2,2,2,2,2,2,2,2,25,1,3,11,1,9,6,4,2,3,0,2,1,0,1,1,1,2,1,0,0,2024-01-07 18:51:49,2
970,960,878,845,18,15,35,7,16,22,16,16,30,14,9,9,26,4,4,4,3,3,4,3,3,3,14,4,5,2,1,0,0,4,2,1,0,0,0,0,0,0,0,0,0,0,1,2024-01-07 18:53:49,0
927,918,1200,831,12,10,26,4,17,11,16,16,30,15,12,12,14,2,2,2,2,2,2,2,2,2,6,2,2,3,0,9,6,4,2,1,0,2,0,0,1,1,1,2,1,0,1,2024-01-07 18:55:49,0
953,944,864,841,6,5,23,2,12,11,12,12,45,12,11,11,12,1,1,1,1,1,1,1,1,1,5,4,2,4,1,8,6,4,2,0,0,2,0,0,1,1,1,2,1,0,2,2024-01-07 18:57:49,4
908,901,883,869,6,5,14,2,9,7,9,9,15,9,5,5,9,1,1,1,1,1,1,1,1,1,5,0,3,2,0,0,0,4,2,1,0,0,0,1,0,0,0,0,0,1,0,2024-01-07 18:59:49,1
944,931,1228,844,6,5,44,2,17,19,17,17,45,17,23,23,21,5,5,5,1,1,1,1,1,1,13,6,3,3,0,7,6,4,2,1,4,2,0,0,1,1,1,2,1,1,0,2024-01-07 19:01:49,0
969,954,896,873,6,5,29,2,19,17,18,18,30,17,10,10,19,1,1,1,1,1,1,1,1,1,4,5,4,6,1,0,0,4,2,1,0,0,3,0,0,0,0,0,0,0,1,2024-01-07 19:03:49,3
941,933,1238,879,30,25,22,10,6,5,5,5,30,5,12,12,10,9,9,9,5,5,5,5,5,5,2,5,2,1,1,7,6,4,2,0,4,2,0,0,1,1,1,2,1,0,1,2024-01-07 19:05:49,1
994,986,892,840,126,105,53,43,15,13,15,15,45,14,18,18,35,22,22,22,21,21,22,21,21,21,2,9,2,2,0,9,6,4,2,1,0,2,0,1,1,1,1,2,1,1,2,2024-01-07 19:07:49,0
917,909,910,885,18,15,26,6,34,19,34,34,15,34,4,4,22,3,3,3,3,3,3,3,3,3,6,2,4,3,0,0,0,4,2,0,0,0,0,0,0,0,0,0,0,0,0,2024-01-07 19:09:49,0
929,924,1320,955,6,5,22,2,12,15,12,12,45,13,6,6,16,1,1,1,1,1,1,1,1,1,9,1,5,2,0,5,6,4,2,0,0,2,0,0,1,1,1,2,1,1,0,2024-01-07 19:11:49,0
963,959,986,968,6,5,20,2,11,9,11,11,30,12,10,10,10,1,1,1,1,1,1,1,1,1,3,3,2,0,0,0,0,4,2,0,0,0,0,0,0,0,0,0,0,1,1,2024-01-07 19:13:49,0
926,917,1050,689,12,10,20,4,15,11,13,13,30,12,6,6,14,2,2,2,2,2,2,2,2,2,3,1,2,3,2,9,6,4,2,1,0,2,0,0,1,1,1,2,1,0,1,2024-01-07 19:15:49,0
943,941,17,0,6,5,19,2,2,7,2,2,45,2,11,11,8,1,1,1,1,1,1,1,1,1,3,2,7,0,0,8,6,4,2,0,0,2,0,0,1,1,1,2,1,0,2,2024-01-07 19:17:49,0
911,902,16,0,6,5,17,2,15,11,14,14,15,14,5,5,12,1,1,1,1,1,1,1,1,1,3,1,3,1,1,0,0,4,2,0,0,0,0,0,0,0,0,0,0,0,0,2024-01-07 19:19:49,0
957,953,366,0,24,20,26,17,10,9,9,9,45,9,13,13,13,13,13,13,4,4,13,4,4,4,4,4,1,2,1,8,6,4,2,0,0,2,0,0,1,1,1,2,1,0,0,2024-01-07 19:21:49,3
965,956,35,0,24,20,40,8,23,20,22,22,30,24,16,16,24,4,4,4,4,4,4,4,4,4,6,7,4,4,1,0,0,4,2,0,0,0,0,1,0,0,0,0,0,2,1,2024-01-07 19:23:49,1
926,921,361,0,6,5,20,2,6,5,5,5,30,4,13,13,7,1,1,1,1,1,1,1,1,1,4,0,2,0,1,7,6,4,2,1,0,2,0,0,1,1,1,2,1,0,1,2024-01-07 19:25:49,0
948,943,881,863,6,5,19,4,10,9,10,10,45,10,9,9,10,3,3,3,1,1,3,1,1,1,4,3,1,2,0,7,6,4,2,0,0,2,1,0,1,1,1,2,1,0,2,2024-01-07 19:27:49,0
922,916,895,868,12,10,26,6,11,11,10,10,15,10,13,13,13,4,4,4,2,2,4,2,2,2,1,0,3,2,1,0,0,4,2,0,0,0,0,1,0,0,0,0,0,0,0,2024-01-07 19:29:49,2
931,916,1257,892,0,0,20,0,16,16,16,16,45,16,4,4,16,4,4,4,0,0,0,0,0,0,4,2,3,6,0,8,6,4,2,0,4,2,1,0,1,1,1,2,1,0,0,2024-01-07 19:31:49,0
965,961,892,869,12,10,31,4,6,7,6,6,30,7,22,22,9,2,2,2,2,2,2,2,2,2,1,10,1,2,0,0,0,4,2,0,0,0,0,0,0,0,0,0,0,1,1,2024-01-07 19:33:49,2
921,913,1204,837,6,5,26,2,11,14,11,11,30,12,11,11,15,1,1,1,1,1,1,1,1,1,7,2,1,5,0,4,6,4,2,0,0,2,1,1,1,1,1,2,1,1,1,2024-01-07 19:35:49,1
942,936,865,840,6,5,29,2,17,15,18,18,30,15,12,12,17,1,1,1,1,1,1,1,1,1,7,3,3,2,0,0,0,4,2,1,0,0,0,0,0,0,0,0,0,0,2,2024-01-07 19:37:49,1
935,929,861,849,6,5,17,2,8,6,8,8,30,9,10,10,7,1,1,1,1,1,1,1,1,1,5,6,2,1,0,8,6,4,2,0,0,2,0,0,1,1,1,2,1,1,0,2024-01-07 19:39:49,0
924,911,1215,838,6,5,35,4,17,25,17,17,45,16,8,8,27,3,3,3,1,1,3,1,1,1,19,0,4,7,0,4,6,4,2,1,0,2,0,0,1,1,1,2,1,0,0,2024-01-07 19:41:49,0
970,956,943,911,6,5,33,5,22,21,22,22,30,22,11,11,22,4,4,4,1,1,4,1,1,1,8,2,3,6,0,0,0,4,2,0,0,0,3,0,0,0,0,0,0,0,1,2024-01-07 19:43:49,0
926,917,1230,869,12,10,18,4,10,8,9,9,30,10,8,8,10,2,2,2,2,2,2,2,2,2,7,0,4,2,1,8,6,4,2,0,0,2,0,0,1,1,1,2,1,1,1,2024-01-07 19:45:49,1
946,943,855,826,18,15,30,6,12,8,11,11,30,12,19,19,11,3,3,3,3,3,3,3,3,3,1,2,1,0,1,0,0,4,2,0,0,0,0,0,0,0,0,0,0,1,2,2024-01-07 19:47:49,0
928,918,934,912,12,10,21,4,21,9,18,18,30,17,9,9,12,2,2,2,2,2,2,2,2,2,3,0,4,2,3,2,6,4,2,1,0,2,0,0,1,1,1,2,1,0,0,2024-01-07 19:49:49,0
937,924,1341,954,36,30,29,13,19,15,17,17,45,16,8,8,21,7,7,7,6,6,7,6,6,6,5,0,6,3,2,8,6,4,2,0,0,2,1,1,1,1,1,2,1,0,0,2024-01-07 19:51:49,1
967,959,985,965,12,10,21,6,12,10,11,11,30,11,9,9,12,4,4,4,2,2,4,2,2,2,4,3,6,1,1,0,0,4,2,0,0,0,0,0,0,0,0,0,0,0,1,2024-01-07 19:53:49,1
925,918,956,594,6,5,20,2,7,6,6,6,30,6,13,13,7,1,1,1,1,1,1,1,1,1,4,2,5,0,1,9,6,4,2,0,0,2,0,0,1,1,1,2,1,0,1,2024-01-07 19:55:49,0
1007,947,158,0,12,10,185,4,84,144,84,84,30,61,15,15,170,2,2,2,2,2,2,2,2,2,155,8,1,39,1,0,0,4,2,24,0,0,2,1,0,0,0,0,0,1,2,2024-01-07 19:57:49,1
926,922,20,0,6,5,24,2,13,14,13,13,30,14,9,9,15,1,1,1,1,1,1,1,1,1,1,6,2,2,0,8,6,4,2,0,0,2,1,0,1,1,1,2,1,1,0,2024-01-07 19:59:49,0
938,924,384,0,42,35,33,15,13,12,11,11,45,10,13,13,20,12,12,12,7,7,8,7,7,7,6,6,4,1,2,9,6,4,2,1,4,2,0,1,1,1,1,2,1,0,0,2024-01-07 20:01:49,2
1008,997,46,0,138,115,50,46,15,15,15,15,30,15,12,12,38,23,23,23,23,23,23,23,23,23,4,5,3,6,0,0,0,4,2,0,0,0,1,0,0,0,0,0,0,0,1,2024-01-07 20:03:49,0
926,920,368,0,6,5,32,8,13,12,13,13,30,13,19,19,13,7,7,7,1,1,7,1,1,1,4,6,2,5,0,7,6,4,1,0,0,2,1,0,1,1,1,2,1,0,1,2024-01-07 20:05:49,2
964,952,893,859,6,5,36,2,17,17,18,18,30,19,17,17,19,1,1,1,1,1,1,1,1,1,8,9,5,2,0,0,0,4,2,0,0,0,0,0,0,0,0,0,0,1,2,2024-01-07 20:07:49,4
939,933,881,859,30,25,23,11,10,11,11,11,30,12,7,7,16,6,6,6,5,5,6,5,5,5,3,2,2,2,0,8,6,4,2,0,0,2,1,1,1,1,1,2,1,1,0,2024-01-07 20:09:49,2
933,912,1251,862,6,5,52,2,31,40,30,30,30,27,7,7,45,1,1,1,1,1,1,1,1,1,36,3,4,12,0,0,0,4,2,4,0,0,0,0,0,0,0,0,0,1,0,2024-01-07 20:11:49,0
974,966,878,857,12,10,26,5,15,13,15,15,45,14,10,10,16,3,3,3,2,2,3,2,2,2,5,5,3,1,1,8,6,4,2,1,0,2,0,0,1,1,1,2,1,0,1,2024-01-07 20:13:49,0
923,912,1210,836,3,2,33,2,21,24,21,21,30,21,8,8,25,0,0,1,1,1,1,1,1,1,8,1,4,4,0,8,6,4,2,0,0,2,3,0,1,1,1,2,1,0,1,2024-01-07 20:15:49,0
942,936,854,825,11,10,30,3,19,17,18,18,30,18,12,12,18,2,2,1,1,1,1,1,1,1,2,2,3,2,1,0,0,4,2,0,0,0,0,0,0,0,0,0,0,0,2,2024-01-07 20:17:49,1
937,926,883,863,16,13,22,5,14,12,14,14,30,15,7,7,15,3,3,3,3,3,3,3,3,3,4,2,7,1,0,8,6,4,2,0,0,2,0,0,1,1,1,2,1,1,0,2024-01-07 20:19:49,0
928,915,1215,839,12,10,38,4,24,17,20,20,30,20,18,18,20,2,2,2,2,2,2,2,2,2,4,4,3,5,4,0,0,4,2,1,0,0,0,2,0,0,0,0,0,1,0,2024-01-07 20:21:49,0
958,953,901,885,6,5,18,2,7,8,7,7,45,7,9,9,9,1,1,1,1,1,1,1,1,1,3,2,3,2,0,9,6,4,2,0,0,2,0,1,1,1,1,2,1,0,1,2024-01-07 20:23:49,1
940,920,1256,882,18,15,33,6,22,18,22,22,30,18,11,11,22,3,3,3,3,3,3,3,3,3,7,0,5,6,1,7,6,4,2,1,0,2,3,0,1,1,1,2,1,0,1,2024-01-07 20:25:49,3
965,949,886,845,24,20,44,8,30,27,30,30,30,28,13,13,31,4,4,4,4,4,4,4,4,4,9,6,6,4,2,0,0,4,2,0,0,0,0,0,0,0,0,0,0,0,2,2024-01-07 20:27:49,4
921,915,908,879,6,5,31,2,14,15,14,14,30,14,15,15,16,1,1,1,1,1,1,1,1,1,3,3,3,2,0,8,6,4,2,0,0,2,0,0,1,1,1,2,1,0,0,2024-01-07 20:29:49,0
920,907,1319,950,12,10,20,4,14,15,14,14,30,16,3,3,17,6,6,6,2,2,2,2,2,2,8,0,5,3,0,0,0,4,2,0,4,0,0,0,0,0,0,0,0,2,0,2024-01-07 20:31:49,0
965,959,991,965,0,0,31,0,15,14,15,15,45,14,16,16,15,0,0,0,0,0,0,0,0,0,1,4,0,2,0,8,6,4,2,1,0,2,3,0,1,1,1,2,1,0,1,2024-01-07 20:33:49,0
929,918,1045,681,6,5,24,2,15,14,14,14,30,13,8,8,16,1,1,1,1,1,1,1,1,1,7,1,3,3,1,8,6,4,2,1,0,2,1,0,1,1,1,2,1,0,1,2024-01-07 20:35:49,3
944,932,25,0,6,5,28,2,17,16,16,16,30,16,11,11,17,1,1,1,1,1,1,1,1,1,6,3,5,3,1,0,0,4,2,0,0,0,0,0,0,0,0,0,0,0,2,2024-01-07 20:37:49,0
931,920,32,0,6,5,32,2,28,25,28,28,30,28,6,6,26,1,1,1,1,1,1,1,1,1,8,3,3,4,0,7,6,4,2,0,0,2,1,0,1,1,1,2,1,0,0,2024-01-07 20:39:49,0
992,973,402,0,144,120,61,48,21,27,20,20,30,18,7,7,54,24,24,24,24,24,24,24,24,24,28,0,6,5,1,0,0,4,2,3,0,0,0,0,0,0,0,0,0,2,0,2024-01-07 20:41:49,3
974,968,30,0,48,40,31,16,10,12,10,10,45,11,11,11,20,8,8,8,8,8,8,8,8,8,6,2,3,4,0,8,6,4,2,0,0,2,0,0,1,1,1,2,1,1,1,2024-01-07 20:43:49,0
926,916,374,0,6,5,32,2,23,23,22,22,15,22,8,8,24,1,1,1,1,1,1,1,1,1,4,0,4,4,1,0,0,4,2,0,0,0,0,0,0,0,0,0,0,0,1,2024-01-07 20:45:49,0
937,919,883,851,18,15,34,6,22,13,16,16,45,15,17,17,17,3,3,3,3,3,3,3,3,3,5,2,5,3,6,8,6,4,2,1,0,2,0,0,1,1,1,2,1,0,2,2024-01-07 20:47:49,0
937,927,876,850,12,10,26,4,124,14,121,121,30,121,10,10,16,2,2,2,2,2,2,2,2,2,5,3,7,0,3,9,6,4,2,0,0,2,0,0,1,1,1,2,1,0,0,2024-01-07 20:49:49,1
943,935,1247,872,12,10,25,4,12,11,11,11,30,11,12,12,13,2,2,2,2,2,2,2,2,2,3,7,3,2,1,0,0,4,2,0,0,0,1,0,0,0,0,0,0,0,0,2024-01-07 20:51:49,0
965,955,866,839,6,5,32,2,19,19,19,19,45,20,12,12,20,1,1,1,1,1,1,1,1,1,3,7,3,8,0,9,6,4,2,0,0,2,0,0,1,1,1,2,1,1,1,2024-01-07 20:53:49,0
923,916,1189,821,6,5,25,2,11,9,10,10,15,11,15,15,10,1,1,1,1,1,1,1,1,1,2,2,3,2,1,0,0,4,2,0,0,0,0,1,0,0,0,0,0,1,1,2024-01-07 20:55:49,0
937,925,871,841,12,10,28,4,18,18,19,19,45,17,8,8,20,2,2,2,2,2,2,2,2,2,6,2,6,5,0,8,6,4,2,0,0,2,0,0,1,1,1,2,1,0,2,2024-01-07 20:57:49,1
937,927,880,851,12,10,29,4,24,22,23,23,30,22,4,4,25,2,2,2,2,2,2,2,2,2,3,1,3,4,1,7,6,4,2,1,0,2,0,0,1,1,1,2,1,0,0,2024-01-07 20:59:49,0
938,929,1214,837,6,5,35,2,9,15,9,9,30,9,19,19,16,5,5,5,1,1,1,1,1,1,10,7,1,4,0,0,0,4,2,0,4,0,1,1,0,0,0,0,0,0,0,2024-01-07 21:01:49,2
965,953,885,864,0,0,24,0,17,14,15,15,45,15,10,10,14,0,0,0,0,0,0,0,0,0,2,3,6,3,2,8,6,4,2,0,0,2,0,0,1,1,1,2,1,0,1,2024-01-07 21:03:49,0
935,927,1252,880,24,20,30,8,16,14,14,14,15,16,12,12,18,4,4,4,4,4,4,4,4,4,3,6,3,1,2,0,0,4,2,0,0,0,0,0,0,0,0,0,0,2,1,2024-01-07 21:05:49,1
937,929,883,855,6,5,24,2,18,12,18,18,45,17,11,11,13,1,1,1,1,1,1,1,1,1,4,3,3,3,0,9,6,4,2,0,0,2,1,0,1,1,1,2,1,0,2,2024-01-07 21:07:49,0
935,920,887,856,6,5,36,2,30,28,29,29,30,28,6,6,30,1,1,1,1,1,1,1,1,1,7,4,2,9,1,9,6,4,2,1,0,2,2,0,1,1,1,2,1,0,0,2024-01-07 21:09:49,3
936,925,1332,963,6,5,28,3,22,21,22,22,30,22,6,6,22,2,2,2,1,1,2,1,1,1,5,1,3,6,0,0,0,4,2,0,0,0,1,0,0,0,0,0,0,0,0,2024-01-07 21:11:49,0
971,962,981,960,12,10,25,4,15,12,16,16,45,15,11,11,14,2,2,2,2,2,2,2,2,2,4,6,3,5,0,8,6,4,2,0,0,2,0,0,1,1,1,2,1,1,1,2024-01-07 21:13:49,2
900,895,1106,747,0,0,17,0,11,12,11,11,15,11,5,5,12,0,0,0,0,0,0,0,0,0,5,0,1,4,0,0,0,4,2,0,0,0,0,0,0,0,0,0,0,0,1,2024-01-07 21:15:49,0
960,947,47,0,18,15,49,6,33,33,34,34,45,36,13,13,36,3,3,3,3,3,3,3,3,3,7,4,1,6,0,9,6,4,2,0,0,2,2,0,1,1,1,2,1,2,2,2024-01-07 21:17:49,1
923,913,23,0,0,0,24,0,21,18,20,20,30,20,6,6,18,0,0,0,0,0,0,0,0,0,4,1,2,4,1,8,6,4,2,0,0,2,1,0,1,1,1,2,1,0,0,2024-01-07 21:19:49,0
943,928,382,0,12,10,45,4,26,28,26,26,30,25,14,14,31,2,2,2,2,2,2,2,2,2,9,5,6,6,1,0,0,4,2,1,0,0,1,0,0,0,0,0,0,0,0,2024-01-07 21:21:49,1
977,955,37,0,12,10,40,4,35,28,32,32,45,31,9,9,31,2,2,2,2,2,2,2,2,2,9,2,9,8,3,8,6,4,2,1,0,2,0,1,1,1,1,2,1,0,1,2024-01-07 21:23:49,0
911,903,363,0,0,0,21,0,9,9,9,9,15,9,12,12,9,0,0,0,0,0,0,0,0,0,6,0,3,4,0,0,0,4,2,0,0,0,0,0,0,0,0,0,0,0,1,2024-01-07 21:25:49,0
963,940,900,861,12,10,42,4,31,31,30,30,45,29,7,7,35,2,2,2,2,2,2,2,2,2,12,3,13,9,1,8,6,4,2,2,0,2,2,0,1,1,1,2,1,1,2,2024-01-07 21:27:49,4
944,920,890,849,18,15,41,6,35,27,31,31,30,28,10,10,31,3,3,3,3,3,3,3,3,3,15,0,11,1,4,7,6,4,2,1,0,2,0,0,1,1,1,2,1,1,0,2024-01-07 21:29:49,1
943,925,1255,886,6,5,22,2,21,18,21,21,30,19,2,2,20,5,5,5,1,1,1,1,1,1,5,0,5,7,0,0,0,4,2,1,4,0,1,0,0,0,0,0,0,0,0,2024-01-07 21:31:49,4
955,940,873,844,0,0,32,0,22,18,20,20,45,20,15,15,18,0,0,0,0,0,0,0,0,0,5,4,6,4,2,7,6,4,2,0,0,2,0,0,1,1,1,2,1,0,1,2024-01-07 21:33:49,0
928,916,1226,844,0,0,43,0,35,34,35,35,15,35,8,8,34,0,0,0,0,0,0,0,0,0,8,1,4,6,0,0,0,4,2,0,0,0,0,0,0,0,0,0,0,0,1,2024-01-07 21:35:49,3
971,954,873,845,24,20,39,10,20,15,19,19,45,16,17,17,22,6,6,6,4,4,6,4,4,4,9,9,4,5,4,9,6,4,2,1,0,2,1,0,1,1,1,2,1,0,2,2024-01-07 21:37:49,10
924,915,872,851,18,15,20,6,15,13,15,15,30,17,4,4,16,3,3,3,3,3,3,3,3,3,5,1,3,4,0,8,6,4,2,0,0,2,1,0,1,1,1,2,1,2,0,2024-01-07 21:39:49,0
918,909,1212,843,0,0,27,0,22,21,22,22,30,22,6,6,21,0,0,0,0,0,0,0,0,0,7,0,2,5,0,0,0,4,2,0,0,0,0,0,0,0,0,0,0,0,0,2024-01-07 21:41:49,0
976,966,943,916,24,20,29,8,16,15,15,15,45,15,9,9,20,4,4,4,4,4,4,4,4,4,8,2,6,2,1,8,6,4,2,1,0,2,1,0,1,1,1,2,1,1,1,2024-01-07 21:43:49,0
916,909,1221,854,0,0,25,0,16,17,16,16,15,16,8,8,17,0,0,0,0,0,0,0,0,0,7,0,2,4,0,0,0,4,2,0,0,0,0,0,0,0,0,0,0,0,1,2024-01-07 21:45:49,0
961,939,879,825,0,0,56,0,38,38,38,38,45,38,18,18,38,0,0,0,0,0,0,0,0,0,5,2,3,15,0,9,6,4,2,0,0,2,2,0,1,1,1,2,1,0,2,2024-01-07 21:47:49,0
928,917,921,887,12,10,33,4,20,23,18,18,30,18,8,8,25,2,2,2,2,2,2,2,2,2,15,0,6,4,2,8,6,4,2,0,0,2,0,1,1,1,1,2,1,0,0,2024-01-07 21:49:49,4
936,920,1338,948,12,10,33,4,32,24,32,32,30,32,5,5,28,2,2,2,2,2,2,2,2,2,5,0,2,8,0,0,0,4,1,2,0,0,1,0,0,0,0,0,0,2,0,2024-01-07 21:51:49,0
971,966,1000,979,18,15,21,12,9,10,9,9,45,9,8,8,13,9,9,9,3,3,9,3,3,3,1,2,2,2,0,8,6,4,2,0,0,2,1,0,1,1,1,2,1,0,1,2024-01-07 21:53:49,1
960,941,1058,655,64,53,62,23,37,33,35,35,15,33,16,16,46,12,12,12,11,11,12,11,11,11,4,2,4,8,2,0,0,4,2,2,0,0,2,0,0,0,0,0,0,0,1,2024-01-07 21:55:49,3
938,930,35,0,8,7,23,4,14,12,14,14,45,13,10,10,13,3,3,3,1,1,3,1,1,1,3,3,3,4,0,7,6,4,2,0,0,2,1,0,1,1,1,2,1,0,2,2024-01-07 21:57:49,6
915,903,27,0,0,0,26,0,21,23,21,21,30,20,3,3,23,0,0,0,0,0,0,0,0,0,5,0,7,6,0,9,6,4,2,0,0,2,0,0,1,1,1,2,1,0,0,2024-01-07 21:59:49,0
953,935,376,0,24,20,27,8,19,14,16,16,30,15,9,9,18,8,8,8,4,4,4,4,4,4,5,5,5,2,4,0,0,4,2,0,4,0,0,0,0,0,0,0,0,1,0,2024-01-07 22:01:49,2
985,964,43,0,18,15,45,6,32,31,31,31,45,31,11,11,34,3,3,3,3,3,3,3,3,3,8,5,9,8,1,9,6,4,2,0,0,2,0,0,1,1,1,2,1,1,1,2024-01-07 22:03:49,0
944,922,378,0,18,15,36,6,24,22,22,22,15,21,10,10,26,7,7,7,3,3,3,3,3,3,9,4,8,6,1,0,0,4,2,1,4,0,2,0,0,0,0,0,0,0,1,2024-01-07 22:05:49,0
972,951,895,849,6,5,42,3,29,27,28,28,45,28,14,14,28,2,2,2,1,1,2,1,1,1,7,3,6,10,2,8,6,4,2,0,0,2,2,0,1,1,1,2,1,0,2,2024-01-07 22:07:49,0
925,908,903,862,14,12,43,5,28,37,28,28,30,28,4,4,39,3,3,3,2,2,3,2,2,2,11,2,8,7,0,3,6,4,2,0,0,2,4,0,1,1,1,2,1,0,0,2024-01-07 22:09:49,2
940,926,1258,892,6,5,29,2,26,19,26,26,30,24,7,7,22,1,1,1,1,1,1,1,1,1,4,3,4,6,3,0,0,4,2,2,0,0,0,0,0,0,0,0,0,0,0,2024-01-07 22:11:49,3
972,961,857,833,16,13,26,5,16,13,14,14,45,14,10,10,16,2,2,2,3,3,2,3,3,3,4,4,4,2,2,8,6,4,2,0,0,2,2,0,1,1,1,2,1,1,1,2024-01-07 22:13:49,0
926,919,1227,859,14,12,24,5,19,17,17,17,15,19,5,5,19,3,3,3,2,2,3,2,2,2,2,0,3,1,2,0,0,4,2,0,0,0,1,0,0,0,0,0,0,2,1,2024-01-07 22:15:49,0
951,937,871,840,6,5,33,2,22,19,22,22,45,20,12,12,21,1,1,1,1,1,1,1,1,1,4,2,3,5,0,7,6,4,2,1,0,2,1,0,1,1,1,2,1,0,2,2024-01-07 22:17:49,1
914,899,881,845,6,5,37,2,32,31,33,33,30,30,4,4,33,1,1,1,1,1,1,1,1,1,6,0,5,6,0,8,6,4,2,1,0,2,1,0,1,1,1,2,1,0,0,2024-01-07 22:19:49,4
936,925,1207,839,0,0,27,0,22,17,21,21,30,21,10,10,17,0,0,0,0,0,0,0,0,0,8,1,5,2,1,0,0,4,2,0,0,0,1,0,0,0,0,0,0,0,0,2024-01-07 22:21:49,0
958,953,932,905,6,5,31,2,15,16,14,14,45,15,13,13,18,1,1,1,1,1,1,1,1,1,4,4,1,2,1,6,6,4,2,0,0,2,0,1,1,1,1,2,1,1,1,2024-01-07 22:23:49,1
948,930,1229,839,18,15,52,11,31,29,29,29,15,29,20,20,32,8,8,8,3,3,8,3,3,3,6,4,6,9,5,0,0,4,2,0,0,0,1,0,0,0,0,0,0,0,1,2024-01-07 22:25:49,6
950,940,845,828,12,10,19,4,10,7,9,9,45,10,10,10,9,6,6,6,2,2,2,2,2,2,5,4,2,1,1,8,6,4,2,0,4,2,0,1,1,1,1,2,1,1,2,2024-01-07 22:27:49,0
910,899,911,878,6,5,32,2,20,21,20,20,30,21,10,10,22,1,1,1,1,1,1,1,1,1,3,0,1,9,0,7,6,4,2,0,0,2,1,0,1,1,1,2,1,1,0,2024-01-07 22:29:49,0
944,924,1319,948,6,5,24,2,23,21,20,20,30,20,2,2,22,5,5,5,1,1,1,1,1,1,6,0,4,9,3,0,0,4,2,0,4,0,1,0,0,0,0,0,0,0,0,2024-01-07 22:31:49,0
982,963,1016,966,24,20,53,8,34,33,33,33,45,33,16,16,37,4,4,4,4,4,4,4,4,4,3,4,4,14,1,9,6,4,2,0,0,2,1,0,1,1,1,2,1,0,1,2024-01-07 22:33:49,4
919,917,1064,704,6,5,17,2,9,9,9,9,15,10,7,7,10,1,1,1,1,1,1,1,1,1,3,0,0,2,0,0,0,4,2,0,0,0,0,0,0,0,0,0,0,1,1,2024-01-07 22:35:49,0
951,939,27,0,12,10,33,4,15,17,16,16,45,16,13,13,20,2,2,2,2,2,2,2,2,2,8,5,4,5,1,3,6,4,2,1,0,2,3,0,1,1,1,2,1,1,2,2024-01-07 22:37:49,11
934,907,58,0,12,10,58,4,49,52,49,49,15,50,4,4,54,2,2,2,2,2,2,2,2,2,14,1,4,16,0,0,0,4,2,0,0,0,3,0,0,0,0,0,0,1,0,2024-01-07 22:39:49,0
932,930,353,0,0,0,11,0,5,4,5,5,45,5,7,7,4,0,0,0,0,0,0,0,0,0,2,0,1,2,0,7,6,4,2,0,0,2,0,1,1,1,1,2,1,0,0,2024-01-07 22:41:49,0
970,960,33,0,6,5,37,5,21,23,21,21,45,21,13,13,24,4,4,4,1,1,4,1,1,1,6,5,6,4,0,7,6,4,2,0,0,2,0,1,1,1,1,2,1,0,1,2024-01-07 22:43:49,0
936,913,390,0,6,5,47,2,38,37,37,37,15,38,9,9,38,1,1,1,1,1,1,1,1,1,4,0,4,10,1,0,0,4,2,0,0,0,3,0,0,0,0,0,0,1,1,2024-01-07 22:45:49,0
950,943,877,850,6,5,28,2,10,10,10,10,45,11,17,17,11,1,1,1,1,1,1,1,1,1,2,2,1,4,0,8,6,4,2,0,0,2,1,0,1,1,1,2,1,1,2,2024-01-07 22:47:49,0
923,904,895,854,24,20,39,8,31,27,26,26,15,27,8,8,31,4,4,4,4,4,4,4,4,4,1,0,6,8,5,0,0,4,2,0,0,0,1,1,0,0,0,0,0,1,0,2024-01-07 22:49:49,1
934,924,1275,884,6,5,33,2,21,26,21,21,45,22,6,6,27,1,1,1,1,1,1,1,1,1,7,0,2,5,0,7,6,4,2,0,0,2,2,0,1,1,1,2,1,1,0,2024-01-07 22:51:49,0
966,953,863,841,0,0,24,0,20,14,20,20,45,19,9,9,15,0,0,0,0,0,0,0,0,0,7,2,2,7,1,9,6,4,2,1,0,2,1,0,1,1,1,2,1,0,1,2024-01-07 22:53:49,4
947,927,1225,832,30,25,51,11,33,32,31,31,15,31,14,14,37,6,6,6,5,5,6,5,5,5,7,2,6,12,2,0,0,4,2,0,0,0,1,0,0,0,0,0,0,0,1,2024-01-07 22:55:49,0
955,940,878,836,24,20,38,9,25,24,25,25,45,26,10,10,28,5,5,5,4,4,5,4,4,4,6,2,4,7,0,8,6,4,2,0,0,2,2,0,1,1,1,2,1,1,2,2024-01-07 22:57:49,1
940,923,888,856,42,35,32,17,20,15,18,18,15,17,10,10,23,10,10,10,7,7,10,7,7,7,11,0,6,5,2,0,0,4,2,1,0,0,0,0,0,0,0,0,0,0,0,2024-01-07 22:59:49,0
978,964,1219,824,90,75,47,32,19,19,19,19,45,20,12,12,34,21,21,21,15,15,17,15,15,15,7,4,5,4,0,8,6,4,2,0,4,2,1,0,1,1,1,2,1,1,0,2024-01-07 23:01:49,6
975,965,906,864,30,25,43,12,28,26,28,28,45,29,12,12,31,7,7,7,5,5,7,5,5,5,3,3,2,7,0,9,6,4,2,0,0,2,1,0,1,1,1,2,1,1,1,2024-01-07 23:03:49,0
939,925,1228,855,30,25,31,14,18,13,15,15,15,14,13,13,18,8,8,8,5,5,8,5,5,5,5,4,7,4,3,0,0,4,2,0,0,0,0,0,0,0,0,0,0,0,1,2024-01-07 23:05:49,3
956,946,869,823,42,35,42,14,15,18,15,15,45,15,17,17,25,8,8,8,7,7,8,7,7,7,5,3,4,8,0,7,6,4,2,0,0,2,1,1,1,1,1,2,1,0,2,2024-01-07 23:07:49,0
950,932,926,888,36,29,42,15,34,25,34,34,15,33,8,8,34,8,8,8,7,7,8,7,7,7,5,4,2,10,0,0,0,4,2,2,0,0,1,0,0,0,0,0,0,1,0,2024-01-07 23:09:49,6
930,923,1320,952,6,6,26,0,18,19,17,17,45,16,6,6,20,0,0,0,0,0,0,0,0,0,3,1,6,2,1,9,6,4,2,1,0,2,1,0,1,1,1,2,1,0,0,2024-01-07 23:11:49,3
961,957,979,963,12,10,16,5,7,6,7,7,45,8,8,8,8,3,3,3,2,2,3,2,2,2,4,2,1,1,0,6,6,4,2,0,0,2,0,1,1,1,1,2,1,1,1,2024-01-07 23:13:49,0
927,918,1138,765,12,10,29,4,21,22,21,21,15,22,5,5,24,2,2,2,2,2,2,2,2,2,7,0,2,6,0,0,0,4,2,0,0,0,1,0,0,0,0,0,0,1,1,2024-01-07 23:15:49,0
923,909,37,0,0,0,38,0,25,27,25,25,45,25,11,11,27,0,0,0,0,0,0,0,0,0,4,2,5,9,0,8,6,4,2,0,0,2,1,0,1,1,1,2,1,0,2,2024-01-07 23:17:49,0
931,929,8,0,6,5,8,2,3,1,3,3,15,4,6,6,2,1,1,1,1,1,1,1,1,1,1,1,0,0,0,0,0,4,2,0,0,0,0,0,0,0,0,0,0,1,0,2024-01-07 23:19:49,0
946,931,389,0,16,13,48,9,34,33,33,33,45,33,11,11,37,4,4,6,3,3,6,3,3,3,6,1,5,9,1,7,6,4,2,1,0,2,1,0,1,1,1,2,1,1,0,2024-01-07 23:21:49,4
957,948,35,0,14,12,35,4,24,24,24,24,30,25,9,9,26,4,4,2,2,2,2,2,2,2,2,3,2,6,0,0,0,4,2,0,0,0,0,0,0,0,0,0,0,1,1,2024-01-07 23:23:49,0
923,917,365,0,6,5,24,2,12,12,12,12,30,12,11,11,13,1,1,1,1,1,1,1,1,1,3,1,1,3,0,8,6,4,2,0,0,2,1,0,1,1,1,2,1,0,1,2024-01-07 23:25:49,0
970,960,894,864,24,20,30,10,16,18,16,16,45,17,8,8,22,6,6,6,4,4,6,4,4,4,2,3,2,10,0,9,6,4,2,0,0,2,0,0,1,1,1,2,1,1,2,2024-01-07 23:27:49,0
922,911,903,867,12,10,38,6,23,23,24,24,15,24,12,12,26,4,4,4,2,2,4,2,2,2,4,2,3,5,0,0,0,4,2,0,0,0,0,0,0,0,0,0,0,0,0,2024-01-07 23:29:49,5
936,922,1262,887,0,0,30,0,31,26,30,30,45,28,2,2,28,4,4,4,0,0,0,0,0,0,1,0,0,6,2,4,6,4,2,2,4,2,1,0,1,1,1,2,1,0,0,2024-01-07 23:31:49,3
957,955,859,835,6,5,27,2,9,10,9,9,30,10,16,16,11,1,1,1,1,1,1,1,1,1,1,4,1,1,0,0,0,4,2,0,0,0,0,0,0,0,0,0,0,1,1,2024-01-07 23:33:49,0
935,919,1224,842,18,15,38,6,29,28,26,26,30,27,7,7,31,3,3,3,3,3,3,3,3,3,8,0,6,5,3,7,6,4,2,0,0,2,1,0,1,1,1,2,1,1,1,2024-01-07 23:35:49,2
942,938,863,843,0,0,23,0,12,12,12,12,45,12,11,11,12,0,0,0,0,0,0,0,0,0,4,3,2,1,0,8,6,4,2,0,0,2,0,0,1,1,1,2,1,0,2,2024-01-07 23:37:49,0
914,900,876,851,6,5,25,2,20,20,19,19,15,20,4,4,21,1,1,1,1,1,1,1,1,1,7,1,3,9,1,0,0,4,1,0,0,0,1,0,0,0,0,0,0,1,0,2024-01-07 23:39:49,0
938,927,1221,850,6,5,30,4,22,22,22,22,45,22,7,7,23,3,3,3,1,1,3,1,1,1,3,1,2,6,0,7,6,4,2,0,0,2,3,0,1,1,1,2,1,0,0,2024-01-07 23:41:49,3
968,961,921,887,24,20,34,11,19,20,19,19,30,20,10,10,24,7,7,7,4,4,7,4,4,4,5,3,2,3,0,0,0,4,2,0,0,0,0,0,0,0,0,0,0,1,1,2024-01-07 23:43:49,0
938,925,1267,886,6,5,40,2,28,29,27,27,30,27,10,10,30,1,1,1,1,1,1,1,1,1,1,2,2,8,1,9,6,4,2,0,0,2,3,0,1,1,1,2,1,0,1,2024-01-07 23:45:49,1
945,930,861,820,6,5,43,2,25,25,25,25,45,25,16,16,27,1,1,1,1,1,1,1,1,1,2,2,1,12,0,4,6,4,2,1,0,2,1,0,1,1,1,2,1,1,2,2024-01-07 23:47:49,0
919,912,907,888,12,10,18,4,11,7,10,10,15,11,9,9,9,2,2,2,2,2,2,2,2,2,3,2,3,1,1,0,0,4,2,0,0,0,1,0,0,0,0,0,0,1,0,2024-01-07 23:49:49,0
941,934,1338,955,12,10,27,5,18,17,18,18,45,19,8,8,19,4,4,4,2,2,3,2,2,2,1,2,1,6,0,9,6,4,2,0,1,2,0,0,1,1,1,2,1,1,0,2024-01-07 23:51:49,0
969,958,984,950,12,10,33,6,25,23,24,24,30,24,8,8,25,4,4,4,2,2,4,2,2,2,4,2,2,5,1,0,0,4,2,0,0,0,1,0,0,0,0,0,0,0,1,2024-01-07 23:53:49,1
919,912,1029,662,6,5,23,2,11,10,11,11,30,12,12,12,11,1,1,1,1,1,1,1,1,1,3,2,2,4,0,7,6,4,2,0,0,2,1,0,1,1,1,2,1,1,1,2024-01-07 23:55:49,0
943,929,35,0,12,10,32,4,20,22,20,20,30,21,8,8,24,5,5,5,2,2,2,2,2,2,4,2,5,6,0,0,0,4,2,0,3,0,1,0,0,0,0,0,0,1,2,2024-01-07 23:57:49,0
930,921,28,0,6,5,27,2,22,22,23,23,30,21,4,4,23,1,1,1,1,1,1,1,1,1,2,0,2,6,0,7,6,4,2,0,0,2,0,0,1,1,1,2,1,0,0,2024-01-07 23:59:49,1
960,941,394,0,12,10,54,5,36,35,36,36,45,37,15,15,39,8,8,8,2,2,3,2,2,2,3,11,0,10,1,8,6,4,2,0,5,2,1,0,1,1,1,2,1,1,0,2024-01-08 00:01:49,3
977,966,18,0,12,10,28,4,14,9,13,13,30,11,16,16,12,2,2,2,2,2,2,2,2,2,2,11,2,3,2,0,0,4,2,1,0,0,2,0,0,0,0,0,0,0,1,2024-01-08 00:03:49,6
936,921,383,0,12,10,37,4,23,26,23,23,30,23,9,9,28,6,6,6,2,2,2,2,2,2,3,3,3,6,0,7,6,4,2,0,4,2,1,0,1,1,1,2,1,0,1,2024-01-08 00:05:49,0
965,945,913,854,18,15,54,6,43,39,40,40,30,41,12,12,42,3,3,3,3,3,3,3,3,3,5,4,6,10,3,0,0,4,2,0,0,0,1,0,0,0,0,0,0,1,2,2024-01-08 00:07:49,0
912,907,850,827,6,5,30,2,17,19,17,17,30,18,10,10,20,1,1,1,1,1,1,1,1,1,1,8,2,3,0,7,6,4,2,0,0,2,0,0,1,1,1,2,1,1,0,2024-01-08 00:09:49,0
945,936,1238,873,12,10,27,4,12,14,12,12,45,12,10,10,17,6,6,6,2,2,2,2,2,2,2,5,0,1,0,8,6,4,2,1,4,2,2,0,1,1,1,2,1,1,0,2024-01-08 00:11:49,0
963,956,842,829,6,5,17,3,11,7,10,10,30,9,8,8,9,2,2,2,1,1,2,1,1,1,2,3,1,4,2,0,0,4,2,1,0,0,0,0,0,0,0,0,0,0,1,2024-01-08 00:13:49,1
942,932,1208,820,54,45,45,18,21,22,21,21,30,21,14,14,31,9,9,9,9,9,9,9,9,9,3,0,1,8,0,7,6,4,2,0,0,2,0,0,1,1,1,2,1,0,1,2024-01-08 00:15:49,0
950,945,844,823,18,15,22,8,8,7,8,8,30,9,12,12,10,5,5,5,3,3,5,3,3,3,1,2,2,3,0,0,0,4,2,0,0,0,0,0,0,0,0,0,0,1,2,2024-01-08 00:17:49,1
916,913,834,816,6,5,21,2,12,12,11,11,30,12,8,8,13,1,1,1,1,1,1,1,1,1,2,4,1,0,0,7,6,4,2,0,0,2,1,0,1,1,1,2,1,1,0,2024-01-08 00:19:49,0
939,932,1212,837,30,25,35,12,15,18,16,16,45,17,12,12,23,7,7,7,5,5,7,5,5,5,6,3,0,4,0,4,6,4,2,0,0,2,2,0,1,1,1,2,1,1,0,2024-01-08 00:21:49,0
970,960,861,827,18,15,35,6,23,23,22,22,30,23,9,9,26,3,3,3,3,3,3,3,3,3,3,2,4,5,1,0,0,4,2,0,0,0,1,0,0,0,0,0,0,1,1,2024-01-08 00:23:49,0
924,916,1248,882,6,5,23,2,13,10,14,14,30,12,12,12,11,1,1,1,1,1,1,1,1,1,3,0,3,2,0,8,6,4,2,0,0,2,0,1,1,1,1,2,1,0,1,2024-01-08 00:25:49,1
933,931,859,852,0,0,9,0,4,2,4,4,30,4,7,7,2,0,0,0,0,0,0,0,0,0,1,3,1,0,0,0,0,4,2,0,0,0,1,0,0,0,0,0,0,0,2,2024-01-08 00:27:49,0
926,924,877,854,12,10,19,4,11,7,11,11,30,12,10,10,9,2,2,2,2,2,2,2,2,2,1,0,2,1,0,9,6,4,2,0,0,2,0,0,1,1,1,2,1,1,0,2024-01-08 00:29:49,0
929,921,1316,941,16,13,15,12,10,10,10,10,45,11,2,2,13,13,13,13,3,3,9,3,3,3,0,0,0,2,0,8,6,4,2,0,4,2,2,0,1,1,1,2,1,1,0,2024-01-08 00:31:49,1
958,952,1001,973,2,2,33,2,15,16,15,15,30,15,17,17,16,2,2,2,0,0,2,0,0,0,4,6,2,1,0,0,0,4,2,0,0,0,1,0,0,0,0,0,0,0,1,2024-01-08 00:33:49,0
933,923,1244,879,6,5,22,2,15,14,14,14,30,15,7,7,15,1,1,1,1,1,1,1,1,1,4,0,4,2,1,9,6,4,2,0,0,2,2,0,1,1,1,2,1,1,1,2024-01-08 00:35:49,0
929,922,23,0,0,0,27,0,14,15,14,14,30,13,11,11,16,0,0,0,0,0,0,0,0,0,0,3,1,5,0,0,0,4,2,1,0,0,1,0,0,0,0,0,0,0,2,2024-01-08 00:37:49,0
929,926,8,0,6,5,9,2,4,4,3,3,30,3,4,4,5,1,1,1,1,1,1,1,1,1,0,1,1,1,1,8,6,4,2,0,0,2,0,0,1,1,1,2,1,0,0,2024-01-08 00:39:49,0
921,916,365,0,6,5,22,2,14,15,14,14,30,15,6,6,16,1,1,1,1,1,1,1,1,1,2,0,0,5,0,0,0,4,2,0,0,0,0,0,0,0,0,0,0,1,0,2024-01-08 00:41:49,0
949,946,13,0,6,5,15,2,5,4,5,5,45,6,10,10,5,1,1,1,1,1,1,1,1,1,1,3,1,2,0,8,6,4,2,0,0,2,0,0,1,1,1,2,1,1,1,2024-01-08 00:43:49,0
924,923,360,0,0,0,18,0,6,7,6,6,30,6,11,11,7,0,0,0,0,0,0,0,0,0,1,3,0,1,0,7,6,4,2,0,0,2,0,0,1,1,1,2,1,0,1,2024-01-08 00:45:49,0
951,945,869,840,12,10,30,4,11,11,11,11,30,12,17,17,13,2,2,2,2,2,2,2,2,2,1,3,2,4,0,0,0,4,2,0,0,0,1,0,0,0,0,0,0,1,2,2024-01-08 00:47:49,0
930,919,871,844,12,10,26,4,17,16,17,17,30,17,8,8,18,2,2,2,2,2,2,2,2,2,2,1,2,6,0,4,6,4,2,0,0,2,1,0,1,1,1,2,1,0,0,2024-01-08 00:49:49,0
913,913,1250,887,0,0,8,0,0,0,0,0,30,0,8,8,0,0,0,0,0,0,0,0,0,0,0,3,0,0,0,0,0,4,2,0,0,0,0,0,0,0,0,0,0,0,0,2024-01-08 00:51:49,0
963,958,855,837,12,10,19,4,8,8,8,8,45,10,9,9,10,2,2,2,2,2,2,2,2,2,4,4,1,3,0,8,6,4,2,0,0,2,0,0,1,1,1,2,1,2,1,2024-01-08 00:53:49,0
927,921,1206,836,6,5,28,2,14,14,14,14,30,15,13,13,15,1,1,1,1,1,1,1,1,1,3,3,2,5,0,7,6,4,2,0,0,2,0,0,1,1,1,2,1,1,1,2024-01-08 00:55:49,3
938,937,854,840,6,5,11,2,5,2,5,5,30,6,8,8,3,1,1,1,1,1,1,1,1,1,0,2,0,0,0,0,0,4,2,0,0,0,0,0,0,0,0,0,0,1,2,2024-01-08 00:57:49,0
919,917,863,849,12,10,15,4,6,8,6,6,30,6,5,5,10,2,2,2,2,2,2,2,2,2,2,2,2,2,0,8,6,4,2,0,0,2,0,0,1,1,1,2,1,0,0,2024-01-08 00:59:49,0
929,917,1197,833,6,5,19,2,11,8,10,10,30,10,10,10,9,5,5,5,1,1,1,1,1,1,3,6,2,3,1,0,0,4,2,0,4,0,0,0,0,0,0,0,0,0,0,2024-01-08 01:01:49,1
962,952,883,864,0,0,22,0,17,12,14,14,45,14,10,10,12,0,0,0,0,0,0,0,0,0,3,5,3,1,3,8,6,4,2,0,0,2,1,0,1,1,1,2,1,0,1,2024-01-08 01:03:49,0
934,927,1218,850,12,10,23,4,8,9,8,8,30,10,13,13,11,2,2,2,2,2,2,2,2,2,2,7,1,5,0,7,6,4,2,0,0,2,0,0,1,1,1,2,1,2,1,2024-01-08 01:05:49,0
941,936,811,790,0,0,19,0,8,6,8,8,30,7,11,11,7,0,0,0,0,0,0,0,0,0,1,3,2,3,0,0,0,4,2,1,0,0,0,0,0,0,0,0,0,0,2,2024-01-08 01:07:49,3
927,919,842,832,12,10,11,4,10,5,7,7,30,8,4,4,7,2,2,2,2,2,2,2,2,2,2,2,3,1,3,3,6,4,2,0,0,2,0,0,1,1,1,2,1,1,0,2024-01-08 01:09:49,0
912,909,1326,971,0,0,14,0,9,9,9,9,30,9,5,5,9,0,0,0,0,0,0,0,0,0,2,1,1,2,0,0,0,4,2,0,0,0,0,0,0,0,0,0,0,0,0,2024-01-08 01:11:49,0
965,957,990,967,6,5,27,3,17,17,17,17,45,16,8,8,19,2,2,2,1,1,2,1,1,1,0,3,0,6,0,9,6,4,2,1,0,2,2,0,1,1,1,2,1,0,1,2024-01-08 01:13:49,3
914,914,1197,847,6,5,7,2,0,0,0,0,15,1,6,6,1,1,1,1,1,1,1,1,1,1,0,1,0,0,0,0,0,4,2,0,0,0,0,0,0,0,0,0,0,1,1,2024-01-08 01:15:49,0
936,935,17,0,6,5,18,2,6,6,6,6,45,7,11,11,7,1,1,1,1,1,1,1,1,1,0,2,0,1,0,8,6,4,2,0,0,2,0,0,1,1,1,2,1,1,2,2024-01-08 01:17:49,0
924,917,11,0,0,0,13,0,8,7,8,8,30,7,5,5,8,0,0,0,0,0,0,0,0,0,1,1,1,6,1,9,6,4,2,1,0,2,0,0,1,1,1,2,1,0,0,2024-01-08 01:19:49,1
914,911,359,0,6,5,19,2,7,6,7,7,30,7,11,11,8,1,1,1,1,1,1,1,1,1,1,2,0,2,0,0,0,4,2,1,0,0,1,0,0,0,0,0,0,1,0,2024-01-08 01:21:49,0
956,951,15,0,6,5,17,2,9,8,8,8,45,8,8,8,9,1,1,1,1,1,1,1,1,1,2,2,3,1,1,9,6,4,2,0,0,2,0,0,1,1,1,2,1,0,1,2024-01-08 01:23:49,0
923,916,370,0,6,5,26,2,14,15,14,14,15,15,10,10,16,1,1,1,1,1,1,1,1,1,0,0,0,7,0,0,0,4,2,0,0,0,0,0,0,0,0,0,0,1,1,2024-01-08 01:25:49,0
948,947,878,869,6,5,10,2,2,2,2,2,45,3,7,7,3,1,1,1,1,1,1,1,1,1,1,3,1,0,0,9,6,4,2,0,0,2,0,0,1,1,1,2,1,1,2,2024-01-08 01:27:49,0
921,917,883,863,6,5,19,2,8,8,8,8,30,9,10,10,9,1,1,1,1,1,1,1,1,1,3,0,2,2,0,8,6,4,1,0,0,2,0,0,1,1,1,2,1,1,0,2024-01-08 01:29:49,0
919,909,1240,884,6,5,9,2,7,6,6,6,30,6,2,2,7,5,5,5,1,1,1,1,1,1,4,0,4,1,1,0,0,4,2,0,4,0,0,0,0,0,0,0,0,0,0,2024-01-08 01:31:49,0
956,952,869,846,6,5,26,2,11,10,11,11,45,12,15,15,11,1,1,1,1,1,1,1,1,1,0,4,1,2,0,8,6,4,2,0,0,2,1,0,1,1,1,2,1,1,1,2024-01-08 01:33:49,0
920,914,1177,825,0,0,11,0,8,3,7,7,15,6,8,8,3,0,0,0,0,0,0,0,0,0,1,1,0,1,1,0,0,4,2,0,0,0,0,0,0,0,0,0,0,0,1,2024-01-08 01:35:49,0
958,949,855,830,12,10,26,6,13,13,13,13,45,14,11,11,15,4,4,4,2,2,4,2,2,2,3,3,0,6,1,7,6,4,2,0,0,2,2,0,1,1,1,2,1,1,2,2024-01-08 01:37:49,1
924,921,869,854,12,10,13,4,5,6,5,5,30,6,5,5,8,2,2,2,2,2,2,2,2,2,3,2,2,1,0,8,6,4,2,0,0,2,0,0,1,1,1,2,1,1,0,2024-01-08 01:39:49,0
917,906,1190,831,6,5,17,2,12,10,11,11,30,10,6,6,11,1,1,1,1,1,1,1,1,1,5,0,5,4,1,0,0,4,2,0,0,0,0,0,0,0,0,0,0,0,0,2024-01-08 01:41:49,0
963,957,928,913,0,0,17,0,9,8,9,9,45,9,9,9,8,0,0,0,0,0,0,0,0,0,2,2,2,1,0,9,6,4,2,0,0,2,1,0,1,1,1,2,1,0,1,2024-01-08 01:43:49,0
919,916,1227,869,6,5,15,2,6,6,6,6,15,7,8,8,7,1,1,1,1,1,1,1,1,1,1,0,1,2,0,0,0,4,2,0,0,0,0,0,0,0,0,0,0,1,1,2024-01-08 01:45:49,3
944,939,843,823,0,0,24,0,6,6,6,6,45,6,18,18,6,0,0,0,0,0,0,0,0,0,2,4,1,4,0,7,6,4,2,0,0,2,0,0,1,1,1,2,1,0,2,2024-01-08 01:47:49,0
917,915,898,883,6,5,14,2,6,5,6,6,30,7,8,8,6,1,1,1,1,1,1,1,1,1,1,1,1,1,0,5,6,4,2,0,0,2,0,0,1,1,1,2,1,1,0,2024-01-08 01:49:49,0
911,909,1311,942,6,5,11,2,5,5,5,5,30,6,5,5,6,1,1,1,1,1,1,1,1,1,0,0,0,1,0,0,0,4,2,0,0,0,0,0,0,0,0,0,0,1,0,2024-01-08 01:51:49,0
954,953,977,968,0,0,10,0,3,3,3,3,45,3,7,7,3,0,0,0,0,0,0,0,0,0,0,2,0,1,0,8,6,4,2,0,0,2,0,0,1,1,1,2,1,0,1,2024-01-08 01:53:49,0
934,926,1056,687,12,10,25,10,11,11,11,11,15,12,12,12,13,8,8,8,2,2,8,2,2,2,1,2,1,7,0,0,0,4,2,0,0,0,0,0,0,0,0,0,0,1,1,2024-01-08 01:55:49,0
965,954,52,0,64,53,39,23,20,20,20,20,45,20,7,7,32,12,12,12,11,11,12,11,11,11,0,1,0,8,0,8,6,4,2,1,0,2,1,0,1,1,1,2,1,1,2,2024-01-08 01:57:49,1
904,904,5,0,2,2,4,1,0,0,0,0,15,0,4,4,0,1,1,1,0,0,1,0,0,0,0,1,0,0,0,0,0,4,2,0,0,0,0,0,0,0,0,0,0,0,0,2024-01-08 01:59:49,1
942,937,358,0,6,5,12,2,1,1,1,1,45,2,10,10,2,5,5,5,1,1,1,1,1,1,1,6,0,0,0,8,6,4,2,0,4,2,0,0,1,1,1,2,1,1,0,2024-01-08 02:01:49,0
959,956,19,0,18,15,21,6,7,8,7,7,45,8,10,10,11,3,3,3,3,3,3,3,3,3,1,5,3,1,0,8,6,4,2,0,0,2,0,0,1,1,1,2,1,1,1,2024-01-08 02:03:49,0
933,924,363,0,12,10,25,4,10,9,10,10,15,10,13,13,12,2,2,2,2,2,2,2,2,2,2,7,1,5,1,0,0,4,2,0,0,0,0,0,0,0,0,0,0,0,1,2024-01-08 02:05:49,4
939,935,858,830,12,10,20,4,9,8,9,9,45,10,10,10,10,2,2,2,2,2,2,2,2,2,0,2,0,3,0,7,6,4,2,0,0,2,1,0,1,1,1,2,1,1,2,2024-01-08 02:07:49,0
914,911,878,865,0,0,15,0,9,10,9,9,15,9,5,5,10,0,0,0,0,0,0,0,0,0,0,3,2,1,0,0,0,4,2,0,0,0,0,0,0,0,0,0,0,0,0,2024-01-08 02:09:49,0
930,927,1242,885,8,7,14,3,6,6,6,6,45,5,5,5,9,2,2,2,1,1,2,1,1,1,1,1,0,1,1,7,6,4,2,2,0,2,0,0,1,1,1,2,1,1,0,2024-01-08 02:11:49,2
966,957,849,830,12,10,21,9,13,6,10,10,45,10,13,13,8,7,7,7,2,2,7,2,2,2,2,2,1,2,3,9,6,4,2,0,0,2,0,0,1,1,1,2,1,0,1,2024-01-08 02:13:49,0
927,924,1216,856,6,5,14,2,8,8,8,8,15,9,5,5,9,1,1,1,1,1,1,1,1,1,1,0,1,0,0,0,0,4,2,0,0,0,3,0,0,0,0,0,0,1,1,2024-01-08 02:15:49,0
970,957,864,833,60,50,37,20,13,16,9,9,45,8,11,11,26,11,11,11,10,10,10,10,10,10,1,2,6,1,4,8,6,4,2,0,1,2,0,0,1,1,1,2,1,0,2,2024-01-08 02:17:49,18
906,903,866,852,6,5,14,2,7,8,7,7,15,8,5,5,9,1,1,1,1,1,1,1,1,1,0,1,0,2,0,0,0,4,2,0,0,0,0,0,0,0,0,0,0,1,0,2024-01-08 02:19:49,0
925,924,1165,811,0,0,13,0,5,3,5,5,45,5,10,10,3,0,0,0,0,0,0,0,0,0,0,1,0,1,0,6,6,4,2,0,0,2,0,0,1,1,1,2,1,0,0,2024-01-08 02:21:49,0
955,955,873,861,6,5,15,2,4,4,4,4,45,5,10,10,5,1,1,1,1,1,1,1,1,1,0,4,0,0,0,8,6,4,2,0,0,2,0,0,1,1,1,2,1,1,1,2024-01-08 02:23:49,0
927,923,1242,875,18,15,30,6,11,14,11,11,15,11,13,13,17,3,3,3,3,3,3,3,3,3,0,3,0,3,0,0,0,4,2,0,0,0,0,0,0,0,0,0,0,0,1,2024-01-08 02:25:49,9
943,942,878,864,12,10,15,4,4,5,4,4,45,6,8,8,7,2,2,2,2,2,2,2,2,2,0,4,0,1,0,7,6,4,2,0,0,2,0,0,1,1,1,2,1,2,2,2024-01-08 02:27:49,0
916,915,896,883,0,0,14,0,3,3,3,3,15,3,11,11,3,0,0,0,0,0,0,0,0,0,0,1,0,0,0,0,0,4,2,0,0,0,1,0,0,0,0,0,0,0,0,2024-01-08 02:29:49,0
914,908,1300,947,6,5,8,2,2,2,2,2,45,3,5,5,3,5,5,5,1,1,1,1,1,1,0,3,1,0,0,8,6,4,2,0,4,2,1,0,1,1,1,2,1,1,0,2024-01-08 02:31:49,0
966,965,990,969,12,10,24,4,3,5,3,3,30,3,17,17,7,2,2,2,2,2,2,2,2,2,0,6,0,1,0,0,0,4,2,0,0,0,0,0,0,0,0,0,0,0,1,2024-01-08 02:33:49,3
920,918,1082,726,6,5,12,2,3,2,3,3,30,4,9,9,3,1,1,1,1,1,1,1,1,1,1,2,1,1,0,8,6,4,2,0,0,2,0,0,1,1,1,2,1,1,1,2024-01-08 02:35:49,0
939,937,12,0,6,5,18,2,2,2,3,3,45,4,14,14,4,1,1,1,1,1,1,1,1,1,2,6,1,0,0,2,6,4,2,0,0,2,0,0,1,1,1,2,1,1,2,2024-01-08 02:37:49,4
912,909,16,0,0,0,19,0,11,13,11,11,15,11,6,6,13,0,0,0,0,0,0,0,0,0,1,3,1,2,0,0,0,4,2,0,0,0,1,0,0,0,0,0,0,0,0,2024-01-08 02:39:49,0
933,927,357,0,6,5,17,2,7,8,7,7,45,7,8,8,9,1,1,1,1,1,1,1,1,1,2,2,2,3,0,8,6,4,2,0,0,2,0,0,1,1,1,2,1,0,0,2024-01-08 02:41:49,0
964,958,19,0,18,15,21,9,9,7,9,9,30,9,11,11,10,6,6,6,3,3,6,3,3,3,1,4,2,1,0,0,0,4,2,0,0,0,0,0,0,0,0,0,0,1,1,2024-01-08 02:43:49,0
921,921,352,0,6,5,9,2,0,0,0,0,30,1,8,8,1,1,1,1,1,1,1,1,1,1,0,0,0,0,0,8,6,4,2,0,0,2,0,0,1,1,1,2,1,1,1,2024-01-08 02:45:49,0
932,929,875,858,0,0,18,0,6,3,6,6,45,5,15,15,3,0,0,0,0,0,0,0,0,0,0,1,0,0,0,7,6,4,2,0,0,2,0,0,1,1,1,2,1,0,2,2024-01-08 02:47:49,0
922,918,890,878,12,10,16,4,5,1,4,4,15,5,12,12,4,2,2,2,2,2,2,2,2,2,1,5,1,1,1,0,0,4,2,0,0,0,1,0,0,0,0,0,0,1,0,2024-01-08 02:49:49,5
924,924,1231,867,0,0,11,0,2,2,3,3,45,3,9,9,2,0,0,0,0,0,0,0,0,0,1,4,0,0,0,9,6,4,2,0,0,2,0,0,1,1,1,2,1,0,0,2024-01-08 02:51:49,0
947,946,863,853,0,0,9,0,4,4,3,3,30,3,5,5,4,0,0,0,0,0,0,0,0,0,2,0,1,0,0,0,0,4,2,0,0,0,0,0,0,0,0,0,0,0,1,2024-01-08 02:53:49,0
919,917,1185,826,6,5,16,2,2,3,2,2,30,3,12,12,4,1,1,1,1,1,1,1,1,1,1,2,0,0,0,5,6,4,2,0,0,2,0,0,1,1,1,2,1,1,1,2024-01-08 02:55:49,0
941,939,858,840,18,15,12,6,5,3,5,5,45,5,6,6,6,3,3,3,3,3,3,3,3,3,0,0,1,0,0,8,6,4,2,0,0,2,0,0,1,1,1,2,1,1,2,2024-01-08 02:57:49,1
910,905,860,848,6,5,11,2,9,7,8,8,15,9,3,3,8,1,1,1,1,1,1,1,1,1,0,0,0,2,1,0,0,4,2,0,0,0,1,0,0,0,0,0,0,1,0,2024-01-08 02:59:49,0
929,925,1194,835,6,5,11,2,2,2,2,2,45,3,8,8,3,5,5,5,1,1,1,1,1,1,1,4,0,0,0,7,6,4,2,0,4,2,0,0,1,1,1,2,1,1,0,2024-01-08 03:01:49,0
964,963,888,879,0,0,12,0,3,3,3,3,30,3,9,9,3,0,0,0,0,0,0,0,0,0,0,4,0,1,0,0,0,4,2,0,0,0,0,0,0,0,0,0,0,0,1,2024-01-08 03:03:49,0
908,904,1209,850,6,5,15,2,5,5,5,5,30,6,9,9,6,1,1,1,1,1,1,1,1,1,1,3,2,1,0,9,6,4,2,0,0,2,1,0,1,1,1,2,1,1,1,2024-01-08 03:05:49,0
945,942,865,841,12,10,15,4,3,3,3,3,30,4,10,10,5,2,2,2,2,2,2,2,2,2,1,2,2,1,0,0,0,4,2,0,0,0,0,0,0,0,0,0,0,1,2,2024-01-08 03:07:49,0
925,922,888,878,6,5,14,3,7,6,7,7,30,6,6,6,8,2,2,2,1,1,2,1,1,1,1,4,2,0,0,7,6,4,2,1,0,2,0,0,1,1,1,2,1,0,0,2024-01-08 03:09:49,0
928,926,1329,973,6,5,14,2,8,8,8,8,45,8,5,5,9,1,1,1,1,1,1,1,1,1,1,1,0,1,0,9,6,4,2,0,0,2,0,0,1,1,1,2,1,0,0,2024-01-08 03:11:49,0
952,946,967,957,12,10,9,4,3,2,2,2,30,3,5,5,4,5,5,5,2,2,2,2,2,2,0,0,1,1,1,0,0,4,2,0,3,0,0,0,0,0,0,0,0,1,1,2024-01-08 03:13:49,1
913,911,1056,704,6,5,12,2,6,4,5,5,30,5,7,7,5,1,1,1,1,1,1,1,1,1,0,2,1,0,1,7,6,4,2,0,0,2,0,0,1,1,1,2,1,0,1,2024-01-08 03:15:49,0
936,935,18,0,12,10,17,4,4,4,4,4,30,5,11,11,6,2,2,2,2,2,2,2,2,2,0,2,0,0,0,0,0,4,1,0,0,0,1,0,0,0,0,0,0,1,2,2024-01-08 03:17:49,0
925,924,13,0,6,5,13,2,6,7,6,6,30,7,5,5,8,1,1,1,1,1,1,1,1,1,0,1,0,1,0,7,6,4,2,0,0,2,0,0,1,1,1,2,1,1,0,2024-01-08 03:19:49,0
927,923,356,0,6,5,14,2,5,4,4,4,45,4,9,9,5,1,1,1,1,1,1,1,1,1,0,0,1,1,1,8,6,4,2,0,0,2,1,0,1,1,1,2,1,0,0,2024-01-08 03:21:49,1
943,941,11,0,10,8,11,6,2,2,2,2,30,2,7,7,4,4,5,4,2,2,4,2,2,2,1,1,1,1,0,0,0,4,2,0,0,0,0,0,0,0,0,0,0,0,1,2024-01-08 03:23:49,0
922,920,357,0,8,7,12,3,2,1,2,2,30,3,10,10,2,2,1,2,1,1,2,1,1,1,0,0,0,2,0,7,6,4,2,0,0,2,0,0,1,1,1,2,1,1,1,2024-01-08 03:25:49,0
943,943,866,857,8,6,8,3,1,1,1,1,30,2,5,5,3,1,1,1,2,2,1,2,2,2,0,1,0,0,0,0,0,4,2,0,0,0,0,0,0,0,0,0,0,1,2,2024-01-08 03:27:49,0
920,919,879,864,10,9,13,5,3,2,3,3,30,4,10,10,3,4,4,4,1,1,4,1,1,1,1,0,1,0,0,8,6,4,2,0,0,2,0,0,1,1,1,2,1,1,0,2024-01-08 03:29:49,0
937,929,1239,880,12,10,11,6,7,6,7,7,45,7,2,2,9,8,8,8,2,2,4,2,2,2,0,0,0,1,0,9,6,4,2,1,4,2,1,0,1,1,1,2,1,1,0,2024-01-08 03:31:49,0
937,937,858,847,0,0,12,0,0,0,0,0,30,0,12,12,0,0,0,0,0,0,0,0,0,0,0,1,0,0,0,0,0,4,2,0,0,0,0,0,0,0,0,0,0,0,1,2024-01-08 03:33:49,0
924,920,1191,831,12,10,15,4,6,3,5,5,30,6,10,10,5,2,2,2,2,2,2,2,2,2,0,2,0,1,1,2,6,4,2,0,0,2,0,0,1,1,1,2,1,1,1,2024-01-08 03:35:49,5
936,934,852,838,6,5,15,2,3,5,2,2,30,2,9,9,6,1,1,1,1,1,1,1,1,1,2,1,2,0,1,0,0,4,2,0,0,0,0,0,0,0,0,0,0,0,2,2024-01-08 03:37:49,1
916,916,861,851,12,10,10,4,3,4,3,3,30,4,4,4,6,2,2,2,2,2,2,2,2,2,0,1,1,0,0,9,6,4,2,0,0,2,0,0,1,1,1,2,1,1,0,2024-01-08 03:39:49,0
930,930,1184,834,0,0,8,0,1,2,1,1,45,1,6,6,2,0,0,0,0,0,0,0,0,0,1,0,1,0,0,8,6,4,2,0,0,2,0,0,1,1,1,2,1,0,0,2024-01-08 03:41:49,0
938,933,930,908,12,10,20,6,10,11,10,10,30,11,7,7,13,4,4,4,2,2,4,2,2,2,0,0,0,2,0,0,0,4,2,0,0,0,0,0,0,0,0,0,0,1,1,2024-01-08 03:43:49,4
931,929,1231,877,12,10,11,7,2,1,1,1,30,1,8,8,3,5,5,5,2,2,5,2,2,2,0,0,1,0,1,8,6,4,2,0,0,2,0,0,1,1,1,2,1,0,1,2024-01-08 03:45:49,1
941,937,841,823,12,10,17,4,4,1,1,1,30,2,14,14,3,2,2,2,2,2,2,2,2,2,0,0,1,0,3,0,0,4,2,0,0,0,0,0,0,0,0,0,0,1,2,2024-01-08 03:47:49,0
921,918,917,900,12,10,15,4,7,6,7,7,30,8,7,7,8,2,2,2,2,2,2,2,2,2,0,0,0,1,0,7,6,4,2,0,0,2,1,0,1,1,1,2,1,1,0,2024-01-08 03:49:49,0
925,924,1310,946,0,0,7,0,1,1,1,1,30,1,6,6,1,0,0,0,0,0,0,0,0,0,0,1,0,1,0,0,0,4,2,0,0,0,0,0,0,0,0,0,0,0,0,2024-01-08 03:51:49,0
934,933,977,965,6,5,8,3,1,1,1,1,45,1,6,6,2,2,2,2,1,1,2,1,1,1,0,1,0,1,0,4,6,4,2,0,0,2,0,0,1,1,1,2,1,0,1,2024-01-08 03:53:49,0
919,919,1026,666,12,10,16,6,2,2,2,2,30,3,12,12,4,4,4,4,2,2,4,2,2,2,0,2,0,0,0,8,6,4,2,0,0,2,0,0,1,1,1,2,1,1,1,2024-01-08 03:55:49,0
944,939,12,0,0,0,10,0,6,2,3,3,30,3,8,8,2,0,0,0,0,0,0,0,0,0,0,2,0,1,3,0,0,4,2,0,0,0,0,0,0,0,0,0,0,0,2,2024-01-08 03:57:49,0
920,916,11,0,12,10,7,4,4,2,4,4,30,5,3,3,4,2,2,2,2,2,2,2,2,2,0,0,0,2,0,9,6,4,2,0,0,2,0,0,1,1,1,2,1,1,0,2024-01-08 03:59:49,3
944,936,369,0,18,15,20,6,9,8,8,8,30,10,9,9,11,7,7,7,3,3,3,3,3,3,0,5,1,2,1,0,0,4,2,0,4,0,0,0,0,0,0,0,0,2,0,2024-01-08 04:01:49,1
944,940,13,0,6,5,12,3,6,5,5,5,45,5,6,6,6,2,2,2,1,1,2,1,1,1,1,1,1,1,1,8,6,4,2,0,0,2,0,0,1,1,1,2,1,0,1,2024-01-08 04:03:49,0
924,921,358,0,6,5,15,2,5,4,5,5,30,5,10,10,5,1,1,1,1,1,1,1,1,1,1,4,0,2,0,9,6,4,2,0,0,2,0,0,1,1,1,2,1,0,1,2024-01-08 04:05:49,0
952,948,886,859,24,20,20,8,6,6,6,6,30,7,10,10,10,4,4,4,4,4,4,4,4,4,3,2,1,1,0,0,0,4,2,0,0,0,0,0,0,0,0,0,0,1,2,2024-01-08 04:07:49,0
924,920,871,856,24,20,14,8,5,7,5,5,30,5,3,3,11,4,4,4,4,4,4,4,4,4,0,1,2,0,0,9,6,4,2,0,0,2,0,0,1,1,1,2,1,1,0,2024-01-08 04:09:49,1
917,917,1234,882,6,5,9,2,2,2,2,2,30,2,6,6,3,1,1,1,1,1,1,1,1,1,0,2,0,0,0,0,0,4,2,0,0,0,0,0,0,0,0,0,0,0,0,2024-01-08 04:11:49,0
953,952,854,845,6,5,9,2,1,1,1,1,45,2,7,7,2,1,1,1,1,1,1,1,1,1,0,2,0,1,0,4,6,4,2,0,0,2,0,0,1,1,1,2,1,1,1,2024-01-08 04:13:49,0
920,918,1187,836,6,5,9,3,3,2,3,3,30,3,6,6,3,2,2,2,1,1,2,1,1,1,0,1,0,2,0,8,6,4,2,0,0,2,0,0,1,1,1,2,1,0,1,2024-01-08 04:15:49,3
946,940,856,841,12,10,16,4,6,4,4,4,30,4,10,10,6,2,2,2,2,2,2,2,2,2,0,1,2,2,2,0,0,4,2,0,0,0,0,0,0,0,0,0,0,0,2,2024-01-08 04:17:49,1
920,916,853,846,6,5,6,2,4,1,3,3,30,3,4,4,2,1,1,1,1,1,1,1,1,1,0,0,0,1,1,8,6,4,2,0,0,2,0,0,1,1,1,2,1,1,0,2024-01-08 04:19:49,0
919,915,1186,829,6,5,15,2,4,4,4,4,30,5,10,10,5,1,1,1,1,1,1,1,1,1,0,1,0,2,0,0,0,4,2,0,0,0,0,0,0,0,0,0,0,1,0,2024-01-08 04:21:49,0
950,950,882,875,0,0,8,0,1,1,1,1,45,1,7,7,1,0,0,0,0,0,0,0,0,0,0,1,0,0,0,9,6,4,2,0,0,2,0,0,1,1,1,2,1,0,1,2024-01-08 04:23:49,0
917,916,1233,876,6,5,13,2,2,2,2,2,15,3,10,10,3,1,1,1,1,1,1,1,1,1,0,0,0,1,0,0,0,4,2,0,0,0,0,0,0,0,0,0,0,1,1,2024-01-08 04:25:49,0
929,929,842,837,0,0,6,0,0,0,0,0,45,0,6,6,0,0,0,0,0,0,0,0,0,0,0,2,0,0,0,9,6,4,2,0,0,2,0,0,1,1,1,2,1,0,2,2024-01-08 04:27:49,0
922,922,895,885,0,0,11,0,0,0,0,0,30,0,11,11,0,0,0,0,0,0,0,0,0,0,0,1,0,0,0,9,6,4,2,0,0,2,0,0,1,1,1,2,1,0,0,2024-01-08 04:29:49,0
920,915,1321,966,12,10,8,4,3,2,3,3,30,4,4,4,4,6,6,6,2,2,2,2,2,2,0,2,0,1,0,0,0,4,2,0,4,0,0,0,0,0,0,0,0,1,0,2024-01-08 04:31:49,3
962,959,994,975,18,15,20,6,4,3,3,3,45,5,14,14,6,3,3,3,3,3,3,3,3,3,1,3,1,0,1,7,6,4,2,0,0,2,1,0,1,1,1,2,1,2,1,2024-01-08 04:33:49,1
923,918,1039,679,6,5,19,2,9,9,9,9,15,10,9,9,10,1,1,1,1,1,1,1,1,1,0,2,0,3,0,0,0,4,2,0,0,0,1,0,0,0,0,0,0,1,1,2024-01-08 04:35:49,0
931,929,8,0,0,0,10,0,2,0,1,1,45,1,10,10,0,0,0,0,0,0,0,0,0,0,0,2,0,0,1,9,6,4,2,0,0,2,0,0,1,1,1,2,1,0,2,2024-01-08 04:37:49,0
914,913,4,0,0,0,5,0,2,1,2,2,30,1,4,4,1,0,0,0,0,0,0,0,0,0,0,1,0,1,0,7,6,4,2,0,0,2,0,0,1,1,1,2,1,0,0,2024-01-08 04:39:49,0
926,923,356,0,18,15,13,6,3,4,2,2,30,3,6,6,7,3,3,3,3,3,3,3,3,3,1,0,3,1,1,0,0,4,2,0,0,0,0,0,0,0,0,0,0,1,0,2024-01-08 04:41:49,1
946,946,7,0,0,0,8,0,0,0,0,0,45,0,8,8,0,0,0,0,0,0,0,0,0,0,0,1,0,0,0,7,6,4,2,0,0,2,0,0,1,1,1,2,1,0,1,2024-01-08 04:43:49,0
925,923,357,0,6,5,15,2,5,5,4,4,15,5,9,9,6,1,1,1,1,1,1,1,1,1,0,1,0,2,0,0,0,4,2,0,0,0,0,0,0,0,0,0,0,1,1,2024-01-08 04:45:49,0
936,935,867,849,12,10,17,4,1,1,2,2,45,3,14,14,3,2,2,2,2,2,2,2,2,2,0,0,0,1,0,9,6,4,2,0,0,2,0,0,1,1,1,2,1,1,2,2024-01-08 04:47:49,0
913,910,884,871,12,10,11,4,3,2,2,2,30,2,7,7,4,2,2,2,2,2,2,2,2,2,0,0,1,0,1,7,6,4,2,0,0,2,0,0,1,1,1,2,1,0,0,2024-01-08 04:49:49,0
920,918,1249,882,6,5,8,2,2,2,2,2,30,2,5,5,3,1,1,1,1,1,1,1,1,1,0,0,0,0,0,0,0,4,2,0,0,0,0,0,0,0,0,0,0,0,0,2024-01-08 04:51:49,0
961,961,847,839,6,5,6,2,1,0,1,1,45,2,5,5,1,1,1,1,1,1,1,1,1,1,0,0,0,0,0,9,6,4,2,0,0,2,0,0,1,1,1,2,1,1,1,2024-01-08 04:53:49,0
914,914,1179,824,0,0,14,0,1,1,1,1,15,1,13,13,1,0,0,0,0,0,0,0,0,0,0,3,0,0,0,0,0,4,1,0,0,0,0,0,0,0,0,0,0,0,1,2024-01-08 04:55:49,0
935,932,864,847,12,10,12,4,5,4,4,4,45,5,6,6,6,2,2,2,2,2,2,2,2,2,0,0,1,1,1,7,6,4,2,0,0,2,0,0,1,1,1,2,1,1,2,2024-01-08 04:57:49,1
921,920,866,856,12,10,10,4,3,4,3,3,15,4,4,4,6,2,2,2,2,2,2,2,2,2,2,1,1,1,0,0,0,4,2,0,0,0,0,0,0,0,0,0,0,1,0,2024-01-08 04:59:49,0
942,919,1142,784,0,0,10,0,3,2,3,3,45,3,8,8,2,20,20,20,0,0,0,0,0,0,1,4,1,1,0,7,6,4,2,0,20,2,0,0,1,1,1,2,1,0,0,2024-01-08 05:01:49,0
961,960,817,805,12,10,10,4,2,2,2,2,45,3,6,6,4,2,2,2,2,2,2,2,2,2,1,1,1,0,0,9,6,4,2,0,0,2,0,0,1,1,1,2,1,1,1,2024-01-08 05:03:49,1
906,904,1223,867,12,10,11,4,2,1,2,2,15,2,8,8,3,2,2,2,2,2,2,2,2,2,0,2,1,0,0,0,0,4,2,0,0,0,0,0,0,0,0,0,0,1,1,2024-01-08 05:05:49,1
958,955,873,854,6,5,12,2,3,2,2,2,45,3,9,9,3,1,1,1,1,1,1,1,1,1,0,1,0,0,1,8,6,4,2,0,0,2,0,0,1,1,1,2,1,1,2,2024-01-08 05:07:49,0
899,897,887,884,0,0,5,0,3,1,2,2,15,2,4,4,1,0,0,0,0,0,0,0,0,0,1,2,0,0,1,0,0,4,2,0,0,0,0,0,0,0,0,0,0,0,0,2024-01-08 05:09:49,0
932,932,1316,966,12,10,8,4,0,1,0,0,45,1,5,5,3,2,2,2,2,2,2,2,2,2,0,1,1,0,0,6,6,4,2,0,0,2,0,0,1,1,1,2,1,1,0,2024-01-08 05:11:49,0
953,952,960,952,0,0,10,0,3,3,3,3,45,3,7,7,3,0,0,0,0,0,0,0,0,0,0,2,0,1,0,8,6,4,2,0,0,2,0,0,1,1,1,2,1,0,1,2024-01-08 05:13:49,0
919,918,1160,807,12,10,9,5,2,2,2,2,15,3,5,5,4,3,3,3,2,2,3,2,2,2,0,0,0,1,0,0,0,4,2,0,0,0,0,0,0,0,0,0,0,1,1,2024-01-08 05:15:49,0
934,933,14,0,0,0,14,0,4,5,4,4,45,4,9,9,5,0,0,0,0,0,0,0,0,0,0,0,0,1,0,8,6,4,2,0,0,2,0,0,1,1,1,2,1,0,2,2024-01-08 05:17:49,0
894,894,6,0,6,5,5,2,0,0,0,0,15,1,4,4,1,1,1,1,1,1,1,1,1,1,0,0,0,0,0,0,0,4,2,0,0,0,0,0,0,0,0,0,0,1,0,2024-01-08 05:19:49,0
937,933,355,0,12,10,14,4,4,2,3,3,45,2,10,10,4,2,2,2,2,2,2,2,2,2,0,1,2,0,1,9,6,4,2,0,0,2,0,0,1,1,1,2,1,0,0,2024-01-08 05:21:49,1
954,950,14,0,6,5,16,2,9,6,9,9,45,7,7,7,9,1,1,1,1,1,1,1,1,1,0,1,0,4,1,7,6,4,2,2,0,2,0,0,1,1,1,2,1,1,1,2024-01-08 05:23:49,6
914,912,353,0,0,0,11,0,3,0,3,3,15,3,11,11,0,0,0,0,0,0,0,0,0,0,0,1,0,2,1,0,0,4,2,0,0,0,0,0,0,0,0,0,0,0,1,2024-01-08 05:25:49,4
941,941,865,858,6,5,6,2,0,0,0,0,45,1,5,5,1,1,1,1,1,1,1,1,1,1,0,1,0,0,0,8,6,4,2,0,0,2,0,0,1,1,1,2,1,1,2,2024-01-08 05:27:49,0
915,912,884,868,6,5,13,2,3,2,2,2,15,2,10,10,3,1,1,1,1,1,1,1,1,1,0,0,1,1,1,0,0,4,2,0,0,0,0,0,0,0,0,0,0,0,0,2024-01-08 05:29:49,1
931,926,1247,892,6,5,6,2,1,1,1,1,45,2,4,4,2,5,5,5,1,1,1,1,1,1,0,2,1,0,0,5,6,4,2,0,4,2,0,0,1,1,1,2,1,1,0,2024-01-08 05:31:49,0
944,943,867,850,0,0,16,0,3,3,3,3,45,3,13,13,3,0,0,0,0,0,0,0,0,0,0,2,1,0,0,7,6,4,2,0,0,2,0,0,1,1,1,2,1,0,1,2024-01-08 05:33:49,0
931,930,1196,841,12,10,15,4,2,2,2,2,15,4,11,11,4,2,2,2,2,2,2,2,2,2,0,4,0,1,0,0,0,4,2,0,0,0,0,0,0,0,0,0,0,2,1,2024-01-08 05:35:49,0
925,923,848,836,6,5,15,2,4,3,3,3,45,3,11,11,4,1,1,1,1,1,1,1,1,1,0,3,1,0,1,8,6,4,2,0,0,2,0,0,1,1,1,2,1,0,2,2024-01-08 05:37:49,1
922,921,867,853,12,10,14,6,7,7,7,7,15,8,5,5,9,4,4,4,2,2,4,2,2,2,0,2,0,1,0,0,0,4,2,0,0,0,0,0,0,0,0,0,0,1,0,2024-01-08 05:39:49,0
927,926,1173,820,6,5,11,2,3,3,3,3,45,4,7,7,4,1,1,1,1,1,1,1,1,1,1,1,1,0,0,8,6,4,2,0,0,2,0,0,1,1,1,2,1,1,0,2024-01-08 05:41:49,0
955,954,913,902,6,5,11,2,3,3,3,3,30,3,7,7,4,1,1,1,1,1,1,1,1,1,0,0,1,1,0,0,0,4,2,0,0,0,0,0,0,0,0,0,0,0,1,2024-01-08 05:43:49,0
914,914,1231,879,6,5,9,2,0,0,0,0,30,1,8,8,1,1,1,1,1,1,1,1,1,1,0,0,0,0,0,9,6,4,2,0,0,2,0,0,1,1,1,2,1,1,1,2024-01-08 05:45:49,0
924,923,837,820,0,0,19,0,4,3,4,4,45,4,16,16,3,0,0,0,0,0,0,0,0,0,0,2,0,1,0,7,6,4,2,0,0,2,0,0,1,1,1,2,1,0,2,2024-01-08 05:47:49,0
909,908,904,895,0,0,9,0,1,1,1,1,15,1,8,8,1,0,0,0,0,0,0,0,0,0,1,1,0,0,0,0,0,4,2,0,0,0,0,0,0,0,0,0,0,0,0,2024-01-08 05:49:49,0
933,930,1348,981,12,10,11,4,3,2,2,2,45,3,7,7,4,2,2,2,2,2,2,2,2,2,0,2,2,0,1,9,6,4,2,0,0,2,0,0,1,1,1,2,1,1,0,2024-01-08 05:51:49,0
960,958,965,954,12,10,9,4,3,2,2,2,30,3,5,5,4,2,2,2,2,2,2,2,2,2,0,0,1,0,1,0,0,4,2,0,0,0,0,0,0,0,0,0,0,1,1,2024-01-08 05:53:49,1
922,920,998,638,6,5,20,8,6,5,6,6,30,5,13,13,7,7,7,7,1,1,7,1,1,1,0,3,0,2,0,9,6,4,2,1,0,2,0,0,1,1,1,2,1,0,1,2024-01-08 05:55:49,0
957,947,35,0,64,53,33,23,15,12,15,15,45,14,8,8,25,12,12,12,11,11,12,11,11,11,0,2,0,4,0,8,6,4,2,2,0,2,0,0,1,1,1,2,1,1,2,2024-01-08 05:57:49,4
925,920,16,0,2,2,7,1,6,2,3,3,15,3,5,5,2,1,1,1,0,0,1,0,0,0,0,2,0,1,3,0,0,4,2,0,0,0,0,0,0,0,0,0,0,0,0,2024-01-08 05:59:49,1
944,938,370,0,24,20,25,15,2,1,1,1,45,1,20,20,5,15,15,15,4,4,11,4,4,4,0,7,1,0,1,8,6,4,2,0,4,2,0,0,1,1,1,2,1,0,0,2024-01-08 06:01:49,1
963,960,44,0,12,10,45,4,4,4,4,4,30,5,39,39,6,2,2,2,2,2,2,2,2,2,1,3,1,2,0,0,0,4,2,0,0,0,0,0,0,0,0,0,0,1,1,2024-01-08 06:03:49,0
918,915,359,0,6,5,14,2,3,2,3,3,30,4,11,11,3,1,1,1,1,1,1,1,1,1,1,3,1,0,0,8,6,4,2,0,0,2,0,0,1,1,1,2,1,1,1,2024-01-08 06:05:49,0
936,933,896,869,18,15,20,6,4,6,4,4,45,6,11,11,9,3,3,3,3,3,3,3,3,3,2,3,2,0,0,7,6,4,2,0,0,2,0,0,1,1,1,2,1,2,2,2024-01-08 06:07:49,0
918,916,871,868,0,0,4,0,6,1,6,6,15,6,3,3,1,0,0,0,0,0,0,0,0,0,1,1,1,1,0,0,0,4,2,0,0,0,0,0,0,0,0,0,0,0,0,2024-01-08 06:09:49,0
927,926,1226,872,2,2,14,1,5,5,5,5,45,3,7,7,7,1,1,1,0,0,1,0,0,0,0,3,0,1,0,9,6,4,2,2,0,2,0,0,1,1,1,2,1,0,0,2024-01-08 06:11:49,1
952,951,858,849,6,5,9,2,2,2,2,2,30,2,6,6,3,1,1,1,1,1,1,1,1,1,0,0,1,1,1,0,0,4,2,0,0,0,0,0,0,0,0,0,0,0,1,2024-01-08 06:13:49,1
900,899,1189,837,6,5,9,2,2,3,2,2,30,3,5,5,4,1,1,1,1,1,1,1,1,1,1,0,1,0,0,8,6,4,2,0,0,2,1,0,1,1,1,2,1,1,1,2024-01-08 06:15:49,0
947,939,853,839,6,5,16,2,9,4,6,6,30,6,11,11,5,1,1,1,1,1,1,1,1,1,0,2,1,1,3,0,0,4,2,0,0,0,1,0,0,0,0,0,0,0,2,2024-01-08 06:17:49,1
921,918,868,853,12,10,13,4,7,7,7,7,30,9,4,4,9,2,2,2,2,2,2,2,2,2,0,0,0,2,0,9,6,4,2,0,0,2,1,0,1,1,1,2,1,2,0,2024-01-08 06:19:49,0
925,923,1195,839,0,0,16,0,5,5,5,5,45,5,11,11,5,0,0,0,0,0,0,0,0,0,0,2,0,1,0,8,6,4,2,0,0,2,0,0,1,1,1,2,1,0,0,2024-01-08 06:21:49,0
952,946,911,898,6,5,14,2,7,6,6,6,30,6,7,7,7,1,1,1,1,1,1,1,1,1,0,1,1,3,1,0,0,4,2,0,0,0,1,0,0,0,0,0,0,0,1,2024-01-08 06:23:49,0
922,919,1238,879,12,10,16,4,4,3,3,3,30,4,11,11,5,2,2,2,2,2,2,2,2,2,1,1,2,0,1,7,6,4,2,0,0,2,0,0,1,1,1,2,1,1,1,2024-01-08 06:25:49,1
940,939,840,828,6,5,14,2,5,4,5,5,30,6,9,9,5,1,1,1,1,1,1,1,1,1,0,4,0,1,0,0,0,4,2,0,0,0,0,0,0,0,0,0,0,1,2,2024-01-08 06:27:49,0
917,914,915,898,0,0,17,0,7,7,7,7,30,7,10,10,7,0,0,0,0,0,0,0,0,0,2,0,0,3,0,9,6,4,2,0,0,2,0,0,1,1,1,2,1,0,0,2024-01-08 06:29:49,0
932,924,1335,980,6,5,9,2,5,4,4,4,45,5,4,4,5,5,5,5,1,1,1,1,1,1,0,2,0,2,1,8,6,4,2,0,4,2,0,0,1,1,1,2,1,1,0,2024-01-08 06:31:49,0
946,942,970,953,0,0,18,0,7,6,6,6,30,6,12,12,6,0,0,0,0,0,0,0,0,0,1,1,1,1,1,0,0,4,2,0,0,0,0,0,0,0,0,0,0,0,1,2024-01-08 06:33:49,0
915,913,983,625,6,5,15,2,6,6,6,6,30,6,8,8,7,1,1,1,1,1,1,1,1,1,1,1,1,0,0,7,6,4,2,0,0,2,0,0,1,1,1,2,1,0,1,2024-01-08 06:35:49,0
933,929,17,0,6,5,19,2,8,7,8,8,30,8,11,11,8,1,1,1,1,1,1,1,1,1,0,3,0,4,0,0,0,4,1,0,0,0,0,0,0,0,0,0,0,1,2,2024-01-08 06:37:49,2
936,934,11,0,12,10,11,4,4,4,4,4,30,6,5,5,6,2,2,2,2,2,2,2,2,2,1,2,1,1,0,8,6,4,2,0,0,2,0,0,1,1,1,2,1,2,0,2024-01-08 06:39:49,0
930,926,355,0,6,5,15,2,7,6,6,6,45,6,8,8,7,1,1,1,1,1,1,1,1,1,1,2,1,2,1,6,6,4,2,0,0,2,0,0,1,1,1,2,1,0,0,2024-01-08 06:41:49,1
922,921,10,0,6,5,9,2,2,1,2,2,30,3,7,7,2,1,1,1,1,1,1,1,1,1,0,0,0,0,0,0,0,4,2,0,0,0,1,0,0,0,0,0,0,1,1,2024-01-08 06:43:49,0
935,932,367,0,12,10,22,7,10,11,10,10,30,10,9,9,13,5,5,5,2,2,5,2,2,2,1,1,2,1,0,8,6,4,2,0,0,2,1,0,1,1,1,2,1,0,1,2024-01-08 06:45:49,0
948,944,882,858,6,5,25,2,8,8,7,7,30,8,16,16,9,1,1,1,1,1,1,1,1,1,0,2,0,2,1,0,0,4,2,0,0,0,0,0,0,0,0,0,0,1,2,2024-01-08 06:47:49,0
920,918,885,870,12,10,13,4,5,3,4,4,30,5,8,8,5,2,2,2,2,2,2,2,2,2,1,0,1,0,1,7,6,4,2,0,0,2,0,0,1,1,1,2,1,1,0,2024-01-08 06:49:49,1
929,927,1241,873,0,0,15,0,6,6,6,6,45,6,9,9,6,0,0,0,0,0,0,0,0,0,0,4,0,1,0,7,6,4,2,0,0,2,1,0,1,1,1,2,1,0,0,2024-01-08 06:51:49,0
952,950,847,836,0,0,10,0,3,5,3,3,30,3,5,5,5,0,0,0,0,0,0,0,0,0,0,0,0,1,0,0,0,4,2,0,0,0,1,0,0,0,0,0,0,0,1,2024-01-08 06:53:49,0
909,906,1188,822,12,10,20,4,5,6,5,5,30,6,12,12,8,2,2,2,2,2,2,2,2,2,1,2,1,1,0,7,6,4,2,0,0,2,1,0,1,1,1,2,1,1,1,2024-01-08 06:55:49,0
948,944,840,824,12,10,17,4,6,4,5,5,30,5,11,11,6,2,2,2,2,2,2,2,2,2,0,5,1,2,1,0,0,4,2,0,0,0,0,0,0,0,0,0,0,0,2,2024-01-08 06:57:49,1
916,916,874,866,6,5,6,2,2,2,2,2,30,3,3,3,3,1,1,1,1,1,1,1,1,1,0,0,0,0,0,3,6,4,2,0,0,2,0,0,1,1,1,2,1,1,0,2024-01-08 06:59:49,0
937,930,1203,844,6,5,12,2,5,2,5,5,30,5,9,9,3,5,5,5,1,1,1,1,1,1,0,5,0,0,0,0,0,4,2,0,4,0,0,0,0,0,0,0,0,1,0,2024-01-08 07:01:49,0
957,953,902,890,0,0,13,0,6,6,6,6,45,6,7,7,6,0,0,0,0,0,0,0,0,0,1,2,0,3,0,5,6,4,2,0,0,2,0,0,1,1,1,2,1,0,1,2024-01-08 07:03:49,0
909,904,1223,861,6,5,14,2,5,5,5,5,30,6,8,8,6,1,1,1,1,1,1,1,1,1,2,2,1,3,0,8,6,4,2,0,0,2,0,0,1,1,1,2,1,1,1,2024-01-08 07:05:49,0
939,937,841,823,0,0,14,0,3,3,3,3,30,3,11,11,3,0,0,0,0,0,0,0,0,0,1,3,0,2,0,0,0,4,2,0,0,0,0,0,0,0,0,0,0,0,2,2024-01-08 07:07:49,0
924,919,898,887,6,5,13,3,6,8,6,6,30,6,4,4,9,2,2,2,1,1,2,1,1,1,2,2,1,2,0,8,6,4,2,0,0,2,1,0,1,1,1,2,1,0,0,2024-01-08 07:09:49,0
941,934,1319,960,24,20,16,8,8,5,8,8,30,10,6,6,10,4,4,4,4,4,4,4,4,4,0,2,0,5,0,0,0,4,2,1,0,0,1,0,0,0,0,0,0,3,0,2024-01-08 07:11:49,3
960,953,992,968,6,5,24,2,16,17,15,15,45,15,6,6,18,1,1,1,1,1,1,1,1,1,1,1,2,2,1,9,6,4,2,0,0,2,2,0,1,1,1,2,1,0,1,2024-01-08 07:13:49,1
909,904,1060,705,6,5,13,2,7,7,7,7,30,7,5,5,8,1,1,1,1,1,1,1,1,1,1,0,1,3,0,8,6,4,2,0,0,2,1,0,1,1,1,2,1,0,1,2024-01-08 07:15:49,0
949,943,30,0,12,10,32,4,15,16,15,15,30,16,14,14,18,2,2,2,2,2,2,2,2,2,4,3,1,4,0,0,0,4,2,0,0,0,0,0,0,0,0,0,0,1,2,2024-01-08 07:17:49,0
914,911,7,0,0,0,8,0,4,2,5,5,30,3,6,6,2,0,0,0,0,0,0,0,0,0,1,2,0,1,0,8,6,4,2,0,0,2,0,0,1,1,1,2,1,0,0,2024-01-08 07:19:49,1
928,925,358,0,6,5,20,2,6,6,6,6,30,5,13,13,7,1,1,1,1,1,1,1,1,1,0,4,1,1,0,0,0,4,2,0,0,0,0,0,0,0,0,0,0,0,0,2024-01-08 07:21:49,1
967,966,19,0,24,20,19,11,7,7,7,7,45,9,8,8,11,7,7,7,4,4,7,4,4,4,0,2,0,1,0,9,6,4,2,0,0,2,0,0,1,1,1,2,1,2,1,2024-01-08 07:23:49,0
916,915,364,0,18,15,23,6,4,6,4,4,30,4,14,14,9,3,3,3,3,3,3,3,3,3,2,4,1,1,0,9,6,4,2,0,0,2,0,0,1,1,1,2,1,0,1,2024-01-08 07:25:49,0
939,935,869,860,0,0,11,0,8,4,7,7,30,7,7,7,4,0,0,0,0,0,0,0,0,0,0,3,0,2,1,0,0,4,2,0,0,0,0,0,0,0,0,0,0,0,2,2024-01-08 07:27:49,0
933,931,885,868,12,10,16,6,3,3,3,3,30,4,11,11,5,4,4,4,2,2,4,2,2,2,1,1,0,2,0,7,6,4,2,0,0,2,0,0,1,1,1,2,1,1,0,2024-01-08 07:29:49,0
937,929,1236,880,6,5,10,4,5,5,5,5,30,4,4,4,6,7,7,7,1,1,3,1,1,1,1,2,1,3,0,0,0,4,2,0,4,0,0,0,0,0,0,0,0,0,0,2024-01-08 07:31:49,0
957,954,869,853,0,0,20,0,6,5,6,6,45,6,15,15,5,0,0,0,0,0,0,0,0,0,2,4,0,1,0,7,6,4,2,0,0,2,0,0,1,1,1,2,1,0,1,2024-01-08 07:33:49,0
906,901,1208,848,12,10,19,4,7,7,7,7,15,9,10,10,9,2,2,2,2,2,2,2,2,2,4,3,2,2,0,0,0,4,2,0,0,0,1,0,0,0,0,0,0,2,1,2024-01-08 07:35:49,0
956,948,863,838,12,10,27,4,15,14,15,15,45,14,11,11,16,2,2,2,2,2,2,2,2,2,0,3,1,6,0,8,6,4,2,0,0,2,0,0,1,1,1,2,1,0,2,2024-01-08 07:37:49,3
920,917,866,855,6,5,12,2,7,6,7,7,30,7,4,4,8,1,1,1,1,1,1,1,1,1,4,1,3,0,0,9,6,4,2,1,0,2,0,0,1,1,1,2,1,1,0,2024-01-08 07:39:49,0
924,924,1190,841,0,0,8,0,1,1,1,1,30,1,7,7,1,0,0,0,0,0,0,0,0,0,0,1,0,0,0,0,0,4,2,0,0,0,0,0,0,0,0,0,0,0,0,2024-01-08 07:41:49,0
969,957,920,898,12,10,21,6,16,11,12,12,45,13,8,8,13,4,4,4,2,2,4,2,2,2,0,1,3,2,4,9,6,4,2,0,0,2,1,0,1,1,1,2,1,1,1,2024-01-08 07:43:49,0
917,913,1218,859,24,20,15,11,4,2,3,3,15,5,9,9,6,7,7,7,4,4,7,4,4,4,0,1,1,1,1,0,0,4,2,0,0,0,1,0,0,0,0,0,0,2,1,2024-01-08 07:45:49,1
948,943,852,827,12,10,29,4,11,9,10,10,45,8,18,18,11,2,2,2,2,2,2,2,2,2,1,4,2,0,2,5,6,4,2,0,0,2,0,0,1,1,1,2,1,0,2,2024-01-08 07:47:49,1
920,918,894,879,6,5,16,2,9,6,9,9,30,8,9,9,7,1,1,1,1,1,1,1,1,1,3,2,1,1,0,9,6,4,2,0,0,2,0,0,1,1,1,2,1,0,0,2024-01-08 07:49:49,0
937,928,1356,975,12,10,23,4,14,15,14,14,30,15,6,6,17,2,2,2,2,2,2,2,2,2,1,1,1,6,0,0,0,4,2,0,0,0,2,0,0,0,0,0,0,1,0,2024-01-08 07:51:49,0
966,959,997,979,18,15,19,7,13,9,9,9,45,9,7,7,12,4,4,4,3,3,4,3,3,3,0,2,2,1,4,9,6,4,2,0,0,2,0,0,1,1,1,2,1,0,1,2024-01-08 07:53:49,1
913,910,991,627,6,5,22,4,7,8,7,7,15,7,13,13,9,3,3,3,1,1,3,1,1,1,1,3,1,2,0,0,0,4,2,0,0,0,0,0,0,0,0,0,0,0,1,2024-01-08 07:55:49,0
932,928,30,0,18,15,25,6,12,14,12,12,45,14,8,8,17,3,3,3,3,3,3,3,3,3,1,2,2,3,0,8,6,4,2,0,0,2,0,0,1,1,1,2,1,2,2,2024-01-08 07:57:49,0
928,927,9,0,0,0,9,0,5,6,5,5,30,5,3,3,6,0,0,0,0,0,0,0,0,0,1,0,0,1,0,8,6,4,2,0,0,2,0,0,1,1,1,2,1,0,0,2024-01-08 07:59:49,0
1202,1182,654,2,580,483,217,260,60,77,60,60,30,59,42,42,175,167,167,167,97,97,163,97,97,97,72,8,0,16,1,0,0,4,2,1,4,0,0,0,0,0,0,0,0,0,0,2024-01-08 08:01:49,56
956,948,21,0,12,10,32,3,14,12,15,15,45,12,17,17,15,2,2,2,2,2,2,2,2,2,2,11,1,4,0,1,6,4,2,1,0,2,0,0,1,1,1,2,1,0,1,2024-01-08 08:03:49,3
945,938,359,0,8,7,30,5,11,7,12,12,15,11,18,18,12,3,3,3,1,1,3,1,1,1,7,10,0,1,1,0,0,4,2,1,0,0,2,1,0,0,0,0,0,0,1,2024-01-08 08:05:49,9
946,936,881,856,12,10,22,4,13,7,10,10,45,10,13,13,9,2,2,2,2,2,2,2,2,2,0,5,2,2,3,8,6,4,2,0,0,2,1,0,1,1,1,2,1,0,2,2024-01-08 08:07:49,1
939,934,876,855,24,20,17,8,7,6,7,7,30,9,7,7,10,4,4,4,4,4,4,4,4,4,2,5,3,2,0,9,6,4,2,0,0,2,0,0,1,1,1,2,1,2,0,2024-01-08 08:09:49,4
914,908,1251,895,0,0,15,0,9,7,6,6,30,6,8,8,7,0,0,0,0,0,0,0,0,0,0,2,0,2,3,0,0,4,2,0,0,0,0,0,0,0,0,0,0,0,0,2024-01-08 08:11:49,0
979,975,867,847,36,30,26,13,8,5,8,8,45,7,12,12,14,7,7,7,6,6,7,6,6,6,2,5,1,0,1,9,6,4,2,2,0,2,1,0,1,1,1,2,1,1,1,2024-01-08 08:13:49,4
923,917,1192,834,6,5,20,3,10,10,10,10,15,10,9,9,11,2,2,2,1,1,2,1,1,1,1,4,1,3,0,0,0,4,2,0,0,0,2,0,0,0,0,0,0,0,1,2024-01-08 08:15:49,0
948,945,837,816,12,10,23,4,5,6,4,4,45,4,15,15,8,2,2,2,2,2,2,2,2,2,1,3,3,0,1,8,6,4,2,0,0,2,0,1,1,1,1,2,1,0,2,2024-01-08 08:17:49,1
907,902,866,848,18,15,17,6,10,9,10,10,15,11,5,5,12,3,3,3,3,3,3,3,3,3,1,0,1,2,0,0,0,4,1,0,0,0,2,0,0,0,0,0,0,1,0,2024-01-08 08:19:49,0
938,930,1222,838,12,10,44,4,12,11,11,11,45,12,31,31,13,2,2,2,2,2,2,2,2,2,5,3,2,2,1,7,6,4,2,0,0,2,0,0,1,1,1,2,1,1,0,2024-01-08 08:21:49,0
948,943,890,870,6,5,22,2,8,8,8,8,45,8,13,13,9,1,1,1,1,1,1,1,1,1,3,2,2,1,0,8,6,4,2,0,0,2,1,0,1,1,1,2,1,0,1,2024-01-08 08:23:49,0
932,927,1226,866,18,15,20,6,7,4,5,5,15,4,12,12,8,3,3,3,3,3,3,3,3,3,3,1,2,0,2,0,0,4,2,1,0,0,0,0,0,0,0,0,0,0,1,2024-01-08 08:25:49,0
934,930,860,844,6,5,15,2,5,6,5,5,45,5,8,8,7,1,1,1,1,1,1,1,1,1,2,3,2,3,0,9,6,4,2,0,0,2,0,0,1,1,1,2,1,0,2,2024-01-08 08:27:49,0
925,914,903,884,0,0,19,0,25,9,25,25,15,25,10,10,9,0,0,0,0,0,0,0,0,0,2,0,1,3,0,0,0,4,2,0,0,0,0,0,0,0,0,0,0,0,0,2024-01-08 08:29:49,0
932,924,1330,958,16,13,24,5,17,18,16,16,45,18,3,3,21,6,6,7,3,3,3,3,3,3,1,1,2,2,0,9,6,4,2,0,4,2,0,0,1,1,1,2,1,2,0,2024-01-08 08:31:49,0
968,962,1011,989,8,7,22,3,10,8,10,10,45,10,13,13,9,2,2,1,1,1,1,1,1,1,0,2,3,2,1,7,6,4,2,0,0,2,0,0,1,1,1,2,1,0,1,2024-01-08 08:33:49,1
916,910,1047,687,0,0,19,0,14,11,13,13,15,13,8,8,11,0,0,0,0,0,0,0,0,0,0,1,0,3,1,0,0,4,2,0,0,0,0,0,0,0,0,0,0,0,1,2024-01-08 08:35:49,0
922,914,20,0,12,10,26,4,11,9,10,10,45,9,14,14,12,2,2,2,2,2,2,2,2,2,3,5,3,3,1,8,6,4,2,1,0,2,0,0,1,1,1,2,1,0,2,2024-01-08 08:37:49,1
930,929,8,0,0,0,11,0,5,5,5,5,15,5,6,6,5,0,0,0,0,0,0,0,0,0,2,3,0,1,0,0,0,4,2,0,0,0,0,0,0,0,0,0,0,0,0,2024-01-08 08:39:49,0
936,923,363,0,6,5,22,2,16,13,12,12,45,12,8,8,14,1,1,1,1,1,1,1,1,1,4,1,5,2,4,8,6,4,2,0,0,2,3,0,1,1,1,2,1,0,0,2024-01-08 08:41:49,1
965,960,23,0,18,15,23,6,11,10,11,11,45,13,10,10,13,3,3,3,3,3,3,3,3,3,3,2,1,3,0,9,6,4,2,0,0,2,0,1,1,1,1,2,1,2,1,2024-01-08 08:43:49,0
901,896,362,0,6,5,19,2,7,8,7,7,15,8,10,10,9,1,1,1,1,1,1,1,1,1,3,0,1,3,0,0,0,4,2,0,0,0,0,1,0,0,0,0,0,1,1,2024-01-08 08:45:49,0
949,945,884,861,0,0,25,0,8,7,7,7,45,7,18,18,7,0,0,0,0,0,0,0,0,0,0,2,1,1,1,9,6,4,2,0,0,2,0,0,1,1,1,2,1,0,2,2024-01-08 08:47:49,0
942,932,876,854,24,20,30,8,13,9,9,9,15,8,16,16,14,4,4,4,4,4,4,4,4,4,2,11,4,1,4,0,0,4,2,1,0,0,0,3,0,0,0,0,0,0,0,2024-01-08 08:49:49,3
935,929,1255,869,12,10,32,4,11,11,11,11,45,11,19,19,13,2,2,2,2,2,2,2,2,2,4,5,0,3,0,8,6,4,2,0,0,2,2,0,1,1,1,2,1,0,0,2024-01-08 08:51:49,0
963,954,879,858,12,10,18,4,10,9,9,9,30,11,7,7,11,6,6,6,2,2,2,2,2,2,2,0,2,2,1,0,0,4,2,0,4,0,0,0,0,0,0,0,0,2,1,2024-01-08 08:53:49,0
914,908,1181,812,0,0,26,0,13,13,12,12,30,12,13,13,13,0,0,0,0,0,0,0,0,0,3,1,1,3,1,4,6,4,2,0,0,2,0,0,1,1,1,2,1,0,1,2024-01-08 08:55:49,0
959,946,862,825,18,15,32,14,22,19,20,20,45,20,10,10,22,11,11,11,3,3,11,3,3,3,6,2,3,6,2,8,6,4,2,0,0,2,0,0,1,1,1,2,1,0,2,2024-01-08 08:57:49,1
920,917,877,861,12,10,16,4,8,8,8,8,15,8,6,6,10,2,2,2,2,2,2,2,2,2,4,0,1,1,0,0,0,4,2,0,0,0,1,0,0,0,0,0,0,0,0,2024-01-08 08:59:49,3
1439,1411,1647,834,1168,973,399,460,29,22,26,26,45,23,177,177,222,269,269,269,195,195,265,195,195,195,10,20,7,5,7,7,6,4,2,3,4,2,2,4,1,1,1,2,1,0,0,2024-01-08 09:01:49,129
1007,999,925,877,128,107,48,56,13,17,13,13,30,13,10,10,38,35,35,35,21,21,35,21,21,21,11,2,3,3,0,0,0,4,2,0,0,0,1,0,0,0,0,0,0,0,1,2024-01-08 09:03:49,21
942,927,1228,852,24,20,39,8,18,15,18,18,30,17,18,18,21,4,4,4,4,4,4,4,4,4,6,7,6,4,1,6,6,4,2,1,0,2,0,0,1,1,1,2,1,2,1,2024-01-08 09:05:49,3
974,952,892,833,30,25,60,11,38,29,34,34,45,34,25,25,34,6,6,6,5,5,6,5,5,5,3,8,6,6,4,8,6,4,3,0,0,2,4,0,1,1,1,2,1,0,2,2024-01-08 09:07:49,2
928,919,881,866,0,0,18,0,17,11,17,17,15,17,7,7,11,0,0,0,0,0,0,0,0,0,4,3,2,6,0,0,0,4,4,0,0,0,0,0,0,0,0,0,0,0,0,2024-01-08 09:09:49,3
938,927,1332,965,6,5,26,2,13,13,11,11,45,11,12,12,14,1,1,1,1,1,1,1,1,1,4,4,6,1,2,9,6,4,3,0,0,2,2,0,1,1,1,2,1,0,0,2024-01-08 09:11:49,10
979,957,1013,976,18,15,38,6,28,22,24,24,30,23,12,12,26,3,3,3,3,3,3,3,3,3,5,1,12,6,4,0,0,4,2,1,0,0,0,0,0,0,0,0,0,0,1,2024-01-08 09:13:49,1
932,911,1152,744,22,18,68,8,43,43,40,40,30,39,19,19,49,4,4,4,4,4,4,4,4,4,26,1,2,6,3,9,6,4,2,2,0,2,1,1,1,1,1,2,1,1,1,2024-01-08 09:15:49,0
962,947,40,0,44,37,42,15,19,16,14,14,45,16,19,19,23,8,8,8,7,7,8,7,7,7,9,5,9,1,5,8,6,4,2,0,0,2,0,0,1,1,1,2,1,2,2,2024-01-08 09:17:49,0
934,919,48,0,6,5,49,2,35,26,33,33,15,32,21,21,28,1,1,1,1,1,1,1,1,1,9,0,4,6,1,0,0,4,2,1,0,0,1,1,0,0,0,0,0,0,0,2024-01-08 09:19:49,0
961,943,384,0,6,5,60,2,25,19,25,25,45,24,35,35,25,2,2,2,1,1,1,1,1,1,15,14,4,5,2,9,6,4,2,1,1,2,2,0,1,1,1,2,1,0,0,2024-01-08 09:21:49,14
938,929,32,0,6,5,32,2,16,16,16,16,30,16,15,15,17,1,1,1,1,1,1,1,1,1,4,1,3,6,0,0,0,4,2,0,0,0,0,0,0,0,0,0,0,0,1,2024-01-08 09:23:49,0
952,941,379,0,12,10,43,4,20,16,19,19,30,16,24,24,19,2,2,2,2,2,2,2,2,2,7,5,4,1,2,7,6,4,2,1,0,2,2,0,1,1,1,2,1,0,1,2024-01-08 09:25:49,2
987,969,909,862,30,25,47,11,27,25,23,23,45,23,17,17,30,6,6,6,5,5,6,5,5,5,10,2,9,2,4,4,6,4,2,0,0,2,1,0,1,1,1,2,1,1,2,2024-01-08 09:27:49,0
944,930,891,848,24,20,46,8,20,19,19,19,15,20,22,22,24,4,4,4,4,4,4,4,4,4,4,4,8,4,1,0,0,4,2,0,0,0,2,0,0,0,0,0,0,1,0,2024-01-08 09:29:49,2
1023,993,1268,873,24,20,103,8,31,23,26,26,45,25,76,76,27,8,8,8,4,4,4,4,4,4,9,55,8,6,5,8,6,4,2,0,4,2,1,1,1,1,1,2,1,0,0,2024-01-08 09:31:49,1
1039,1026,869,834,26,21,119,8,15,12,13,13,30,13,104,104,17,5,5,5,5,5,4,4,4,4,4,86,2,3,2,0,0,4,2,0,1,0,0,0,0,0,0,0,0,0,1,2024-01-08 09:33:49,0
934,920,1211,833,16,14,44,6,18,15,13,13,30,13,25,25,17,3,3,3,2,2,3,3,3,3,6,6,5,3,4,9,6,4,2,0,0,2,0,1,1,1,1,2,1,0,1,2024-01-08 09:35:49,0
964,946,899,848,30,25,57,11,23,20,18,18,30,17,31,31,26,6,6,6,5,5,6,5,5,5,3,5,12,0,6,0,0,4,2,1,0,0,2,0,0,0,0,0,0,0,2,2024-01-08 09:37:49,1
958,943,911,852,36,30,61,15,26,21,24,24,30,25,34,34,27,9,9,9,6,6,9,6,6,6,8,4,6,1,2,9,6,4,2,0,0,2,1,0,1,1,1,2,1,1,0,2024-01-08 09:39:49,0
938,923,1210,820,12,10,49,4,21,24,19,19,45,20,23,23,26,2,2,2,2,2,2,2,2,2,5,2,8,4,2,9,6,4,2,0,0,2,0,0,1,1,1,2,1,1,0,2024-01-08 09:41:49,0
959,942,922,865,18,15,61,6,22,15,18,18,30,16,43,43,18,3,3,3,3,3,3,3,3,3,5,4,6,4,4,0,0,4,2,0,0,0,0,0,0,0,0,0,0,0,1,2024-01-08 09:43:49,0
956,935,1276,871,30,25,67,11,25,22,20,20,30,20,40,40,27,6,6,6,5,5,6,5,5,5,6,4,12,3,5,6,6,4,2,0,0,2,1,0,1,1,1,2,1,0,1,2024-01-08 09:45:49,0
989,960,873,805,34,28,90,11,35,22,27,27,30,23,62,62,28,5,5,5,6,6,5,6,6,6,8,26,11,4,9,0,0,4,2,0,0,0,0,2,0,0,0,0,0,0,2,2024-01-08 09:47:49,6
962,941,952,874,32,27,82,11,33,26,33,33,30,30,50,50,32,6,6,6,5,5,6,5,5,5,13,5,7,3,3,6,6,4,2,1,0,2,1,0,1,1,1,2,1,2,0,2024-01-08 09:49:49,1
980,958,1405,944,72,60,118,35,30,32,30,30,45,30,72,72,45,23,23,23,12,12,23,12,12,12,12,14,12,7,0,8,6,4,2,1,0,2,0,4,1,1,1,2,1,1,0,2024-01-08 09:51:49,7
1003,969,1021,966,36,30,61,12,36,22,24,24,30,24,33,33,28,8,8,8,6,6,6,6,6,6,5,7,13,4,12,0,0,4,2,0,2,0,1,1,0,0,0,0,0,0,1,2024-01-08 09:53:49,4
954,936,1210,792,40,33,79,15,31,23,28,28,30,26,49,49,30,8,8,8,7,7,8,7,7,7,7,5,7,3,4,8,6,4,2,0,0,2,1,0,1,1,1,2,1,0,1,2024-01-08 09:55:49,5
982,958,75,0,44,37,76,28,35,21,27,27,30,26,47,47,29,21,21,21,7,7,21,7,7,7,4,5,10,2,8,0,0,4,2,1,0,0,0,0,0,0,0,0,0,0,2,2024-01-08 09:57:49,1
1033,1005,116,0,142,118,137,54,52,40,51,51,30,46,69,69,68,30,30,30,24,24,30,24,24,24,14,30,9,9,1,8,6,4,2,4,0,2,1,4,1,1,1,2,1,0,0,2024-01-08 09:59:49,4
1083,1052,713,0,362,302,371,128,27,28,26,26,45,42,279,279,92,72,72,72,60,60,68,60,60,60,27,23,10,2,4,9,6,4,2,4,4,2,6,20,1,1,1,2,1,21,0,2024-01-08 10:01:49,31
1069,1039,87,0,78,65,146,37,26,26,30,30,30,28,104,104,42,30,30,30,13,13,24,13,13,13,12,57,10,3,1,0,0,4,2,3,6,0,3,1,0,0,0,0,0,1,1,2024-01-08 10:03:49,15
1085,1028,465,0,124,103,191,45,63,62,55,55,30,46,103,103,88,28,28,28,21,21,24,21,21,21,48,64,15,14,10,8,6,4,2,5,4,2,1,0,1,1,1,2,1,0,1,2024-01-08 10:05:49,2
985,956,915,835,44,37,79,18,42,33,36,36,30,34,37,37,42,11,11,11,7,7,11,7,7,7,19,4,13,5,6,0,0,4,2,2,0,0,1,0,0,0,0,0,0,0,2,2024-01-08 10:07:49,1
961,930,907,826,60,50,86,26,36,29,31,31,30,30,47,47,39,16,16,16,10,10,16,10,10,10,11,6,15,6,8,7,6,4,2,0,0,2,1,0,1,1,1,2,1,0,0,2024-01-08 10:09:49,4
1010,983,1426,888,150,125,95,53,36,31,28,28,30,28,39,39,56,28,28,28,25,25,28,25,25,25,12,7,10,5,8,0,0,4,2,0,0,0,0,0,0,0,0,0,0,0,0,2024-01-08 10:11:49,0
1025,1005,924,840,116,97,99,39,50,31,48,48,45,44,46,46,53,20,20,20,19,19,20,19,19,19,17,16,9,3,3,8,6,4,2,3,0,2,1,0,1,1,1,2,1,1,1,2024-01-08 10:13:49,3
990,970,1262,834,132,110,88,53,36,32,34,34,30,35,34,34,54,31,31,31,22,22,31,22,22,22,16,4,11,5,2,8,6,4,1,0,0,2,0,0,1,1,1,2,1,1,1,2024-01-08 10:15:49,1
1065,1037,949,844,217,178,110,93,37,27,32,32,30,31,44,44,66,52,52,54,39,39,54,39,39,39,13,7,14,2,5,0,0,4,2,0,0,0,1,0,0,0,0,0,0,0,2,2024-01-08 10:17:49,7
948,928,888,816,83,72,71,29,31,31,30,30,30,31,29,29,42,20,20,18,11,11,18,11,11,11,16,3,10,5,1,7,6,4,2,0,0,2,0,0,1,1,1,2,1,1,0,2024-01-08 10:19:49,0
1050,987,1313,850,132,110,125,49,77,49,51,51,30,46,54,54,71,30,30,30,22,22,28,22,21,21,18,4,16,10,28,0,0,4,2,0,2,0,0,1,0,0,0,0,0,0,0,2024-01-08 10:21:49,4
1004,970,922,859,48,40,63,19,36,28,29,29,45,28,27,27,36,12,12,12,8,8,11,8,8,8,13,1,17,3,7,9,6,4,2,0,1,2,1,0,1,1,1,2,1,0,1,2024-01-08 10:23:49,0
999,963,1320,892,126,105,93,53,38,26,33,33,30,29,45,45,48,33,33,33,21,21,32,21,21,21,5,7,18,4,6,2,6,4,2,1,1,2,1,1,1,1,1,2,1,1,1,2024-01-08 10:25:49,5
1028,1002,926,832,145,121,94,59,39,31,36,36,30,35,39,39,55,33,33,34,24,24,34,24,24,24,11,4,12,6,5,0,0,4,2,0,0,0,0,1,0,0,0,0,0,1,2,2024-01-08 10:27:49,1
1009,978,969,875,143,119,105,61,41,33,36,36,30,35,48,48,57,41,41,40,24,24,38,24,24,24,12,11,11,7,5,9,6,4,2,0,2,2,1,1,1,1,1,2,1,0,0,2024-01-08 10:29:49,0
1013,960,1392,973,77,64,88,27,55,40,40,40,30,37,31,31,57,20,20,20,13,13,15,13,12,12,19,11,15,14,19,0,0,4,2,3,5,0,0,0,0,0,0,0,0,0,0,2024-01-08 10:31:49,22
1033,1001,1061,969,113,94,103,42,50,47,45,45,45,43,36,36,67,23,23,23,19,19,23,19,19,19,20,13,14,9,5,8,6,4,2,1,0,2,0,1,1,1,1,2,1,0,1,2024-01-08 10:33:49,5
1013,972,1183,754,120,100,97,47,53,40,45,45,30,42,35,35,62,26,26,27,20,20,27,20,20,20,22,10,16,5,8,9,6,4,2,2,0,2,1,0,1,1,1,2,1,0,1,2024-01-08 10:35:49,1
1030,978,95,0,128,107,115,49,63,49,51,51,30,50,43,43,72,29,29,28,21,21,28,21,21,21,23,20,27,8,12,0,0,4,2,2,0,0,1,0,0,0,0,0,0,2,2,2024-01-08 10:37:49,1
1035,998,94,0,138,115,103,67,52,45,49,49,30,47,33,33,70,44,44,44,23,23,44,23,23,23,22,8,18,11,4,8,6,4,2,2,0,2,0,0,1,1,1,2,1,0,0,2024-01-08 10:39:49,4
1040,1003,440,0,162,135,112,71,47,41,38,38,30,37,43,43,69,44,44,44,27,27,44,27,27,27,21,15,17,6,9,0,0,4,2,1,0,0,0,0,0,0,0,0,0,0,0,2024-01-08 10:41:49,4
1078,1052,101,0,214,178,117,86,39,33,35,35,45,35,48,48,69,51,51,51,36,36,51,36,36,36,17,17,11,4,4,9,6,4,2,0,0,2,1,0,1,1,1,2,1,0,1,2024-01-08 10:43:49,7
1009,960,426,0,104,87,85,39,63,46,51,51,15,48,22,22,63,21,21,21,17,17,21,17,17,17,21,5,19,10,13,0,0,4,2,0,0,0,1,0,0,0,0,0,0,0,1,2024-01-08 10:45:49,9
1048,1005,963,844,143,119,129,63,54,46,44,44,45,42,57,57,72,40,40,40,24,24,39,24,24,24,32,8,16,7,11,8,6,4,2,2,1,2,0,0,1,1,1,2,1,0,2,2024-01-08 10:47:49,6
1007,964,963,870,109,91,109,40,63,56,57,57,30,55,34,34,75,22,22,22,18,18,22,18,18,18,35,17,15,5,9,4,6,4,2,1,0,2,2,1,1,1,1,2,1,2,0,2024-01-08 10:49:49,10
1026,977,1322,870,96,80,110,34,69,66,61,61,30,57,25,25,85,18,18,18,16,16,18,16,16,16,57,13,11,16,8,0,0,4,2,3,0,0,0,0,0,0,0,0,0,1,0,2024-01-08 10:51:49,8
1002,986,931,851,108,90,91,42,30,34,30,30,45,28,37,37,54,24,24,24,18,18,24,18,18,18,26,11,10,3,5,8,6,4,2,2,0,2,0,1,1,1,1,2,1,0,1,2024-01-08 10:53:49,14
972,947,1232,822,84,70,74,31,51,29,47,47,15,47,31,31,43,18,18,18,14,14,17,14,14,14,17,8,6,4,3,0,0,4,2,0,1,0,0,0,0,0,0,0,0,0,1,2024-01-08 10:55:49,8
1011,976,890,814,60,49,96,25,43,45,41,41,45,36,35,35,61,15,15,18,11,11,14,11,11,11,27,20,18,3,4,8,6,4,2,5,4,2,1,0,1,1,1,2,1,0,2,2024-01-08 10:57:49,5
1008,976,893,837,54,46,96,17,42,36,36,36,30,35,50,50,46,12,12,9,8,8,9,8,8,8,15,41,18,5,6,9,6,4,2,2,0,2,0,1,1,1,1,2,1,1,0,2024-01-08 10:59:49,1
1045,1002,1277,838,76,62,138,32,65,45,58,58,30,56,75,75,63,22,22,22,14,14,18,14,14,14,32,42,14,9,7,0,0,4,2,3,4,0,8,0,0,0,0,0,0,1,0,2024-01-08 11:01:49,4
1025,996,910,827,136,114,85,53,39,32,39,39,45,35,31,31,54,31,31,31,22,22,31,22,22,22,14,4,14,8,1,7,6,4,2,0,0,2,1,0,1,1,1,2,1,0,1,2024-01-08 11:03:49,7
991,960,1301,872,90,75,96,34,46,46,46,46,15,41,35,35,61,24,24,24,15,15,19,15,15,15,20,11,12,8,2,0,0,4,2,0,5,0,2,1,0,0,0,0,0,0,1,2024-01-08 11:05:49,4
1054,1025,935,831,184,154,108,77,41,31,33,33,45,33,47,47,61,49,49,49,30,30,47,30,30,30,16,13,13,3,7,6,6,4,2,0,2,2,0,1,1,1,1,2,1,0,2,2024-01-08 11:07:49,2
1017,983,983,879,150,125,106,60,48,44,44,44,30,43,36,36,70,35,35,35,25,25,35,25,25,25,27,13,16,6,5,7,6,4,2,1,0,2,1,1,1,1,1,2,1,0,0,2024-01-08 11:09:49,2
1051,1013,1418,955,204,170,131,88,51,44,45,45,30,42,50,50,81,54,54,54,34,34,54,34,34,34,32,13,11,9,6,0,0,4,2,3,0,0,0,0,0,0,0,0,0,1,0,2024-01-08 11:11:49,6
1028,1004,1030,952,120,100,86,43,40,39,37,37,45,37,27,27,59,23,23,23,20,20,23,20,20,20,24,11,10,7,3,6,6,4,2,0,0,2,1,1,1,1,1,2,1,1,1,2024-01-08 11:13:49,2
999,964,1259,822,126,105,105,46,56,51,53,53,15,49,29,29,76,25,25,25,21,21,25,21,21,21,43,6,8,14,3,0,0,4,2,4,0,0,0,0,0,0,0,0,0,0,1,2024-01-08 11:15:49,1
1017,963,87,0,82,68,94,30,66,56,54,54,45,53,23,23,71,16,16,16,14,14,16,14,14,14,24,6,25,13,13,7,6,4,2,1,0,2,2,0,1,1,1,2,1,0,2,2024-01-08 11:17:49,1
964,928,68,0,56,47,70,19,56,39,47,47,30,46,21,21,49,10,10,10,9,9,10,9,9,9,30,2,8,6,9,9,6,4,2,1,0,2,1,2,1,1,1,2,1,0,0,2024-01-08 11:19:49,2
991,961,424,0,66,55,84,29,48,44,44,44,30,43,28,28,56,16,16,16,11,11,16,11,11,11,28,7,14,7,5,0,0,4,2,1,0,0,0,0,0,0,0,0,0,0,0,2024-01-08 11:21:49,6
1019,989,84,0,108,90,88,37,47,42,43,43,45,44,26,26,61,21,21,21,18,18,21,18,18,18,22,8,14,9,4,4,6,4,2,1,0,2,2,0,1,1,1,2,1,2,1,2024-01-08 11:23:49,2
972,948,410,0,78,65,73,31,31,35,30,30,15,29,23,23,50,20,20,20,13,13,18,13,13,13,27,5,5,6,1,0,0,4,4,2,2,0,0,0,0,0,0,0,0,1,1,2024-01-08 11:25:49,2
1009,988,931,855,132,110,72,46,41,25,34,34,45,32,24,24,48,24,24,24,22,22,24,22,22,22,15,5,8,4,8,8,6,4,4,1,0,2,1,1,1,1,1,2,1,0,2,2024-01-08 11:27:49,1
978,945,942,860,76,63,88,29,44,32,35,35,15,33,41,41,47,17,17,17,13,13,16,13,13,13,17,10,8,11,9,0,0,4,4,2,1,0,0,0,0,0,0,0,0,0,0,2024-01-08 11:29:49,6
989,969,1293,884,62,52,78,29,26,29,25,25,45,25,39,39,39,23,23,23,10,10,19,10,10,10,22,18,3,6,1,8,6,4,4,0,4,2,2,0,1,1,1,2,1,0,0,2024-01-08 11:31:49,1
1030,1002,914,837,138,115,83,48,44,28,39,39,45,32,29,29,54,25,25,25,23,23,25,23,23,23,14,4,11,3,7,9,6,4,4,3,0,2,0,0,1,1,1,2,1,0,1,2024-01-08 11:33:49,5
1014,987,1259,834,150,125,90,65,33,29,31,31,15,31,35,35,55,40,40,40,25,25,40,25,25,25,12,8,14,6,2,0,0,4,4,1,0,0,0,0,0,0,0,0,0,2,1,2024-01-08 11:35:49,2
1013,984,914,826,144,120,95,56,34,31,25,25,45,24,40,40,55,32,32,32,24,24,32,24,24,24,14,10,13,6,10,7,6,4,4,0,0,2,0,1,1,1,1,2,1,0,2,2024-01-08 11:37:49,10
1033,1007,969,857,162,135,130,74,42,44,39,39,15,35,55,55,75,47,47,47,27,27,47,27,27,27,33,20,12,6,4,0,0,4,4,4,0,0,1,1,0,0,0,0,0,0,0,2024-01-08 11:39:49,4
1068,1010,1303,840,155,129,135,68,71,47,59,59,45,52,59,59,76,43,43,43,26,26,42,26,26,26,22,15,19,11,12,8,6,4,4,3,1,2,0,0,1,1,1,2,1,0,0,2024-01-08 11:41:49,1
1046,1028,979,874,161,134,111,72,29,29,25,25,45,24,54,54,57,44,44,45,27,27,45,27,27,27,17,15,12,3,7,9,6,4,4,1,0,2,1,0,1,1,1,2,1,0,1,2024-01-08 11:43:49,5
1014,970,1334,889,98,82,110,36,69,58,61,61,15,59,35,35,75,21,21,20,16,16,20,16,16,16,41,11,10,12,9,0,0,4,4,1,0,0,0,0,0,0,0,0,0,0,1,2024-01-08 11:45:49,1
1037,988,944,830,114,95,116,47,76,51,64,64,45,61,43,43,73,28,28,28,19,19,28,19,19,19,29,9,19,9,15,9,6,4,4,3,0,2,0,1,1,1,1,2,1,2,2,2024-01-08 11:47:49,7
1010,968,1000,895,96,80,115,49,63,56,58,58,15,55,42,42,73,35,35,35,16,16,33,16,16,16,40,16,13,13,6,0,0,4,3,1,2,0,0,0,0,0,0,0,0,0,0,2024-01-08 11:49:49,3
1027,987,1400,950,126,105,101,55,48,47,46,46,45,40,31,31,70,38,38,38,21,21,34,21,21,21,26,10,11,9,4,7,6,4,4,2,4,2,1,0,1,1,1,2,1,0,0,2024-01-08 11:51:49,2
1036,1007,1032,959,101,84,77,44,35,26,27,27,45,25,33,33,44,27,27,27,17,17,27,17,17,17,11,13,14,5,8,6,6,4,4,1,0,2,0,1,1,1,1,2,1,0,1,2024-01-08 11:53:49,7
1023,983,1115,695,121,101,94,49,47,34,37,37,15,36,39,39,55,29,29,29,20,20,29,20,20,20,16,20,19,4,10,0,0,4,4,1,0,0,0,1,0,0,0,0,0,1,1,2024-01-08 11:55:49,4
998,977,95,0,90,75,85,39,49,39,45,45,45,47,31,31,54,24,24,24,15,15,24,15,15,15,15,7,11,4,4,7,6,4,4,0,0,2,0,0,1,1,1,2,1,2,2,2024-01-08 11:57:49,0
1019,989,82,0,126,105,106,57,45,34,39,39,15,37,51,51,55,36,36,36,21,21,36,21,21,21,16,28,11,4,6,0,0,4,4,0,0,0,1,3,0,0,0,0,0,0,0,2024-01-08 11:59:49,4
1017,992,428,0,150,125,93,60,34,25,29,29,45,29,43,43,50,39,39,39,25,25,35,25,25,25,16,11,9,7,4,8,6,4,4,0,4,2,0,1,1,1,1,2,1,0,0,2024-01-08 12:01:49,16
968,952,33,0,18,15,38,6,22,20,21,21,30,21,15,15,23,3,3,3,3,3,3,3,3,3,10,5,7,3,2,0,0,4,4,0,0,0,0,1,0,0,0,0,0,0,1,2024-01-08 12:03:49,0
1005,979,406,0,136,113,68,54,32,26,29,29,30,29,19,19,49,35,35,35,23,23,31,23,23,23,12,5,4,8,3,8,6,4,4,0,4,2,1,0,1,1,1,2,1,0,1,2024-01-08 12:05:49,1
949,933,894,857,20,17,39,7,21,18,20,20,45,18,16,16,23,7,7,7,3,3,4,3,3,3,12,6,4,4,1,9,6,4,3,2,3,2,0,1,1,1,1,2,1,0,2,2024-01-08 12:07:49,0
1024,989,929,862,156,130,75,56,39,28,27,27,15,24,20,20,55,30,30,30,26,26,30,26,26,26,6,9,14,2,14,0,0,4,5,1,0,0,3,0,0,0,0,0,0,2,0,2024-01-08 12:09:49,9
962,945,1248,865,54,45,47,18,24,26,20,20,45,18,9,9,37,9,9,9,9,9,9,9,9,9,19,4,6,2,4,7,6,4,6,2,0,2,2,0,1,1,1,2,1,0,0,2024-01-08 12:11:49,0
990,968,886,839,66,55,49,23,27,24,24,24,30,23,13,13,36,12,12,12,11,11,12,11,11,11,13,2,10,6,3,0,0,4,5,1,0,0,0,1,0,0,0,0,0,0,1,2024-01-08 12:13:49,3
939,918,1210,832,36,30,42,14,25,18,19,19,30,19,18,18,24,8,8,8,6,6,8,6,6,6,10,6,8,2,6,8,6,4,6,0,0,2,1,1,1,1,1,2,1,0,1,2024-01-08 12:15:49,0
971,953,874,839,30,25,38,11,23,19,19,19,45,19,14,14,24,6,6,6,5,5,6,5,5,5,8,4,9,4,4,9,6,4,6,0,0,2,1,0,1,1,1,2,1,0,2,2024-01-08 12:17:49,1
945,927,896,864,24,20,29,10,22,18,17,17,15,17,6,6,23,6,6,6,4,4,6,4,4,4,7,0,9,3,5,0,0,4,6,1,0,0,0,0,0,0,0,0,0,1,0,2024-01-08 12:19:49,0
936,930,1186,818,12,10,27,4,19,10,19,19,45,20,15,15,12,2,2,2,2,2,2,2,2,2,7,3,4,2,0,7,6,4,6,0,0,2,0,2,1,1,1,2,1,1,0,2024-01-08 12:21:49,0
965,947,924,881,30,25,46,10,33,29,33,33,30,30,11,11,35,5,5,5,5,5,5,5,5,5,11,2,5,9,1,0,0,4,6,1,0,0,0,0,0,0,0,0,0,0,1,2024-01-08 12:23:49,4
926,910,1263,881,18,15,39,6,24,24,22,22,30,23,12,12,27,3,3,3,3,3,3,3,3,3,20,1,8,3,2,7,6,4,6,0,0,2,1,0,1,1,1,2,1,1,1,2024-01-08 12:25:49,0
967,953,880,845,42,35,37,14,23,20,21,21,45,20,10,10,27,7,7,7,7,7,7,7,7,7,8,4,10,4,3,8,6,4,6,0,0,2,0,0,1,1,1,2,1,0,2,2024-01-08 12:27:49,2
948,937,890,869,12,10,25,4,13,8,15,15,15,11,15,15,10,2,2,2,2,2,2,2,2,2,5,4,2,2,0,0,0,4,6,0,0,0,0,0,0,0,0,0,0,0,0,2024-01-08 12:29:49,2
973,944,1374,963,47,39,69,24,39,31,33,33,45,31,27,27,42,20,20,20,8,8,16,8,8,8,15,4,10,6,6,8,6,4,6,3,4,2,0,1,1,1,1,2,1,2,0,2024-01-08 12:31:49,0
978,963,1009,962,61,51,45,26,23,21,21,21,30,21,14,14,31,16,16,16,10,10,16,10,10,10,13,2,8,0,2,0,0,4,6,0,0,0,0,0,0,0,0,0,0,0,1,2024-01-08 12:33:49,2
997,965,1113,707,90,75,72,34,40,32,30,30,30,28,25,25,47,19,19,19,15,15,19,15,15,15,11,10,14,3,11,8,6,4,6,0,0,2,2,1,1,1,1,2,1,0,1,2024-01-08 12:35:49,2
963,945,38,0,36,30,42,18,21,12,17,17,30,17,24,24,18,12,12,12,6,6,12,6,6,6,6,4,4,3,4,0,0,4,6,0,0,0,0,0,0,0,0,0,0,0,2,2024-01-08 12:37:49,1
940,929,24,0,12,10,26,5,15,12,15,15,30,12,11,11,15,3,3,3,2,2,3,2,2,2,4,3,4,5,1,8,6,4,6,1,0,2,0,0,1,1,1,2,1,0,0,2024-01-08 12:39:49,4
959,937,385,0,30,25,52,10,30,27,25,25,45,21,18,18,34,6,6,6,5,5,5,5,5,5,14,8,7,4,6,7,6,4,6,2,1,2,1,0,1,1,1,2,1,0,0,2024-01-08 12:41:49,2
965,953,38,0,38,31,44,12,19,17,17,17,30,18,19,19,25,6,6,6,7,7,6,7,7,7,10,8,5,1,2,0,0,4,6,1,0,0,0,1,0,0,0,0,0,2,1,2024-01-08 12:43:49,0
944,932,374,0,10,9,42,6,21,17,20,20,30,19,23,23,19,4,4,4,1,1,4,1,1,1,6,9,4,5,1,9,6,4,6,1,0,2,0,1,1,1,1,2,1,0,1,2024-01-08 12:45:49,3
954,950,883,857,6,5,38,2,8,7,8,8,30,8,30,30,8,1,1,1,1,1,1,1,1,1,4,12,2,2,0,0,0,4,6,0,0,0,0,0,0,0,0,0,0,0,2,2024-01-08 12:47:49,0
943,926,908,870,42,35,39,8,16,15,15,15,30,15,17,17,22,10,10,10,7,7,4,7,4,4,11,2,2,5,1,8,6,4,6,0,6,2,0,0,1,1,1,2,1,0,0,2024-01-08 12:49:49,3
968,936,1289,880,42,35,58,8,46,35,40,40,45,39,16,16,42,10,10,10,7,7,4,7,4,4,20,7,12,4,6,8,6,4,6,0,6,2,0,0,1,1,1,2,1,0,0,2024-01-08 12:51:49,4
1006,972,906,857,72,60,59,24,40,28,28,28,30,24,16,16,43,12,12,12,12,12,12,12,12,12,13,9,9,8,13,0,0,4,6,3,0,0,0,0,0,0,0,0,0,0,1,2024-01-08 12:53:49,3
927,918,1207,828,30,25,35,8,12,14,12,12,30,14,16,16,19,7,7,7,5,5,4,5,4,4,12,2,1,3,0,8,6,4,6,0,3,2,1,0,1,1,1,2,1,2,1,2024-01-08 12:55:49,1
985,959,879,837,36,30,46,13,29,20,21,21,30,21,20,20,26,7,7,7,6,6,7,6,6,6,10,9,8,3,8,0,0,4,6,0,0,0,1,0,0,0,0,0,0,1,2,2024-01-08 12:57:49,1
935,924,860,839,12,10,25,4,15,14,14,14,30,14,9,9,16,2,2,2,2,2,2,2,2,2,8,4,7,3,1,9,6,4,6,0,0,2,0,0,1,1,1,2,1,0,0,2024-01-08 12:59:49,0
982,952,1234,831,46,38,70,14,35,28,31,31,45,31,34,34,36,16,16,16,8,8,8,8,6,6,10,13,8,7,4,8,6,4,6,0,8,2,1,1,1,1,1,2,1,0,0,2024-01-08 13:01:49,2
969,950,935,886,56,47,52,15,18,18,16,16,30,16,25,25,27,15,15,15,9,9,9,9,6,6,7,7,10,1,2,0,0,4,6,0,6,0,0,1,0,0,0,0,0,0,1,2024-01-08 13:03:49,5
977,944,1259,860,60,50,66,23,41,33,34,34,30,34,20,20,46,17,17,17,10,10,13,10,10,10,14,8,12,6,7,9,6,4,6,2,4,2,2,0,1,1,1,2,1,2,1,2024-01-08 13:05:49,10
965,947,894,844,30,25,48,11,21,20,19,19,30,19,23,23,25,6,6,6,5,5,6,5,5,5,10,6,10,5,2,0,0,4,6,0,0,0,0,0,0,0,0,0,0,0,2,2024-01-08 13:07:49,0
948,925,915,871,0,0,50,0,35,32,33,33,30,31,15,15,34,0,0,0,0,0,0,0,0,0,10,5,8,10,2,8,6,4,7,2,0,2,0,0,1,1,1,2,1,0,0,2024-01-08 13:09:49,6
935,927,1327,960,6,5,25,2,17,19,17,17,45,17,5,5,20,1,1,1,1,1,1,1,1,1,5,0,9,0,0,9,6,4,8,0,0,2,0,0,1,1,1,2,1,0,0,2024-01-08 13:11:49,0
971,950,1005,970,23,19,42,8,27,21,24,24,30,24,17,17,25,4,4,4,4,4,4,4,4,4,13,7,10,3,3,0,0,4,8,0,0,0,1,0,0,0,0,0,0,0,1,2024-01-08 13:13:49,3
928,910,1082,694,7,6,48,2,22,39,22,22,30,22,8,8,40,1,1,1,1,1,1,1,1,1,28,2,6,11,0,9,6,4,8,0,0,2,1,0,1,1,1,2,1,0,1,2024-01-08 13:15:49,0
978,953,42,0,30,25,50,11,31,18,26,26,30,24,23,23,27,6,6,6,5,5,6,5,5,5,12,7,7,6,5,0,0,4,8,4,0,0,1,2,0,0,0,0,0,2,2,2024-01-08 13:17:49,2
959,939,30,0,6,5,45,2,26,20,24,24,30,23,24,24,21,1,1,1,1,1,1,1,1,1,11,15,2,8,2,8,6,4,8,0,0,2,0,1,1,1,1,2,1,0,0,2024-01-08 13:19:49,0
992,965,389,0,18,15,87,6,30,27,30,30,30,25,49,49,38,3,3,3,3,3,3,3,3,3,26,33,7,7,3,0,0,4,8,3,0,0,4,1,0,0,0,0,0,0,0,2024-01-08 13:21:49,14
988,963,47,0,54,45,64,19,31,25,26,26,45,24,29,29,35,10,10,10,9,9,10,9,9,9,14,16,10,5,4,9,6,4,8,1,0,2,0,0,1,1,1,2,1,0,1,2024-01-08 13:23:49,0
982,963,391,0,60,50,63,22,20,19,20,20,30,20,34,34,29,12,12,12,10,10,12,10,10,10,10,15,7,2,1,9,6,4,6,0,0,2,2,0,1,1,1,2,1,0,1,2024-01-08 13:25:49,8
964,952,894,849,48,40,50,18,22,23,21,21,30,21,19,19,31,10,10,10,8,8,10,8,8,8,11,6,8,3,1,0,0,4,4,0,0,0,0,1,0,0,0,0,0,0,2,2024-01-08 13:27:49,4
1000,973,916,854,96,80,73,39,35,24,30,30,30,30,32,32,41,23,23,23,16,16,23,16,16,16,10,13,12,3,5,8,6,4,4,1,0,2,1,0,1,1,1,2,1,3,0,2024-01-08 13:29:49,6
995,973,1303,888,88,72,78,38,28,29,27,27,30,25,33,33,45,26,26,26,16,16,22,16,16,16,7,13,14,2,1,0,0,4,4,0,4,0,1,0,0,0,0,0,0,0,0,2024-01-08 13:31:49,6
996,982,903,835,75,62,74,36,23,23,24,24,45,22,38,38,36,21,21,23,13,13,23,13,13,13,7,10,9,2,0,9,6,4,4,0,0,2,1,0,1,1,1,2,1,0,1,2024-01-08 13:33:49,6
1037,1013,1296,842,209,176,120,90,54,34,53,53,30,51,53,53,67,59,59,57,33,33,57,33,33,33,16,10,13,4,2,7,6,4,3,0,0,2,1,0,1,1,1,2,1,0,1,2024-01-08 13:35:49,5
1035,1014,928,839,210,175,95,80,34,24,32,32,30,29,36,36,59,45,45,45,35,35,45,35,35,35,8,6,8,5,3,0,0,4,4,0,0,0,1,0,0,0,0,0,0,0,2,2024-01-08 13:37:49,2
1021,1000,955,870,180,150,88,72,29,22,22,22,30,20,34,34,54,42,42,42,30,30,42,30,30,30,12,5,10,3,7,8,6,4,4,2,0,2,0,1,1,1,1,2,1,0,0,2024-01-08 13:39:49,2
1006,977,1257,837,114,95,84,46,38,36,31,31,30,33,29,29,55,27,27,27,19,19,27,19,19,19,22,8,10,6,9,0,0,4,4,0,0,0,2,0,0,0,0,0,0,2,0,2024-01-08 13:41:49,12
1007,981,967,895,78,65,88,34,38,36,36,36,45,28,31,31,57,21,21,21,13,13,21,13,13,13,27,9,10,12,2,8,6,4,4,8,0,2,1,0,1,1,1,2,1,0,1,2024-01-08 13:43:49,1
982,937,1269,861,52,43,69,21,37,36,35,35,30,33,23,23,46,28,28,28,9,9,12,9,9,9,19,2,9,10,2,8,6,4,4,1,16,2,2,0,1,1,1,2,1,0,1,2024-01-08 13:45:49,1
1001,959,897,823,92,77,75,33,48,31,32,32,30,30,29,29,46,18,18,18,15,15,18,15,15,15,13,1,18,3,17,0,0,4,4,0,0,0,1,1,0,0,0,0,0,0,2,2024-01-08 13:47:49,9
975,949,954,898,54,45,57,23,33,29,30,30,30,29,18,18,39,14,14,14,9,9,14,9,9,9,16,2,5,10,3,8,6,4,4,1,0,2,2,0,1,1,1,2,1,0,0,2024-01-08 13:49:49,2
967,941,1348,950,42,35,52,14,32,21,23,23,30,21,23,23,29,7,7,7,7,7,7,7,7,7,13,10,8,2,9,0,0,4,3,1,0,0,1,0,0,0,0,0,0,0,0,2024-01-08 13:51:49,0
988,963,1015,960,76,63,55,25,34,27,27,27,45,28,15,15,40,12,12,12,13,13,12,13,13,13,9,2,13,1,7,8,6,4,4,0,0,2,0,0,1,1,1,2,1,2,1,2024-01-08 13:53:49,2
970,958,1087,683,80,67,71,29,23,25,24,24,15,21,32,32,39,16,16,16,13,13,16,13,13,13,15,10,7,1,0,0,0,4,4,1,0,0,0,0,0,0,0,0,0,0,1,2024-01-08 13:55:49,4
986,957,69,0,48,40,73,26,42,38,37,37,45,36,26,26,47,18,18,18,8,8,18,8,8,8,13,7,10,9,5,7,6,4,4,1,0,2,2,0,1,1,1,2,1,0,2,2024-01-08 13:57:49,0
1025,994,106,0,190,158,109,68,48,49,47,47,30,45,25,25,84,36,36,36,32,32,36,32,32,32,28,3,9,10,4,9,6,4,4,3,0,2,0,0,1,1,1,2,1,1,0,2024-01-08 13:59:49,7
1024,993,436,0,104,87,115,37,52,36,51,51,30,48,55,55,60,24,24,24,17,17,20,17,17,17,29,29,12,2,4,0,0,4,4,3,4,0,4,2,0,0,0,0,0,0,0,2024-01-08 14:01:49,17
1066,1031,88,0,156,130,102,67,46,32,38,38,45,35,42,42,60,44,44,44,26,26,41,26,26,26,14,15,16,5,9,9,6,4,4,2,3,2,0,0,1,1,1,2,1,1,1,2024-01-08 14:03:49,2
972,931,428,0,84,70,98,28,64,51,57,57,15,58,33,33,65,18,18,18,14,14,14,14,14,14,20,13,10,14,6,0,0,4,4,0,4,0,2,0,0,0,0,0,0,1,1,2024-01-08 14:05:49,0
1006,981,933,851,90,75,87,42,30,28,29,29,45,28,43,43,44,29,29,29,15,15,27,15,15,15,18,12,9,5,2,8,6,4,4,1,2,2,0,1,1,1,1,2,1,0,2,2024-01-08 14:07:49,1
1002,970,896,824,72,60,84,35,47,39,42,42,30,41,33,33,51,23,23,23,12,12,23,12,12,12,27,12,8,8,5,9,6,4,4,0,0,2,1,1,1,1,1,2,1,0,0,2024-01-08 14:09:49,0
970,943,1277,883,42,35,59,18,31,33,29,29,30,25,15,15,44,11,11,11,7,7,11,7,7,7,25,3,13,8,2,0,0,4,4,4,0,0,0,0,0,0,0,0,0,0,0,2024-01-08 14:11:49,1
1041,994,940,849,79,66,97,36,70,54,64,64,45,58,28,28,69,23,23,23,13,13,23,13,13,13,24,5,19,8,8,9,6,4,4,2,0,2,0,2,1,1,1,2,1,0,1,2024-01-08 14:13:49,3
998,947,1240,835,85,71,76,30,60,38,41,41,15,37,22,22,54,17,17,17,14,14,16,14,14,14,16,12,20,6,19,0,0,4,4,2,1,0,0,0,0,0,0,0,0,1,1,2024-01-08 14:15:49,1
995,951,902,837,54,45,72,18,50,37,43,43,45,41,26,26,46,11,11,11,9,9,9,9,9,9,16,9,21,5,8,9,6,4,4,0,2,2,1,0,1,1,1,2,1,1,2,2024-01-08 14:17:49,3
970,947,896,836,48,40,72,19,36,39,35,35,30,33,23,23,49,11,11,11,8,8,11,8,8,8,23,10,8,9,1,9,6,4,4,2,0,2,1,1,1,1,1,2,1,0,0,2024-01-08 14:19:49,0
988,954,1251,824,48,40,99,16,55,51,49,49,30,46,39,39,60,8,8,8,8,8,8,8,8,8,35,14,19,7,7,0,0,4,4,1,0,0,0,0,0,0,0,0,0,0,0,2024-01-08 14:21:49,1
992,969,923,864,72,60,65,26,30,23,26,26,45,25,30,30,35,14,14,14,12,12,14,12,12,12,11,6,9,3,3,9,6,4,4,0,0,2,0,2,1,1,1,2,1,0,1,2024-01-08 14:23:49,0
980,946,1310,897,60,50,79,24,55,38,52,52,15,51,31,31,48,14,14,14,10,10,14,10,10,10,19,8,16,6,4,0,0,4,4,0,0,0,1,1,0,0,0,0,0,0,1,2024-01-08 14:25:49,2
1028,977,927,835,108,90,106,40,75,58,63,63,45,58,26,26,80,23,23,23,18,18,22,18,18,18,29,12,20,6,14,7,6,4,4,4,1,2,0,1,1,1,1,2,1,1,2,2024-01-08 14:27:49,2
998,961,925,855,66,55,84,22,49,39,43,43,15,42,33,33,51,11,11,11,11,11,11,11,11,11,15,15,17,9,6,0,0,4,4,1,0,0,1,1,0,0,0,0,0,1,0,2024-01-08 14:29:49,0
982,945,1356,947,66,55,75,26,43,40,37,37,45,34,22,22,53,19,19,19,11,11,15,11,11,11,30,12,17,4,7,8,6,4,4,2,4,2,1,0,1,1,1,2,1,1,0,2024-01-08 14:31:49,1
1052,1014,1068,964,126,105,107,56,51,45,48,48,45,47,41,41,66,35,35,35,21,21,35,21,21,21,24,6,13,11,3,3,6,4,4,0,0,2,0,3,1,1,1,2,1,0,1,2024-01-08 14:33:49,3
997,975,1211,783,110,91,89,46,38,31,34,34,15,34,39,39,50,27,27,27,19,19,27,19,19,19,14,6,14,2,4,0,0,4,4,0,0,0,0,0,0,0,0,0,0,0,1,2024-01-08 14:35:49,2
1010,983,76,0,114,95,81,53,33,24,29,29,45,28,38,38,43,34,34,35,19,19,35,19,19,19,9,8,13,2,5,9,6,4,4,0,0,2,0,2,1,1,1,2,1,1,2,2024-01-08 14:37:49,3
1025,989,93,0,154,129,103,60,48,49,44,44,15,37,23,23,80,35,35,34,25,25,34,25,25,25,35,5,14,9,5,0,0,4,4,6,0,0,0,0,0,0,0,0,0,1,0,2024-01-08 14:39:49,4
1003,958,428,0,72,60,114,27,50,45,50,50,45,44,50,50,64,15,15,15,12,12,15,12,12,12,24,22,21,8,4,9,6,4,4,4,0,2,2,2,1,1,1,2,1,0,0,2024-01-08 14:41:49,17
1040,1017,83,0,132,110,90,60,43,30,42,42,45,42,38,38,52,38,38,38,22,22,38,22,22,22,20,7,7,5,1,8,6,4,4,0,0,2,1,1,1,1,1,2,1,0,1,2024-01-08 14:43:49,0
999,970,431,0,88,73,127,29,44,43,42,42,15,35,60,60,67,14,14,14,15,15,14,15,15,15,30,29,15,2,3,0,0,4,4,6,0,0,4,1,0,0,0,0,0,0,1,2024-01-08 14:45:49,9
1029,991,928,839,97,81,103,38,61,46,57,57,45,57,41,41,62,22,22,22,16,16,22,16,16,16,23,15,19,10,4,8,6,4,4,0,0,2,0,1,1,1,1,2,1,0,2,2024-01-08 14:47:49,0
980,947,922,840,103,86,87,40,44,43,40,40,15,41,27,27,60,24,24,24,17,17,23,17,17,17,23,6,18,8,4,0,0,4,4,0,1,0,0,0,0,0,0,0,0,1,0,2024-01-08 14:49:49,1
1008,979,1354,893,114,95,117,45,46,51,44,44,45,43,45,45,72,26,26,26,19,19,26,19,19,19,35,13,16,5,3,3,6,4,4,2,0,2,1,1,1,1,1,2,1,1,0,2024-01-08 14:51:49,1
1075,1025,940,844,174,145,106,66,64,48,55,55,45,53,28,28,78,39,39,39,29,29,37,29,29,29,26,9,25,5,10,8,6,4,2,1,2,2,0,3,1,1,1,2,1,0,1,2024-01-08 14:53:49,7
987,951,1246,825,72,60,83,32,49,40,43,43,15,42,30,30,53,21,21,21,12,12,19,12,12,12,19,6,17,6,6,0,0,4,2,1,2,0,0,0,0,0,0,0,0,0,1,2024-01-08 14:55:49,0
1035,1007,942,842,210,175,103,81,37,31,31,31,45,28,35,35,68,47,47,47,35,35,47,35,35,35,19,7,12,4,6,7,6,4,2,2,0,2,0,1,1,1,1,2,1,0,2,2024-01-08 14:57:49,7
996,964,917,837,72,60,102,27,45,42,42,42,15,42,48,48,54,15,15,15,12,12,15,12,12,12,23,25,18,6,3,0,0,4,2,0,0,0,1,1,0,0,0,0,0,0,0,2024-01-08 14:59:49,7
1053,1021,1264,828,132,110,134,47,41,29,36,36,45,36,80,80,54,31,31,31,22,22,25,22,22,22,18,46,14,3,6,9,6,4,2,1,6,2,1,3,1,1,1,2,1,1,0,2024-01-08 15:01:49,9
1062,1012,957,861,156,130,104,55,61,47,53,53,30,52,29,29,75,29,29,29,26,26,29,26,26,26,21,10,21,8,9,0,0,4,2,2,0,0,1,2,0,0,0,0,0,2,1,2024-01-08 15:03:49,4
991,966,1292,877,66,55,95,33,33,34,31,31,30,29,48,48,47,26,26,26,11,11,22,11,11,11,27,21,7,7,2,9,6,4,2,2,4,2,0,2,1,1,1,2,1,0,1,2024-01-08 15:05:49,1
991,966,888,815,78,65,78,31,38,36,35,35,45,35,29,29,49,19,19,19,13,13,18,13,13,13,16,10,15,4,3,9,6,4,2,0,1,2,1,2,1,1,1,2,1,0,2,2024-01-08 15:07:49,1
1017,979,911,840,96,80,101,33,46,38,43,43,15,37,36,36,65,18,18,18,16,16,17,16,16,16,29,21,20,4,4,0,0,4,2,6,1,0,5,1,0,0,0,0,0,0,0,2024-01-08 15:09:49,13
1003,957,1388,953,84,70,93,32,69,58,64,64,45,65,21,21,72,18,18,18,14,14,18,14,14,14,34,3,23,10,5,8,6,4,2,0,0,2,0,0,1,1,1,2,1,1,0,2024-01-08 15:11:49,0
1004,972,1019,938,54,45,94,18,50,56,47,47,30,45,26,26,68,9,9,9,9,9,9,9,9,9,34,11,13,11,3,0,0,4,2,3,0,0,1,1,0,0,0,0,0,1,1,2024-01-08 15:13:49,2
984,946,1259,852,94,78,73,35,46,31,40,40,30,39,25,25,48,19,19,19,16,16,19,16,16,16,17,8,16,5,6,9,6,4,2,1,0,2,1,2,1,1,1,2,1,0,1,2024-01-08 15:15:49,2
996,961,73,0,74,62,87,31,58,37,54,54,45,52,33,33,54,19,19,19,12,12,19,12,12,12,24,10,11,8,5,7,6,4,2,2,0,2,6,0,1,1,1,2,1,0,2,2024-01-08 15:17:49,8
1005,975,72,0,108,90,86,38,35,31,30,30,15,26,32,32,54,20,20,20,18,18,20,18,18,18,23,9,13,5,4,0,0,4,2,3,0,0,2,1,0,0,0,0,0,0,0,2024-01-08 15:19:49,8
990,958,403,0,48,40,80,16,42,38,41,41,45,41,35,35,46,8,8,8,8,8,8,8,8,8,23,20,12,8,4,4,6,4,2,0,0,2,0,0,1,1,1,2,1,0,0,2024-01-08 15:21:49,4
1034,1003,65,0,84,70,83,32,34,28,29,29,30,29,40,40,42,18,18,18,14,14,18,14,14,14,11,21,19,5,5,0,0,4,2,0,0,0,1,3,0,0,0,0,0,1,1,2024-01-08 15:23:49,2
964,929,419,0,60,50,90,27,47,42,45,45,30,42,36,36,54,17,17,17,10,10,17,10,10,10,27,12,16,11,3,8,6,4,2,2,0,2,1,1,1,1,1,2,1,1,1,2024-01-08 15:25:49,2
1024,992,944,871,89,74,84,34,46,45,44,44,45,38,20,20,64,19,19,19,15,15,19,15,15,15,29,10,10,5,2,9,6,4,2,4,0,2,1,0,1,1,1,2,1,0,2,2024-01-08 15:27:49,0
992,958,917,847,84,70,76,30,41,39,40,40,15,39,22,22,54,16,16,16,14,14,16,14,14,14,25,5,17,8,1,0,0,4,2,1,0,0,0,0,0,0,0,0,0,0,0,2024-01-08 15:29:49,8
977,939,1290,887,61,51,57,23,49,33,46,46,45,44,13,13,44,17,17,17,10,10,13,10,10,10,16,2,18,10,3,9,6,4,2,1,4,2,0,1,1,1,1,2,1,0,0,2024-01-08 15:31:49,1
998,968,916,853,42,35,64,19,38,32,36,36,30,37,25,25,39,12,12,12,7,7,12,7,7,7,13,6,9,7,2,0,0,4,2,0,0,0,2,0,0,0,0,0,0,1,1,2024-01-08 15:33:49,3
985,949,1278,839,60,50,111,22,59,65,58,58,30,58,35,35,76,12,12,12,10,10,12,10,10,10,46,15,15,14,2,8,6,4,2,1,0,2,0,0,1,1,1,2,1,1,1,2024-01-08 15:35:49,9
998,962,892,822,74,61,81,26,45,40,40,40,45,40,27,27,54,14,14,14,13,13,13,13,13,13,14,12,24,3,6,8,6,4,2,1,1,2,2,1,1,1,1,2,1,1,2,2024-01-08 15:37:49,9
1001,964,946,853,90,76,99,29,62,62,60,60,15,58,24,24,76,21,21,21,14,14,15,14,14,14,36,9,19,9,3,0,0,4,1,0,6,0,0,1,0,0,0,0,0,0,0,2024-01-08 15:39:49,3
986,949,1254,842,52,43,86,18,45,44,41,41,45,39,30,30,55,9,9,9,9,9,9,9,9,9,25,14,17,6,4,7,6,4,2,2,0,2,2,1,1,1,1,2,1,0,0,2024-01-08 15:41:49,1
1018,978,952,891,72,60,66,24,45,35,40,40,30,40,19,19,47,12,12,12,12,12,12,12,12,12,16,5,21,6,5,0,0,4,2,0,0,0,0,1,0,0,0,0,0,0,1,2024-01-08 15:43:49,1
1008,966,1299,841,148,123,124,54,61,64,57,57,30,54,32,32,92,29,29,29,25,25,29,25,25,25,45,6,20,10,4,8,6,4,2,3,0,2,2,0,1,1,1,2,1,0,1,2024-01-08 15:45:49,2
1023,996,897,804,158,132,97,61,27,27,28,28,30,26,43,43,54,35,35,35,26,26,35,26,26,26,14,5,15,3,2,0,0,4,2,1,0,0,0,1,0,0,0,0,0,1,2,2024-01-08 15:47:49,7
1029,984,983,885,124,103,103,56,55,49,45,45,30,44,31,31,72,35,35,35,21,21,35,21,21,21,26,6,25,8,9,7,6,4,2,2,0,2,0,1,1,1,1,2,1,1,0,2024-01-08 15:49:49,3
1015,966,1410,962,116,97,99,54,82,51,79,79,45,70,26,26,73,35,35,35,19,19,35,19,19,19,16,6,26,5,6,8,6,4,2,3,0,2,0,0,1,1,1,2,1,0,0,2024-01-08 15:51:49,17
1034,997,1060,975,90,75,89,42,48,38,41,41,30,38,35,35,54,27,27,27,15,15,27,15,15,15,8,5,18,6,9,0,0,4,2,1,0,0,0,2,0,0,0,0,0,0,1,2024-01-08 15:53:49,8
994,958,1121,712,104,87,73,42,40,29,32,32,30,28,25,25,48,24,24,24,17,17,24,17,17,17,14,7,17,3,9,9,6,4,2,2,0,2,0,0,1,1,1,2,1,0,1,2024-01-08 15:55:49,5
1016,973,81,0,78,64,79,33,58,43,52,52,30,48,20,20,59,20,20,20,14,14,20,14,14,14,21,6,16,9,6,0,0,4,2,2,0,0,0,0,0,0,0,0,0,1,2,2024-01-08 15:57:49,5
980,945,56,0,60,50,58,27,39,31,35,35,30,34,16,16,42,17,17,17,10,10,17,10,10,10,22,1,12,11,4,8,6,4,2,1,0,2,0,1,1,1,1,2,1,0,0,2024-01-08 15:59:49,4
1029,973,449,0,130,108,119,46,68,49,61,61,45,58,43,43,76,28,28,28,22,22,24,22,22,22,15,13,23,7,11,8,6,4,2,4,4,2,2,1,1,1,1,2,1,1,0,2024-01-08 16:01:49,15
1009,978,63,0,72,61,71,25,41,42,37,37,30,36,17,17,54,15,15,15,11,11,14,11,11,11,21,8,20,7,4,0,0,4,2,1,1,0,1,3,0,0,0,0,0,0,1,2024-01-08 16:03:49,2
996,958,417,0,96,80,80,37,42,36,38,38,30,38,27,27,53,25,25,25,16,16,21,16,16,16,11,5,19,6,4,8,6,4,2,1,4,2,1,0,1,1,1,2,1,1,1,2024-01-08 16:05:49,4
996,968,896,831,54,45,69,19,40,36,38,38,30,37,23,23,46,10,10,10,9,9,10,9,9,9,21,8,13,5,2,0,0,4,2,1,0,0,2,1,0,0,0,0,0,0,2,2024-01-08 16:07:49,2
1012,969,921,837,88,73,88,30,72,54,66,66,30,62,14,14,74,15,15,15,15,15,15,15,15,15,32,2,19,17,6,9,6,4,2,5,0,2,1,3,1,1,1,2,1,1,0,2024-01-08 16:09:49,3
979,952,1305,880,116,97,81,45,33,35,32,32,45,31,27,27,55,27,27,27,19,19,26,19,19,19,19,6,15,4,1,8,6,4,2,1,1,2,1,2,1,1,1,2,1,1,0,2024-01-08 16:11:49,2
1050,995,934,854,100,83,90,37,49,41,45,45,30,41,31,31,58,36,36,36,17,17,21,17,16,16,11,9,20,9,6,0,0,4,2,0,15,0,1,0,0,0,0,0,0,0,1,2024-01-08 16:13:49,6
985,950,1261,840,92,77,88,32,45,45,42,42,30,38,25,25,63,22,22,22,15,15,19,15,13,13,25,7,12,9,3,8,6,4,2,3,3,2,0,1,1,1,1,2,1,0,1,2024-01-08 16:15:49,2
1064,1018,926,830,155,129,122,59,65,44,59,59,30,57,47,47,75,32,32,33,26,26,33,26,26,26,23,20,27,3,8,0,0,4,2,2,0,0,3,1,0,0,0,0,0,0,2,2024-01-08 16:17:49,17
1006,981,918,832,107,89,107,40,39,39,39,39,30,37,47,47,60,23,23,22,18,18,22,18,18,18,26,19,17,3,2,7,6,4,2,2,0,2,1,0,1,1,1,2,1,0,0,2024-01-08 16:19:49,10
1006,966,1280,855,90,75,100,26,47,45,42,42,30,40,37,37,63,20,20,20,15,15,14,15,12,12,34,15,12,10,5,0,0,4,2,3,6,0,1,0,0,0,0,0,0,1,0,2024-01-08 16:21:49,3
1068,1017,981,875,156,130,121,53,66,55,57,57,45,54,38,38,83,27,27,27,26,26,27,26,26,26,27,14,27,6,10,8,6,4,2,2,0,2,1,3,1,1,1,2,1,1,1,2024-01-08 16:23:49,11
1002,954,1288,870,68,57,96,26,66,49,60,60,30,58,35,35,61,17,17,17,11,11,15,11,11,11,27,20,15,10,6,8,6,4,2,1,2,2,0,0,1,1,1,2,1,0,1,2024-01-08 16:25:49,3
999,966,907,837,78,65,78,30,43,39,40,40,30,38,25,25,53,17,17,17,13,13,17,13,13,13,21,8,14,9,3,0,0,4,2,1,0,0,1,1,0,0,0,0,0,0,2,2024-01-08 16:27:49,4
1012,979,974,878,126,105,101,49,45,47,44,44,30,41,34,34,68,28,28,28,21,21,28,21,21,21,23,8,17,8,2,9,6,4,2,0,0,2,0,0,1,1,1,2,1,0,0,2024-01-08 16:29:49,8
1000,949,1391,955,54,45,99,19,63,70,57,57,30,54,18,18,80,14,14,14,9,9,10,9,9,9,49,8,20,10,7,0,0,4,2,1,4,0,1,0,0,0,0,0,0,0,0,2024-01-08 16:31:49,1
1048,998,1058,962,136,113,106,49,87,46,77,77,45,73,32,32,74,25,25,26,23,23,26,23,23,23,24,9,18,10,10,7,6,4,2,5,0,2,2,1,1,1,1,2,1,1,1,2024-01-08 16:33:49,7
1070,1013,1227,749,226,188,146,88,75,60,62,62,30,59,47,47,99,51,51,50,38,38,50,38,38,38,24,11,25,9,14,7,6,4,2,1,0,2,0,0,1,1,1,2,1,1,1,2024-01-08 16:35:49,3
1004,968,100,0,154,129,105,54,44,38,40,40,30,40,42,42,63,29,29,29,25,25,29,25,25,25,18,7,17,7,4,0,0,4,2,0,0,0,1,1,0,0,0,0,0,1,2,2024-01-08 16:37:49,3
1015,992,97,0,132,110,111,50,38,43,35,35,30,33,41,41,70,28,28,28,22,22,28,22,22,22,32,9,12,4,2,7,6,4,2,2,0,2,1,1,1,1,1,2,1,0,0,2024-01-08 16:39:49,5
1004,971,422,0,100,83,103,33,49,46,49,49,30,44,35,35,68,16,16,16,17,17,16,17,17,17,25,16,14,5,4,0,0,4,2,5,0,0,4,0,0,0,0,0,0,0,0,2024-01-08 16:41:49,16
1023,981,93,0,92,77,95,33,55,49,48,48,45,44,29,29,66,18,18,18,15,15,18,15,15,15,32,2,19,9,8,9,6,4,2,2,0,2,0,0,1,1,1,2,1,0,1,2024-01-08 16:43:49,5
988,946,424,0,90,75,85,30,54,48,48,48,30,48,22,22,63,15,15,15,15,15,15,15,15,15,21,4,24,4,6,9,6,4,2,0,0,2,1,2,1,1,1,2,1,1,1,2024-01-08 16:45:49,1
995,954,950,857,106,88,97,36,76,52,69,69,30,68,26,26,71,17,17,18,18,18,18,18,18,18,18,2,22,4,7,0,0,4,2,1,0,0,1,2,0,0,0,0,0,1,2,2024-01-08 16:47:49,11
1008,971,940,869,56,47,96,20,40,46,37,37,30,35,37,37,60,12,12,11,9,9,11,9,9,9,20,20,30,3,3,8,6,4,2,2,0,2,1,0,1,1,1,2,1,0,0,2024-01-08 16:49:49,8
1003,969,1286,869,72,60,81,26,38,28,36,36,30,34,37,37,43,14,14,14,12,12,14,12,12,12,20,21,10,6,4,0,0,4,2,2,0,0,2,0,0,0,0,0,0,0,0,2024-01-08 16:51:49,6
1117,984,1327,844,78,65,533,27,170,457,177,170,45,134,27,27,508,14,14,14,13,13,14,13,13,13,471,15,22,88,5,7,6,4,2,43,0,2,0,1,1,1,1,2,1,0,1,2024-01-08 16:53:49,2
1059,969,1260,831,120,100,146,41,155,43,135,142,30,93,33,33,111,21,21,21,20,20,21,20,20,20,59,12,30,33,10,9,6,4,2,43,0,2,0,1,1,1,1,2,1,1,1,2024-01-08 16:55:49,9
996,961,909,825,126,105,91,44,320,40,311,311,30,310,29,29,62,23,23,23,21,21,23,21,21,21,18,10,16,5,9,0,0,4,2,1,0,0,1,0,0,0,0,0,0,0,2,2024-01-08 16:57:49,5
997,959,927,860,66,55,75,22,53,47,52,52,30,47,15,15,60,11,11,11,11,11,11,11,11,11,32,7,19,5,3,8,6,4,2,2,0,2,1,0,1,1,1,2,1,1,0,2024-01-08 16:59:49,3
1013,964,1288,829,77,64,124,26,57,51,47,46,30,44,57,57,67,17,17,17,13,13,13,13,13,13,21,11,24,6,11,0,0,4,2,2,4,0,0,3,0,0,0,0,0,0,0,2024-01-08 17:01:49,5
1041,998,959,860,133,111,102,47,55,60,51,52,45,46,17,17,85,25,25,25,22,22,25,22,22,22,28,1,32,5,5,9,6,4,2,3,0,2,0,1,1,1,1,2,1,0,1,2024-01-08 17:03:49,1
992,946,1312,877,120,100,101,41,62,58,56,56,15,52,19,19,82,25,25,25,20,20,21,20,20,20,35,2,18,13,6,0,0,4,2,4,4,0,1,0,0,0,0,0,0,0,1,2024-01-08 17:05:49,7
1023,971,932,842,138,115,89,46,64,49,50,50,45,50,16,16,73,23,23,23,23,23,23,23,23,23,26,2,23,7,14,8,6,4,2,1,0,2,0,0,1,1,1,2,1,1,2,2024-01-08 17:07:49,12
1053,990,1033,864,144,120,179,56,122,119,117,117,30,116,34,34,145,32,32,32,24,24,32,24,24,24,18,9,15,24,4,9,6,4,2,2,0,2,0,1,1,1,1,2,1,1,0,2024-01-08 17:09:49,7
1058,964,1524,971,114,95,197,40,186,155,175,175,30,170,17,17,180,21,21,21,19,19,21,19,19,19,45,2,22,44,12,0,0,4,2,6,0,0,0,0,0,0,0,0,0,1,0,2024-01-08 17:11:49,3
1049,1001,1027,944,126,105,88,49,61,48,55,55,45,50,17,17,71,28,28,28,21,21,28,21,21,21,19,3,20,14,7,8,6,4,2,2,0,2,1,0,1,1,1,2,1,0,1,2024-01-08 17:13:49,11
1013,924,1277,742,90,75,200,34,166,159,159,159,15,155,24,24,176,20,20,20,15,15,19,15,15,15,16,5,24,34,7,0,0,4,2,2,1,0,0,1,0,0,0,0,0,0,1,2024-01-08 17:15:49,5
1063,1035,109,0,208,173,123,91,47,41,45,45,45,44,45,45,78,57,57,56,35,35,56,35,35,35,22,15,11,9,3,8,6,4,2,2,0,2,0,1,1,1,1,2,1,1,2,2024-01-08 17:17:49,1
1020,982,67,0,114,95,73,45,47,32,40,40,30,34,21,21,52,25,25,26,19,19,26,19,19,19,11,5,22,6,8,2,6,4,2,1,0,2,0,0,1,1,1,2,1,0,0,2024-01-08 17:19:49,1
986,953,409,0,72,60,70,27,38,36,35,35,30,33,19,19,51,19,20,20,12,12,16,12,11,11,23,3,14,6,3,0,0,4,2,3,4,0,1,1,0,0,0,0,0,1,0,2024-01-08 17:21:49,2
1018,977,68,0,98,82,73,35,45,33,38,38,45,38,24,24,49,21,20,20,16,16,19,16,16,16,17,5,14,12,8,8,6,4,2,0,1,2,0,1,1,1,1,2,1,0,1,2024-01-08 17:23:49,6
969,940,404,0,78,65,68,27,46,33,41,41,15,41,22,22,46,16,16,16,13,13,14,13,13,13,10,7,17,4,5,0,0,4,2,0,2,0,1,0,0,0,0,0,0,0,1,2024-01-08 17:25:49,5
991,958,939,874,48,40,58,18,34,25,27,27,45,26,25,25,33,13,13,13,8,8,10,8,8,8,10,11,17,2,7,9,6,4,2,0,3,2,0,0,1,1,1,2,1,0,2,2024-01-08 17:27:49,0
1021,975,955,880,120,100,79,44,53,39,42,42,30,39,18,18,61,24,24,24,20,20,24,20,20,20,16,3,22,7,12,8,6,4,2,2,0,2,2,0,1,1,1,2,1,1,0,2024-01-08 17:29:49,2
1024,978,1306,876,126,105,95,44,47,47,38,38,30,37,25,25,70,27,27,27,21,21,23,21,21,21,28,10,18,7,8,0,0,4,2,1,4,0,2,0,0,0,0,0,0,0,0,2024-01-08 17:31:49,7
1024,979,918,842,114,95,94,41,53,40,48,48,45,40,29,29,65,22,22,22,19,19,22,19,19,19,19,14,27,5,7,9,6,4,1,6,0,2,0,0,1,1,1,2,1,1,1,2024-01-08 17:33:49,4
989,955,1229,825,84,70,70,29,40,29,33,33,15,33,26,26,44,15,15,15,14,14,15,14,14,14,14,8,16,6,7,0,0,4,2,0,0,0,1,1,0,0,0,0,0,0,1,2024-01-08 17:35:49,3
1012,976,910,836,114,95,85,39,39,35,32,32,45,30,30,30,55,20,20,20,19,19,20,19,19,19,16,11,22,6,7,9,6,4,2,1,0,2,0,1,1,1,1,2,1,0,2,2024-01-08 17:37:49,5
1007,969,934,852,95,79,94,31,41,45,44,44,15,40,31,31,64,17,17,16,16,16,15,16,16,16,30,10,14,10,1,0,0,4,2,3,1,0,2,1,0,0,0,0,0,0,0,2024-01-08 17:39:49,12
1027,988,1268,823,163,136,109,60,58,54,54,54,45,52,23,23,85,32,32,33,27,27,33,27,27,27,38,5,17,13,4,9,6,4,2,4,0,2,0,2,1,1,1,2,1,2,0,2024-01-08 17:41:49,1
994,967,979,909,83,69,75,31,37,35,36,36,45,37,26,26,49,17,17,17,14,14,17,14,14,14,19,7,15,8,1,8,6,4,2,0,0,2,0,0,1,1,1,2,1,1,1,2024-01-08 17:43:49,1
1021,976,1298,859,133,111,110,51,72,46,69,69,15,65,38,38,72,32,32,32,22,22,29,22,22,22,26,10,20,5,4,0,0,4,2,2,3,0,0,2,0,0,0,0,0,0,1,2024-01-08 17:45:49,7
997,960,871,815,60,50,66,21,41,33,41,41,45,36,20,20,46,13,13,13,10,10,11,10,10,10,23,9,15,5,3,7,6,4,2,3,2,2,3,0,1,1,1,2,1,0,2,2024-01-08 17:47:49,7
967,948,937,887,54,45,53,19,26,23,22,22,15,20,22,22,32,9,9,9,9,9,9,9,9,9,15,5,10,2,4,0,0,4,2,0,0,0,0,0,0,0,0,0,0,0,0,2024-01-08 17:49:49,0
1013,975,1375,959,72,60,88,23,60,36,53,53,45,52,30,30,57,12,12,12,12,12,12,12,12,12,18,18,22,4,8,9,6,4,2,1,0,2,1,0,1,1,1,2,1,0,0,2024-01-08 17:51:49,18
1008,969,1011,959,83,69,75,29,39,30,34,34,45,31,28,28,47,16,16,16,14,14,15,14,14,14,12,20,17,3,9,9,6,4,2,2,1,2,7,0,1,1,1,2,1,1,1,2024-01-08 17:53:49,16
970,949,1090,688,59,49,72,23,31,31,29,29,15,29,30,30,42,13,13,14,10,10,14,10,10,10,17,14,12,2,2,0,0,4,2,1,0,0,2,0,0,0,0,0,0,1,1,2024-01-08 17:55:49,3
1003,966,72,0,78,65,77,30,47,41,39,39,45,38,22,22,55,17,17,16,13,13,16,13,13,13,15,7,18,5,9,9,6,4,2,1,0,2,2,0,1,1,1,2,1,0,2,2024-01-08 17:57:49,8
1033,987,80,0,110,92,97,43,64,45,54,54,15,53,33,33,64,25,25,25,18,18,25,18,18,18,13,22,22,7,10,0,0,4,2,1,0,0,2,4,0,0,0,0,0,0,0,2024-01-08 17:59:49,5
1084,1022,485,0,298,248,157,102,72,67,62,62,45,56,38,38,119,58,58,58,50,50,51,50,50,50,13,18,28,5,11,8,6,4,2,2,7,2,1,1,1,1,1,2,1,0,0,2024-01-08 18:01:49,27
1041,999,72,0,98,82,73,41,44,34,39,39,45,33,23,23,50,26,26,26,16,16,25,16,16,16,14,5,17,11,7,8,6,4,2,0,1,2,1,0,1,1,1,2,1,0,1,2024-01-08 18:03:49,3
988,964,412,0,125,104,75,43,24,27,22,22,15,21,25,25,50,26,26,26,21,21,22,21,21,21,21,6,9,3,2,0,0,4,2,2,4,0,0,0,0,0,0,0,0,1,1,2024-01-08 18:05:49,2
1008,976,938,860,127,106,76,44,39,35,33,33,45,32,21,21,56,23,23,23,21,21,23,21,21,21,13,3,19,4,7,8,6,4,2,0,0,2,1,1,1,1,1,2,1,1,2,2024-01-08 18:07:49,1
993,970,924,854,132,110,82,45,32,37,28,28,15,27,21,21,60,23,23,23,22,22,23,22,22,22,9,8,16,4,4,0,0,4,2,1,0,0,1,0,0,0,0,0,0,0,0,2024-01-08 18:09:49,9
1008,970,1292,875,102,85,84,35,47,39,42,42,45,42,28,28,56,20,20,20,17,17,18,17,17,17,14,10,20,4,4,9,6,4,2,0,2,2,2,0,1,1,1,2,1,0,0,2024-01-08 18:11:49,2
1025,990,930,853,120,100,80,47,39,38,35,35,45,35,22,22,58,27,27,27,20,20,27,20,20,20,21,4,19,8,5,7,6,4,2,0,0,2,1,0,1,1,1,2,1,1,1,2024-01-08 18:13:49,0
1124,1102,1306,845,376,305,125,184,28,28,27,27,15,23,22,22,103,116,116,116,71,71,113,71,71,71,16,2,5,6,1,0,0,4,2,4,3,0,3,0,0,0,0,0,0,0,1,2024-01-08 18:15:49,16
1027,1002,894,833,184,162,63,67,24,18,22,22,45,20,22,22,41,47,47,47,22,22,45,22,22,22,9,3,12,6,4,9,6,4,2,1,2,2,0,4,1,1,1,2,1,1,2,2024-01-08 18:17:49,3
960,937,912,849,64,53,64,26,29,24,25,25,15,26,29,29,35,15,15,15,11,11,15,11,11,11,7,3,9,3,4,0,0,4,2,0,0,0,1,4,0,0,0,0,0,1,0,2024-01-08 18:19:49,0
1053,1019,1294,838,230,192,118,95,40,33,34,34,45,30,45,45,73,57,57,57,38,38,57,38,38,38,13,2,19,1,7,9,6,4,2,2,0,2,1,2,1,1,1,2,1,0,0,2024-01-08 18:21:49,2
1097,1059,1012,887,288,240,129,113,54,41,48,48,30,43,39,39,90,66,66,66,48,48,65,48,48,48,14,4,26,4,8,0,0,4,2,1,1,0,0,1,0,0,0,0,0,0,1,2024-01-08 18:23:49,5
1022,987,1295,874,174,145,89,63,54,33,47,47,30,43,26,26,63,34,34,34,29,29,34,29,29,29,9,8,20,3,8,8,6,4,2,1,0,2,1,0,1,1,1,2,1,0,1,2024-01-08 18:25:49,5
1005,978,883,814,120,100,81,45,33,26,28,28,45,26,34,34,47,24,24,25,20,20,25,20,20,20,15,12,10,8,7,8,6,4,2,1,0,2,0,0,1,1,1,2,1,0,2,2024-01-08 18:27:49,3
1055,996,1044,880,179,148,202,64,78,106,73,73,15,52,44,44,159,37,37,36,31,31,34,30,30,30,112,18,13,28,6,0,0,4,2,22,2,0,0,0,0,0,0,0,0,1,0,2024-01-08 18:29:49,2
1036,1003,1381,952,163,137,93,65,34,28,30,30,45,29,37,37,55,43,43,43,26,26,38,27,27,27,8,10,16,4,4,7,6,4,2,1,5,2,1,1,1,1,1,2,1,1,0,2024-01-08 18:31:49,0
1041,1001,1071,981,132,110,104,48,50,48,44,44,30,41,31,31,73,26,26,26,22,22,26,22,22,22,27,12,16,13,6,0,0,4,2,3,0,0,0,0,0,0,0,0,0,0,1,2024-01-08 18:33:49,1
976,950,1095,687,72,60,68,35,30,30,27,27,30,26,25,25,43,26,26,26,12,12,23,12,12,12,20,2,16,3,3,8,6,4,2,1,3,2,0,2,1,1,1,2,1,0,1,2024-01-08 18:35:49,4
985,959,61,0,108,90,67,40,28,24,23,23,45,23,25,25,42,23,23,23,18,18,22,18,18,18,7,7,15,2,5,8,6,4,2,0,1,2,0,2,1,1,1,2,1,0,2,2024-01-08 18:37:49,0
957,930,36,0,24,20,39,6,30,26,29,29,15,27,9,9,30,4,4,4,4,4,3,4,3,3,9,3,16,4,1,0,0,4,2,0,1,0,0,1,0,0,0,0,0,0,0,2024-01-08 18:39:49,1
993,954,396,0,58,48,58,19,43,36,37,37,45,37,10,10,48,9,9,9,10,10,9,10,10,10,23,4,20,4,7,7,6,4,2,1,0,2,1,0,1,1,1,2,1,1,0,2024-01-08 18:41:49,5
1002,967,76,0,110,92,77,39,52,43,43,43,30,42,14,14,63,21,21,21,18,18,21,18,18,18,21,2,16,7,9,0,0,4,2,2,0,0,0,0,0,0,0,0,0,1,1,2024-01-08 18:43:49,2
960,941,378,0,30,25,39,11,20,18,19,19,30,20,16,16,23,6,6,6,5,5,6,5,5,5,14,4,7,3,2,8,6,4,2,0,0,2,0,1,1,1,1,2,1,1,1,2024-01-08 18:45:49,3
989,967,918,852,102,85,69,37,35,31,31,31,45,31,21,21,48,20,20,20,17,17,20,17,17,17,11,6,10,5,4,8,6,4,2,0,0,2,1,1,1,1,1,2,1,0,2,2024-01-08 18:47:49,11
979,964,941,880,92,76,64,34,21,21,19,19,15,18,28,28,37,18,18,18,16,16,18,16,16,16,10,4,9,2,2,0,0,4,2,0,0,0,0,2,0,0,0,0,0,0,0,2024-01-08 18:49:49,10
979,959,1278,865,100,84,57,34,86,23,83,83,45,84,17,17,39,18,18,18,16,16,18,16,16,16,13,3,11,3,3,9,6,4,2,0,0,2,1,0,1,1,1,2,1,1,0,2024-01-08 18:51:49,9
1021,1001,903,856,162,135,53,55,20,10,19,19,30,16,15,15,38,29,29,29,27,27,28,27,27,27,4,5,7,4,2,0,0,4,2,1,1,0,0,1,0,0,0,0,0,0,1,2024-01-08 18:53:49,21
929,915,1201,813,30,25,45,10,27,25,26,26,30,27,15,15,30,5,5,5,5,5,5,5,5,5,10,2,9,3,1,9,6,4,2,0,0,2,0,0,1,1,1,2,1,1,1,2024-01-08 18:55:49,0
974,958,898,844,72,60,57,24,23,22,20,20,30,19,22,22,35,13,13,13,12,12,12,12,12,12,11,6,10,3,3,0,0,4,2,1,1,0,0,1,0,0,0,0,0,0,2,2024-01-08 18:57:49,1
981,960,900,853,100,83,49,33,24,21,24,24,30,21,10,10,39,16,16,16,17,17,16,17,17,17,13,1,10,3,1,8,6,4,2,1,0,2,0,0,1,1,1,2,1,0,0,2024-01-08 18:59:49,10
1349,1316,1430,828,1104,920,267,381,40,35,35,35,45,36,48,48,219,202,202,202,184,184,198,184,183,183,18,13,13,5,5,9,6,4,2,0,4,2,0,4,1,1,1,2,1,1,0,2024-01-08 19:01:49,23
1012,991,945,881,114,95,69,47,42,27,40,40,30,37,22,22,47,28,28,28,19,19,28,19,19,19,16,4,9,5,3,0,0,4,2,1,0,0,0,1,0,0,0,0,0,0,1,2024-01-08 19:03:49,3
981,953,1277,865,114,95,72,47,33,30,31,31,30,29,22,22,50,32,32,32,19,19,28,19,19,19,15,3,7,8,2,9,6,4,2,1,4,2,2,0,1,1,1,2,1,0,1,2024-01-08 19:05:49,1
1008,984,879,819,108,90,72,40,25,21,21,21,30,20,33,33,39,22,22,22,18,18,22,18,18,18,10,15,13,1,5,0,0,4,2,0,0,0,1,0,0,0,0,0,0,1,2,2024-01-08 19:07:49,2
989,959,935,870,54,45,78,22,38,36,36,36,30,34,31,31,47,13,13,12,9,9,12,9,9,9,18,13,13,7,2,2,6,4,2,2,0,2,5,0,1,1,1,2,1,0,0,2024-01-08 19:09:49,0
954,937,1335,959,30,25,33,11,23,22,23,23,45,23,6,6,27,6,6,7,5,5,7,5,5,5,20,1,7,4,0,8,6,4,2,0,0,2,1,0,1,1,1,2,1,0,0,2024-01-08 19:11:49,0
961,940,1012,964,60,50,49,21,31,26,27,27,30,26,12,12,37,13,13,13,10,10,11,10,10,10,11,2,6,6,4,0,0,4,2,1,2,0,1,0,0,0,0,0,0,1,1,2024-01-08 19:13:49,6
985,958,1129,733,80,67,60,29,26,23,26,26,30,21,21,21,39,20,20,20,13,13,16,13,13,13,19,4,8,9,1,4,6,4,2,3,4,2,0,1,1,1,1,2,1,0,1,2024-01-08 19:15:49,1
962,946,41,0,48,40,46,17,26,22,23,23,30,24,16,16,30,9,9,9,8,8,9,8,8,8,8,6,5,5,3,0,0,4,1,0,0,0,1,0,0,0,0,0,0,1,2,2024-01-08 19:17:49,1
952,947,36,0,36,30,37,13,12,17,12,12,30,13,15,15,23,7,7,7,6,6,7,6,6,6,11,3,2,0,0,8,6,4,2,0,0,2,0,0,1,1,1,2,1,1,0,2024-01-08 19:19:49,2
959,940,377,0,30,25,42,10,26,24,24,24,45,24,12,12,29,5,5,5,5,5,5,5,5,5,14,6,12,5,2,8,6,4,2,0,0,2,1,0,1,1,1,2,1,0,0,2024-01-08 19:21:49,1
950,934,38,0,24,20,46,9,26,21,24,24,30,23,19,19,27,5,5,5,4,4,5,4,4,4,8,7,5,3,2,0,0,4,2,1,0,0,2,0,0,0,0,0,0,0,1,2024-01-08 19:23:49,1
950,931,377,0,18,15,39,6,23,25,22,22,30,23,11,11,28,3,3,3,3,3,3,3,3,3,20,5,7,5,1,8,6,4,2,0,0,2,1,0,1,1,1,2,1,1,1,2024-01-08 19:25:49,0
1018,985,926,859,108,90,70,42,41,32,34,34,30,32,18,18,52,24,24,24,18,18,24,18,18,18,15,3,14,7,7,0,0,4,2,2,0,0,0,0,0,0,0,0,0,0,2,2024-01-08 19:27:49,5
989,960,922,852,84,70,71,33,43,36,34,34,30,34,20,20,51,19,19,19,14,14,19,14,14,14,13,1,13,3,9,7,6,4,2,1,0,2,1,1,1,1,1,2,1,1,0,2024-01-08 19:29:49,3
982,941,1291,882,72,60,71,31,49,45,44,44,45,42,13,13,58,23,23,23,12,12,19,12,12,12,23,6,17,9,5,9,6,4,2,1,4,2,2,0,1,1,1,2,1,0,0,2024-01-08 19:31:49,10
984,963,876,842,30,25,38,14,24,19,21,21,30,21,14,14,24,11,11,11,5,5,9,5,5,5,11,6,4,6,3,0,0,4,2,0,2,0,1,1,0,0,0,0,0,0,1,2024-01-08 19:33:49,3
951,939,1242,856,42,35,47,20,17,18,17,17,30,16,21,21,26,13,13,13,7,7,13,7,7,7,9,2,6,3,0,8,6,4,2,1,0,2,2,0,1,1,1,2,1,0,1,2024-01-08 19:35:49,0
985,967,868,827,90,75,46,33,21,12,17,17,30,15,18,18,28,18,18,18,15,15,18,15,15,15,2,5,9,1,4,0,0,4,2,1,0,0,0,0,0,0,0,0,0,1,2,2024-01-08 19:37:49,4
949,935,897,862,18,15,35,8,24,25,23,23,30,22,6,6,29,5,5,5,3,3,5,3,3,3,11,1,4,8,1,8,6,4,2,1,0,2,1,0,1,1,1,2,1,0,0,2024-01-08 19:39:49,2
963,945,1232,843,88,73,46,35,22,20,22,22,30,20,10,10,36,19,19,20,15,15,20,15,15,15,18,0,5,4,1,0,0,4,2,1,0,0,1,0,0,0,0,0,0,1,0,2024-01-08 19:41:49,1
968,943,932,883,20,17,51,7,29,37,27,27,45,23,9,9,42,5,5,4,3,3,4,3,3,3,33,1,6,12,3,7,6,4,2,2,0,2,0,0,1,1,1,2,1,0,1,2024-01-08 19:43:49,2
978,937,1313,881,42,35,96,17,75,72,73,73,30,68,12,12,84,10,10,10,7,7,10,7,7,7,18,1,8,22,2,9,6,4,2,5,0,2,5,0,1,1,1,2,1,0,1,2024-01-08 19:45:49,7
1001,956,974,823,48,40,155,17,114,122,111,111,30,112,24,24,131,9,9,9,8,8,9,8,8,8,14,8,10,28,3,0,0,4,2,1,0,0,5,0,0,0,0,0,0,2,2,2024-01-08 19:47:49,0
994,942,983,872,30,25,119,12,91,88,87,87,30,86,25,25,94,7,7,7,5,5,7,5,5,5,11,7,8,30,4,8,6,4,2,1,0,2,5,1,1,1,1,2,1,0,0,2024-01-08 19:49:49,0
997,957,1417,966,54,45,105,19,72,70,69,69,30,70,26,26,79,10,10,10,9,9,10,9,9,9,16,12,8,19,3,0,0,4,2,0,0,0,4,0,0,0,0,0,0,1,0,2024-01-08 19:51:49,3
954,935,997,947,12,10,57,4,41,41,41,41,45,41,14,14,43,2,2,2,2,2,2,2,2,2,11,8,4,9,0,8,6,4,2,0,0,2,5,0,1,1,1,2,1,0,1,2024-01-08 19:53:49,0
954,934,1083,687,12,10,60,4,39,38,38,38,30,38,20,20,40,2,2,2,2,2,2,2,2,2,13,8,11,4,1,7,6,4,2,0,0,2,1,0,1,1,1,2,1,0,1,2024-01-08 19:55:49,0
1024,937,255,0,24,20,284,9,141,232,140,140,30,110,18,18,266,5,5,5,4,4,5,4,4,4,225,4,10,59,2,0,0,4,2,30,0,0,2,0,0,0,0,0,0,0,2,2024-01-08 19:57:49,1
993,962,50,0,24,20,72,9,47,34,47,47,30,46,29,29,43,5,5,5,4,4,5,4,4,4,19,18,9,10,3,9,6,4,2,2,0,2,3,1,1,1,1,2,1,1,0,2024-01-08 19:59:49,13
1003,951,471,0,54,45,135,19,100,96,99,99,30,92,23,23,112,14,14,14,9,9,10,9,9,9,48,13,14,22,3,0,0,4,2,7,4,0,4,3,0,0,0,0,0,0,0,2024-01-08 20:01:49,5
963,938,31,0,12,10,35,4,30,20,29,29,45,30,13,13,22,2,2,2,2,2,2,2,2,2,12,6,8,14,0,8,6,4,2,0,0,2,1,0,1,1,1,2,1,1,1,2024-01-08 20:03:49,0
960,936,393,0,30,25,60,10,38,36,37,37,30,36,18,18,42,9,9,9,5,5,5,5,5,5,13,8,7,11,1,9,6,4,2,1,4,2,0,0,1,1,1,2,1,0,1,2024-01-08 20:05:49,1
970,942,944,857,6,5,89,3,72,72,72,72,30,72,16,16,73,2,2,2,1,1,2,1,1,1,10,5,5,18,0,0,0,4,2,0,0,0,4,0,0,0,0,0,0,0,2,2024-01-08 20:07:49,0
956,936,890,844,18,15,51,6,28,27,28,28,30,28,21,21,30,3,3,3,3,3,3,3,3,3,10,6,8,6,1,4,6,4,2,0,0,2,2,0,1,1,1,2,1,0,0,2024-01-08 20:09:49,4
955,931,1289,884,24,20,73,8,45,48,44,44,30,44,20,20,53,4,4,4,4,4,4,4,4,4,14,13,6,13,1,0,0,4,2,1,0,0,2,1,0,0,0,0,0,1,0,2024-01-08 20:11:49,0
966,955,884,847,18,15,46,6,21,26,20,20,45,20,17,17,29,3,3,3,3,3,3,3,3,3,10,9,9,2,1,9,6,4,2,0,0,2,0,0,1,1,1,2,1,0,1,2024-01-08 20:13:49,0
948,918,1254,850,6,5,68,2,46,54,46,46,15,43,9,9,59,1,1,1,1,1,1,1,1,1,37,3,5,14,0,0,0,4,2,4,0,0,2,0,0,0,0,0,0,1,1,2024-01-08 20:15:49,0
963,941,891,836,12,10,60,4,36,44,36,36,45,35,13,13,47,2,2,2,2,2,2,2,2,2,21,4,5,14,0,9,6,4,2,1,0,2,1,0,1,1,1,2,1,0,2,2024-01-08 20:17:49,0
953,924,936,862,24,20,79,14,52,52,52,52,30,47,17,17,62,10,10,10,4,4,10,4,4,4,27,1,3,16,0,8,6,4,2,6,0,2,2,0,1,1,1,2,1,1,0,2024-01-08 20:19:49,0
936,929,1182,818,12,10,26,8,13,15,13,13,30,12,8,8,18,6,6,6,2,2,6,2,2,2,10,3,2,4,0,0,0,4,2,1,0,0,0,0,0,0,0,0,0,0,0,2024-01-08 20:21:49,0
970,957,950,917,24,20,36,8,18,14,17,17,45,17,17,17,19,4,4,4,4,4,4,4,4,4,1,4,3,6,1,9,6,4,2,1,0,2,1,0,1,1,1,2,1,1,1,2024-01-08 20:23:49,1
942,924,1259,866,30,25,53,10,38,39,37,37,15,36,8,8,45,5,5,5,5,5,5,5,5,5,6,1,4,10,1,0,0,4,2,1,0,0,3,0,0,0,0,0,0,0,1,2024-01-08 20:25:49,1
959,940,887,834,24,20,56,8,37,39,36,36,45,37,13,13,43,4,4,4,4,4,4,4,4,4,12,4,9,9,1,8,6,4,2,0,0,2,0,0,1,1,1,2,1,1,2,2024-01-08 20:27:49,0
951,940,911,883,24,20,33,8,16,13,15,15,30,15,16,16,17,4,4,4,4,4,4,4,4,4,10,5,5,1,1,8,6,4,2,0,0,2,0,1,1,1,1,2,1,0,0,2024-01-08 20:29:49,0
942,918,1359,971,12,10,45,4,36,34,38,38,30,33,8,8,37,6,6,6,2,2,2,2,2,2,9,3,8,10,0,0,0,4,2,1,4,0,0,0,0,0,0,0,0,0,0,2024-01-08 20:31:49,5
977,955,981,947,30,25,38,10,30,23,28,28,45,24,9,9,29,5,5,5,5,5,5,5,5,5,8,4,13,2,3,9,6,4,2,1,0,2,1,0,1,1,1,2,1,0,1,2024-01-08 20:33:49,3
952,926,1065,666,24,20,64,8,40,39,40,40,15,39,20,20,44,4,4,4,4,4,4,4,4,4,6,8,9,9,0,0,0,4,2,1,0,0,2,1,0,0,0,0,0,1,1,2024-01-08 20:35:49,1
1014,948,174,0,48,40,177,16,297,154,295,295,45,295,15,15,162,8,8,8,8,8,8,8,8,8,11,3,9,34,1,8,6,4,2,0,0,2,4,0,1,1,1,2,1,0,2,2024-01-08 20:37:49,0
963,946,32,0,12,10,47,4,25,22,28,28,30,27,18,18,29,2,2,2,2,2,2,2,2,2,22,11,5,4,0,7,6,4,2,2,0,2,3,0,1,1,1,2,1,1,0,2024-01-08 20:39:49,13
983,950,434,0,90,75,94,42,82,48,81,81,30,80,30,30,64,31,31,31,15,15,27,15,15,15,22,3,11,13,3,0,0,4,2,1,4,0,0,0,0,0,0,0,0,0,0,2024-01-08 20:41:49,2
972,952,59,0,18,15,59,6,46,46,46,46,45,46,10,10,49,3,3,3,3,3,3,3,3,3,9,1,7,7,0,9,6,4,2,0,0,2,1,0,1,1,1,2,1,0,1,2024-01-08 20:43:49,0
955,939,392,0,58,48,57,19,29,30,27,27,15,25,15,15,42,9,9,9,10,10,9,10,10,10,19,5,7,3,2,0,0,4,2,2,0,0,0,0,0,0,0,0,0,0,1,2024-01-08 20:45:49,0
987,966,914,850,110,92,64,37,28,28,28,28,45,28,17,17,47,19,19,19,18,18,19,18,18,18,14,2,9,7,0,8,6,4,2,1,0,2,1,0,1,1,1,2,1,1,2,2024-01-08 20:47:49,1
956,938,924,874,12,10,47,4,29,29,29,29,30,28,15,15,32,2,2,2,2,2,2,2,2,2,14,5,3,11,0,8,6,4,2,1,0,2,0,0,1,1,1,2,1,0,0,2024-01-08 20:49:49,3
943,925,1285,882,36,30,47,14,26,25,26,26,30,27,15,15,32,8,8,8,6,6,8,6,6,6,12,3,4,9,0,0,0,4,2,1,0,0,0,0,0,0,0,0,0,2,0,2024-01-08 20:51:49,0
970,951,894,844,36,30,51,11,34,36,34,34,45,33,8,8,43,7,7,7,6,6,6,6,5,5,9,1,7,8,0,7,6,4,2,1,1,2,1,1,1,1,1,2,1,0,1,2024-01-08 20:53:49,4
939,918,1216,827,6,5,48,2,33,36,33,33,15,32,10,10,38,1,1,1,1,1,1,1,1,1,15,3,13,9,1,0,0,4,2,1,0,0,0,0,0,0,0,0,0,0,1,2024-01-08 20:55:49,1
967,946,882,824,36,30,50,12,36,29,33,33,45,32,14,14,36,6,6,6,6,6,6,6,6,6,9,2,10,3,3,4,6,4,2,1,0,2,2,0,1,1,1,2,1,1,2,2024-01-08 20:57:49,1
957,933,881,847,6,5,43,2,34,28,33,33,15,30,11,11,32,1,1,1,1,1,1,1,1,1,14,6,9,9,1,0,0,4,2,3,0,0,0,0,0,0,0,0,0,0,0,2024-01-08 20:59:49,0
960,923,1274,843,24,20,93,9,56,71,56,56,45,50,11,11,82,9,9,9,4,4,5,4,4,4,63,5,10,16,0,4,6,4,2,7,4,2,1,2,1,1,1,2,1,1,0,2024-01-08 21:01:49,1
989,967,948,904,40,33,55,14,54,29,53,53,45,51,17,17,38,7,7,7,7,7,7,7,7,7,14,10,13,2,1,9,6,4,2,2,0,2,1,0,1,1,1,2,1,0,1,2024-01-08 21:03:49,1
970,940,1268,862,14,12,82,5,48,52,46,46,15,46,28,28,54,7,7,7,2,2,3,2,2,2,17,18,11,11,2,0,0,4,2,0,4,0,2,1,0,0,0,0,0,0,1,2024-01-08 21:05:49,2
962,947,861,826,42,35,38,15,20,18,19,19,45,17,11,11,27,8,8,8,7,7,8,7,7,7,15,3,5,4,1,4,6,4,2,2,0,2,0,0,1,1,1,2,1,0,2,2024-01-08 21:07:49,1
956,935,940,879,42,35,65,15,41,42,40,40,15,41,16,16,49,8,8,8,7,7,8,7,7,7,19,10,9,10,1,0,0,4,1,0,0,0,1,0,0,0,0,0,0,1,0,2024-01-08 21:09:49,0
947,932,1332,955,6,5,41,2,27,29,27,27,45,22,6,6,35,1,1,1,1,1,1,1,1,1,24,3,4,5,0,5,6,4,2,5,0,2,0,0,1,1,1,2,1,0,0,2024-01-08 21:11:49,6
1012,958,1123,976,24,20,154,9,119,134,118,118,45,119,16,16,138,5,5,5,4,4,5,4,4,4,8,8,8,33,1,8,6,4,2,0,0,2,0,0,1,1,1,2,1,1,1,2024-01-08 21:13:49,1
974,926,1150,689,24,20,125,8,125,111,125,125,15,125,10,10,115,4,4,4,4,4,4,4,4,4,11,6,7,25,0,0,0,4,2,0,0,0,1,0,0,0,0,0,0,0,1,2024-01-08 21:15:49,0
1011,934,196,0,18,15,199,6,183,186,182,182,45,181,9,9,190,3,3,3,3,3,3,3,3,3,10,1,6,44,2,7,6,4,2,1,0,2,0,1,1,1,1,2,1,0,2,2024-01-08 21:17:49,5
950,935,36,0,36,30,41,11,21,18,19,19,15,19,16,16,25,7,7,7,6,6,6,6,5,5,7,6,8,3,2,0,0,4,2,1,1,0,0,0,0,0,0,0,0,1,0,2024-01-08 21:19:49,1
986,949,398,0,36,30,72,12,51,44,46,46,45,45,21,21,51,6,6,6,6,6,6,6,6,6,9,17,13,10,5,8,6,4,2,1,0,2,5,1,1,1,1,2,1,0,0,2024-01-08 21:21:49,0
963,951,34,0,18,15,33,6,15,16,14,14,45,15,14,14,19,3,3,3,3,3,3,3,3,3,8,1,6,3,1,8,6,4,2,0,0,2,0,2,1,1,1,2,1,1,1,2024-01-08 21:23:49,0
985,921,514,0,18,15,174,7,175,159,174,174,15,175,12,12,162,4,4,4,3,3,4,3,3,3,9,4,6,36,1,0,0,4,2,0,0,0,1,0,0,0,0,0,0,1,1,2024-01-08 21:25:49,0
957,936,920,871,24,20,53,10,36,33,36,36,45,36,16,16,37,8,8,8,4,4,6,4,4,4,14,4,5,7,0,8,6,4,2,0,2,2,2,0,1,1,1,2,1,0,2,2024-01-08 21:27:49,0
958,941,900,860,12,10,49,4,27,27,25,25,15,25,20,20,29,3,3,3,2,2,2,2,2,2,7,10,4,5,2,0,0,4,2,0,1,0,1,0,0,0,0,0,0,0,0,2024-01-08 21:29:49,2
949,930,1247,874,12,10,28,4,21,18,20,20,45,20,7,7,21,8,8,8,2,2,2,2,2,2,8,2,8,2,1,7,6,4,2,1,6,2,0,0,1,1,1,2,1,1,0,2024-01-08 21:31:49,1
962,942,885,847,6,5,39,2,30,31,30,30,30,29,6,6,33,5,5,5,1,1,1,1,1,1,17,1,8,4,0,0,0,4,2,1,4,0,2,0,0,0,0,0,0,0,1,2024-01-08 21:33:49,4
931,921,1224,840,24,20,54,8,29,26,28,28,30,26,22,22,32,4,4,4,4,4,4,4,4,4,8,10,3,5,2,8,6,4,2,2,0,2,0,0,1,1,1,2,1,0,1,2024-01-08 21:35:49,7
954,945,865,835,30,25,37,10,17,15,15,15,45,16,17,17,20,5,5,5,5,5,5,5,5,5,3,8,6,2,2,7,6,4,2,0,0,2,0,0,1,1,1,2,1,1,2,2024-01-08 21:37:49,4
962,940,908,861,30,25,49,10,38,35,36,36,15,35,8,8,41,5,5,5,5,5,5,5,5,5,6,3,8,12,3,0,0,4,2,1,0,0,0,0,0,0,0,0,0,0,0,2024-01-08 21:39:49,1
951,930,1226,846,12,10,39,6,37,32,35,35,45,33,3,3,36,4,4,4,2,2,4,2,2,2,9,0,9,9,3,8,6,4,2,2,0,2,0,0,1,1,1,2,1,0,0,2024-01-08 21:41:49,1
959,948,940,909,30,25,29,10,15,15,13,13,30,14,9,9,20,5,5,5,5,5,5,5,5,5,6,1,10,1,2,0,0,4,2,0,0,0,0,0,0,0,0,0,0,1,1,2024-01-08 21:43:49,0
928,916,1259,873,14,12,48,4,34,32,34,34,30,34,14,14,34,2,2,2,2,2,2,2,2,2,9,4,5,6,0,8,6,4,2,0,0,2,1,1,1,1,1,2,1,0,1,2024-01-08 21:45:49,0
950,931,858,814,10,8,41,4,34,29,34,34,45,34,10,10,31,2,2,2,2,2,2,2,2,2,11,0,3,6,0,6,6,4,2,0,0,2,4,0,1,1,1,2,1,0,2,2024-01-08 21:47:49,0
948,934,961,906,6,5,49,2,21,33,21,21,15,21,14,14,35,1,1,1,1,1,1,1,1,1,30,3,1,10,0,0,0,4,2,1,0,0,1,1,0,0,0,0,0,1,0,2024-01-08 21:49:49,0
956,932,1362,953,18,15,54,6,41,39,41,41,45,40,11,11,43,3,3,3,3,3,3,3,3,3,14,1,10,7,0,9,6,4,2,1,0,2,3,1,1,1,1,2,1,0,0,2024-01-08 21:51:49,0
946,929,995,953,24,20,42,8,34,33,33,33,30,32,4,4,38,4,4,4,4,4,4,4,4,4,11,0,7,4,1,0,0,4,2,1,0,0,1,0,0,0,0,0,0,1,1,2024-01-08 21:53:49,2
936,926,1015,640,12,10,33,4,19,19,19,19,30,20,12,12,21,2,2,2,2,2,2,2,2,2,9,5,3,5,0,8,6,4,2,0,0,2,0,1,1,1,1,2,1,1,1,2024-01-08 21:55:49,0
966,942,61,0,48,40,53,16,38,33,31,31,45,31,12,12,41,8,8,8,8,8,8,8,8,8,4,0,7,2,7,8,6,4,2,0,0,2,4,0,1,1,1,2,1,0,2,2024-01-08 21:57:49,2
956,944,38,0,36,30,40,12,18,20,18,18,15,19,14,14,26,6,6,6,6,6,6,6,6,6,10,3,9,5,0,0,0,4,2,0,0,0,0,1,0,0,0,0,0,1,0,2024-01-08 21:59:49,0
980,953,422,0,70,58,69,25,45,47,45,45,45,41,6,6,63,17,17,17,12,12,13,12,12,12,13,2,7,10,0,8,6,4,2,4,4,2,0,0,1,1,1,2,1,0,0,2024-01-08 22:01:49,2
956,943,29,0,26,22,27,11,11,12,11,11,30,11,11,11,16,9,9,9,4,4,7,4,4,4,6,1,7,2,0,0,0,4,2,0,2,0,0,0,0,0,0,0,0,0,1,2024-01-08 22:03:49,5
946,922,384,0,18,15,47,6,31,28,30,30,30,30,15,15,32,6,6,6,3,3,3,3,3,3,9,5,7,5,1,7,6,4,2,1,3,2,2,0,1,1,1,2,1,1,1,2024-01-08 22:05:49,2
977,952,911,851,30,25,65,19,42,40,41,41,45,40,19,19,46,16,16,16,5,5,14,5,5,5,13,5,6,10,1,8,6,4,2,1,2,2,2,0,1,1,1,2,1,0,2,2024-01-08 22:07:49,1
955,940,882,854,18,15,28,6,17,16,16,16,15,16,9,9,19,8,8,8,3,3,3,3,3,3,9,5,5,2,1,0,0,4,2,0,5,0,0,0,0,0,0,0,0,0,0,2024-01-08 22:09:49,0
928,907,1251,868,18,15,37,6,29,31,28,28,45,29,4,4,34,4,4,4,3,3,3,3,3,3,9,0,13,7,1,8,6,4,2,0,1,2,0,1,1,1,1,2,1,1,0,2024-01-08 22:11:49,0
967,947,899,861,6,5,41,2,32,30,32,32,30,31,8,8,32,2,2,2,1,1,1,1,1,1,8,1,8,10,0,0,0,4,2,1,1,0,0,0,0,0,0,0,0,0,1,2024-01-08 22:13:49,2
951,932,1211,825,12,10,54,4,33,35,33,33,30,31,15,15,39,2,2,2,2,2,2,2,2,2,12,8,9,7,0,7,6,4,2,2,0,2,0,1,1,1,1,2,1,0,1,2024-01-08 22:15:49,0
968,941,883,823,42,35,64,14,49,43,46,46,30,44,10,10,54,7,7,7,7,7,7,7,7,7,11,1,8,9,4,0,0,4,2,3,0,0,2,1,0,0,0,0,0,1,2,2024-01-08 22:17:49,5
929,922,896,874,8,6,25,4,12,11,12,12,30,12,12,12,13,1,1,2,2,2,2,2,2,2,11,3,3,1,0,8,6,4,2,0,0,2,0,0,1,1,1,2,1,0,0,2024-01-08 22:19:49,1
955,932,1217,837,22,19,40,6,31,30,32,32,45,30,6,6,34,4,4,3,3,3,3,3,3,3,10,2,7,8,0,9,6,4,2,1,0,2,3,0,1,1,1,2,1,0,0,2024-01-08 22:21:49,1
958,944,943,902,12,10,42,4,21,24,22,22,30,21,14,14,28,2,2,2,2,2,2,2,2,2,11,1,4,6,0,0,0,4,2,2,0,0,2,1,0,0,0,0,0,1,1,2024-01-08 22:23:49,1
955,932,1255,869,18,15,47,6,55,35,55,55,30,55,8,8,39,3,3,3,3,3,3,3,3,3,9,3,6,12,1,6,6,4,2,1,0,2,3,0,1,1,1,2,1,1,1,2024-01-08 22:25:49,4
942,924,887,836,6,5,52,2,38,39,38,38,30,39,12,12,40,1,1,1,1,1,1,1,1,1,7,2,3,13,0,0,0,4,2,0,0,0,1,0,0,0,0,0,0,1,2,2024-01-08 22:27:49,0
944,925,913,884,12,10,31,4,16,15,14,14,30,15,14,14,17,2,2,2,2,2,2,2,2,2,9,3,5,5,1,9,6,4,2,0,0,2,0,1,1,1,1,2,1,1,0,2024-01-08 22:29:49,0
950,930,1366,965,0,0,58,0,49,48,49,49,45,49,10,10,48,4,4,4,0,0,0,0,0,0,7,4,4,9,0,8,6,4,2,0,4,2,1,0,1,1,1,2,1,0,0,2024-01-08 22:31:49,0
952,941,997,969,6,5,29,2,17,20,18,18,30,18,8,8,21,1,1,1,1,1,1,1,1,1,7,2,7,5,0,0,0,4,2,0,0,0,0,0,0,0,0,0,0,0,1,2024-01-08 22:33:49,0
935,919,1049,664,12,10,46,4,32,29,32,32,30,33,15,15,31,2,2,2,2,2,2,2,2,2,8,4,2,9,0,3,6,4,2,0,0,2,1,0,1,1,1,2,1,1,1,2024-01-08 22:35:49,0
941,926,42,0,5,4,48,3,29,31,29,29,30,29,16,16,32,2,2,2,1,1,2,1,1,1,4,7,3,10,0,0,0,4,2,0,0,0,1,0,0,0,0,0,0,0,2,2024-01-08 22:37:49,3
971,948,33,0,31,26,34,10,24,19,21,21,30,21,8,8,26,5,5,5,5,5,5,5,5,5,9,3,11,3,3,8,6,4,2,2,0,2,2,0,1,1,1,2,1,2,0,2024-01-08 22:39:49,1
954,926,397,0,18,15,57,6,47,48,46,46,45,46,6,6,51,3,3,3,3,3,3,3,3,3,10,3,8,18,1,9,6,4,2,0,0,2,2,0,1,1,1,2,1,0,0,2024-01-08 22:41:49,1
965,951,35,0,18,15,37,6,23,21,22,22,30,22,13,13,24,3,3,3,3,3,3,3,3,3,10,3,6,4,1,0,0,4,2,0,0,0,1,1,0,0,0,0,0,0,1,2024-01-08 22:43:49,0
929,908,394,0,12,10,55,4,42,39,41,41,30,41,13,13,42,2,2,2,2,2,2,2,2,2,5,3,1,13,1,8,6,4,2,1,0,2,4,0,1,1,1,2,1,1,1,2024-01-08 22:45:49,0
955,940,882,842,12,10,41,4,27,25,26,26,30,26,14,14,27,2,2,2,2,2,2,2,2,2,12,3,9,4,1,0,0,4,2,0,0,0,0,0,0,0,0,0,0,0,2,2024-01-08 22:47:49,0
963,937,900,834,18,15,59,9,42,43,42,42,30,41,13,13,46,10,10,10,3,3,6,3,3,3,3,3,5,11,0,9,6,4,2,0,4,2,5,0,1,1,1,2,1,0,0,2024-01-08 22:49:49,1
953,937,1288,891,18,15,40,6,19,27,19,19,30,21,10,10,30,7,7,7,3,3,3,3,3,3,8,2,3,7,0,0,0,4,2,0,4,0,2,0,0,0,0,0,0,2,0,2024-01-08 22:51:49,0
960,944,880,853,12,10,28,5,18,19,17,17,45,17,7,7,21,6,6,6,2,2,2,2,2,2,9,2,4,3,1,3,6,4,1,0,4,2,0,1,1,1,1,2,1,0,1,2024-01-08 22:53:49,0
924,912,1201,828,12,10,33,3,23,21,23,23,30,23,10,10,23,8,8,8,2,2,2,2,2,2,5,3,3,2,0,2,6,4,2,0,6,2,2,0,1,1,1,2,1,0,1,2024-01-08 22:55:49,0
949,939,891,833,24,20,49,9,26,28,25,25,30,27,17,17,32,5,5,5,4,4,5,4,4,4,6,3,4,5,1,0,0,4,2,0,0,0,1,0,0,0,0,0,0,2,2,2024-01-08 22:57:49,1
962,938,898,853,6,5,49,3,32,34,32,32,30,32,14,14,35,6,6,6,1,1,2,1,1,1,8,6,5,10,0,8,6,4,2,0,4,2,2,1,1,1,1,2,1,0,0,2024-01-08 22:59:49,0
946,936,1201,834,30,25,21,10,13,11,13,13,30,13,5,5,16,9,9,9,5,5,5,5,5,5,5,4,4,0,0,0,0,4,2,0,4,0,0,0,0,0,0,0,0,0,0,2024-01-08 23:01:49,0
945,931,892,861,6,5,41,2,24,21,25,25,45,24,14,14,27,1,1,1,1,1,1,1,1,1,10,7,3,5,0,7,6,4,2,2,0,2,6,0,1,1,1,2,1,1,1,2024-01-08 23:03:49,9
941,928,1256,883,6,5,38,2,24,20,24,24,30,24,16,16,22,1,1,1,1,1,1,1,1,1,5,7,2,8,0,9,6,4,2,1,0,2,1,0,1,1,1,2,1,1,1,2024-01-08 23:05:49,0
939,926,866,834,0,0,29,0,19,21,19,19,30,19,8,8,21,2,2,2,0,0,0,0,0,0,6,2,2,7,0,0,0,4,2,0,2,0,1,0,0,0,0,0,0,0,2,2024-01-08 23:07:49,0
958,943,920,880,12,10,38,5,26,26,26,26,30,27,10,10,28,4,4,4,2,2,3,2,2,2,2,4,1,8,0,8,6,4,2,0,1,2,4,0,1,1,1,2,1,1,0,2024-01-08 23:09:49,0
932,914,1352,979,12,10,32,4,27,24,26,26,30,24,4,4,28,6,6,6,2,2,2,2,2,2,3,2,4,8,2,0,0,4,2,2,4,0,0,0,0,0,0,0,0,0,0,2024-01-08 23:11:49,2
950,944,997,975,18,15,21,7,10,10,10,10,45,10,7,7,14,5,5,5,3,3,4,3,3,3,2,1,3,1,0,8,6,4,2,1,1,2,0,0,1,1,1,2,1,1,1,2024-01-08 23:13:49,4
951,937,1080,702,30,25,37,11,19,19,19,19,30,20,13,13,24,7,7,7,5,5,6,5,5,5,3,3,2,10,0,9,6,4,2,0,1,2,1,1,1,1,1,2,1,1,1,2024-01-08 23:15:49,0
933,927,25,0,0,0,25,0,16,17,16,16,30,16,8,8,17,0,0,0,0,0,0,0,0,0,5,1,2,2,0,0,0,4,2,0,0,0,1,0,0,0,0,0,0,0,2,2024-01-08 23:17:49,0
951,936,33,0,0,0,41,0,26,24,25,25,30,25,17,17,24,0,0,0,0,0,0,0,0,0,8,8,3,8,1,8,6,4,2,0,0,2,2,0,1,1,1,2,1,0,0,2024-01-08 23:19:49,0
946,920,386,0,18,15,47,6,39,36,38,38,30,36,6,6,41,3,3,3,3,3,3,3,3,3,7,3,6,13,1,0,0,4,2,2,0,0,3,0,0,0,0,0,0,1,0,2024-01-08 23:21:49,4
953,944,29,0,0,0,31,0,18,17,18,18,45,18,14,14,17,0,0,0,0,0,0,0,0,0,7,3,0,4,0,7,6,4,2,0,0,2,3,0,1,1,1,2,1,0,1,2024-01-08 23:23:49,0
929,915,372,0,6,5,32,2,23,22,23,23,30,24,9,9,23,5,5,5,1,1,1,1,1,1,7,3,1,7,0,8,6,4,2,0,4,2,0,1,1,1,1,2,1,1,1,2024-01-08 23:25:49,0
947,936,903,861,18,15,43,9,25,28,25,25,30,26,12,12,31,6,6,6,3,3,6,3,3,3,4,2,1,9,0,0,0,4,2,0,0,0,1,0,0,0,0,0,0,1,2,2024-01-08 23:27:49,0
948,939,882,847,12,10,38,6,18,19,18,18,30,19,17,17,21,4,4,4,2,2,4,2,2,2,5,6,2,5,0,8,6,4,2,0,0,2,1,0,1,1,1,2,1,1,0,2024-01-08 23:29:49,0
945,925,1264,883,6,5,34,2,27,27,26,26,30,26,6,6,28,5,5,5,1,1,1,1,1,1,2,0,3,11,1,0,0,4,2,0,4,0,1,0,0,0,0,0,0,0,0,2024-01-08 23:31:49,0
948,945,876,860,12,10,16,6,5,5,5,5,45,6,9,9,7,4,4,4,2,2,4,2,2,2,3,3,1,1,0,8,6,4,2,0,0,2,0,0,1,1,1,2,1,1,1,2024-01-08 23:33:49,0
947,925,1239,842,12,10,61,4,43,41,43,43,15,41,16,16,45,2,2,2,2,2,2,2,2,2,7,4,3,15,0,0,0,4,2,2,0,0,1,0,0,0,0,0,0,0,1,2024-01-08 23:35:49,2
942,931,865,836,12,10,29,4,16,17,16,16,45,17,10,10,19,5,5,5,2,2,2,2,2,2,5,1,3,5,0,9,6,4,2,0,3,2,1,0,1,1,1,2,1,1,2,2024-01-08 23:37:49,4
945,936,889,866,12,10,24,4,14,13,14,14,30,15,9,9,15,2,2,2,2,2,2,2,2,2,6,3,5,4,1,9,6,4,2,0,0,2,0,0,1,1,1,2,1,1,0,2024-01-08 23:39:49,3
932,920,1219,842,0,0,33,0,29,30,29,29,30,29,3,3,30,0,0,0,0,0,0,0,0,0,3,0,5,7,0,0,0,4,2,0,0,0,2,1,0,0,0,0,0,0,0,2024-01-08 23:41:49,0
937,930,921,898,6,5,24,2,18,12,17,17,45,15,9,9,15,1,1,1,1,1,1,1,1,1,1,0,3,2,2,9,6,4,2,2,0,2,0,1,1,1,1,2,1,0,1,2024-01-08 23:43:49,2
939,926,1271,888,18,15,44,6,29,28,28,28,15,28,12,12,32,3,3,3,3,3,3,3,3,3,6,3,3,9,1,0,0,4,2,1,0,0,0,0,0,0,0,0,0,1,1,2024-01-08 23:45:49,4
939,928,859,829,6,5,28,2,18,16,18,18,45,17,10,10,18,1,1,1,1,1,1,1,1,1,2,0,2,8,0,7,6,4,2,1,0,2,0,0,1,1,1,2,1,0,2,2024-01-08 23:47:49,0
944,935,931,887,12,10,40,4,24,22,23,23,30,23,15,15,25,2,2,2,2,2,2,2,2,2,2,5,3,4,1,8,6,4,2,1,0,2,0,0,1,1,1,2,1,1,0,2024-01-08 23:49:49,0
942,934,1356,972,12,10,29,5,17,15,16,16,30,17,12,12,17,3,3,3,2,2,3,2,2,2,0,3,3,4,1,0,0,4,2,0,0,0,0,0,0,0,0,0,0,1,0,2024-01-08 23:51:49,0
936,929,979,957,0,0,23,0,17,18,17,17,45,17,5,5,18,0,0,0,0,0,0,0,0,0,1,1,0,6,0,9,6,4,2,0,0,2,1,0,1,1,1,2,1,0,1,2024-01-08 23:53:49,0
946,925,1016,614,12,10,64,4,43,46,44,44,15,44,14,14,50,2,2,2,2,2,2,2,2,2,8,6,5,16,0,0,0,4,2,1,0,0,2,0,0,0,0,0,0,1,1,2024-01-08 23:55:49,4
949,936,39,0,12,10,31,5,22,16,21,21,45,20,12,12,19,3,3,3,2,2,3,2,2,2,1,2,1,3,2,9,6,4,2,1,0,2,5,0,1,1,1,2,1,0,2,2024-01-08 23:57:49,1
941,932,33,0,12,10,34,4,21,23,21,21,30,22,9,9,25,2,2,2,2,2,2,2,2,2,4,4,4,6,0,8,6,4,2,0,0,2,0,0,1,1,1,2,1,1,0,2024-01-08 23:59:49,0
939,929,362,0,12,10,17,4,8,7,7,7,30,8,8,8,9,6,6,6,2,2,2,2,2,2,3,5,3,1,1,0,0,4,2,0,4,0,0,0,0,0,0,0,0,1,0,2024-01-09 00:01:49,1
944,933,30,0,6,5,29,2,20,19,20,20,45,21,9,9,20,1,1,1,1,1,1,1,1,1,1,4,1,7,0,8,6,4,2,0,0,2,3,0,1,1,1,2,1,1,1,2024-01-09 00:03:49,0
939,928,368,0,0,0,30,0,14,15,14,14,15,14,15,15,15,4,4,4,0,0,0,0,0,0,5,4,1,6,1,0,0,4,2,0,4,0,0,0,0,0,0,0,0,0,1,2024-01-09 00:05:49,0
948,938,869,838,18,15,30,7,20,19,19,19,45,20,8,8,22,4,4,4,3,3,4,3,3,3,1,3,3,5,0,9,6,4,2,0,0,2,0,0,1,1,1,2,1,1,2,2024-01-09 00:07:49,0
949,937,854,824,12,10,30,4,16,18,16,16,15,16,10,10,20,2,2,2,2,2,2,2,2,2,6,5,4,7,0,0,0,4,2,0,0,0,2,0,0,0,0,0,0,0,0,2024-01-09 00:09:49,0
935,917,1249,875,18,15,29,6,23,22,22,22,45,23,4,4,25,7,7,7,3,3,3,3,3,3,3,1,2,9,1,8,6,4,2,0,4,2,0,1,1,1,1,2,1,1,0,2024-01-09 00:11:49,0
956,949,835,810,12,10,24,4,15,15,15,15,45,16,7,7,17,2,2,2,2,2,2,2,2,2,2,1,1,4,0,8,6,4,2,0,0,2,0,0,1,1,1,2,1,1,1,2024-01-09 00:13:49,0
933,927,1205,840,18,15,24,6,11,10,8,8,15,7,10,10,14,3,3,3,3,3,3,3,3,3,1,4,1,1,3,0,0,4,2,1,0,0,0,0,0,0,0,0,0,0,1,2024-01-09 00:15:49,0
939,935,840,819,18,15,22,8,10,10,10,10,45,9,8,8,14,5,5,5,3,3,5,3,3,3,3,1,2,2,0,9,6,4,2,1,0,2,0,0,1,1,1,2,1,1,2,2024-01-09 00:17:49,2
941,936,851,833,6,5,22,3,10,9,10,10,15,10,12,12,10,2,2,2,1,1,2,1,1,1,1,4,1,2,0,0,0,4,2,0,0,0,0,0,0,0,0,0,0,0,0,2024-01-09 00:19:49,0
937,931,1194,826,60,50,25,23,12,11,11,11,45,11,4,4,21,13,13,13,10,10,13,10,10,10,2,1,0,3,1,7,6,4,2,0,0,2,1,0,1,1,1,2,1,0,0,2024-01-09 00:21:49,1
951,944,861,833,6,5,27,2,15,15,15,15,45,16,11,11,16,1,1,1,1,1,1,1,1,1,4,1,3,5,0,7,6,4,2,0,0,2,0,0,1,1,1,2,1,1,1,2024-01-09 00:23:49,0
934,922,1247,867,6,5,40,2,26,31,26,26,15,27,8,8,32,1,1,1,1,1,1,1,1,1,2,3,0,9,0,0,0,4,2,0,0,0,1,0,0,0,0,0,0,1,1,2024-01-09 00:25:49,0
941,931,878,860,12,10,19,4,11,7,8,8,45,8,10,10,9,2,2,2,2,2,2,2,2,2,5,1,4,1,3,8,6,4,2,0,0,2,0,0,1,1,1,2,1,0,2,2024-01-09 00:27:49,1
927,922,897,867,24,20,32,8,14,14,13,13,15,14,14,14,18,4,4,4,4,4,4,4,4,4,2,4,4,2,1,0,0,4,2,0,0,0,0,0,0,0,0,0,0,1,0,2024-01-09 00:29:49,3
945,937,1317,951,12,10,16,12,7,7,7,7,45,8,7,7,9,14,14,14,2,2,10,2,2,2,2,2,3,1,0,7,6,4,2,0,4,2,0,0,1,1,1,2,1,1,0,2024-01-09 00:31:49,1
955,950,995,979,0,0,27,0,11,9,13,13,45,12,15,15,12,0,0,0,0,0,0,0,0,0,5,10,0,0,0,8,6,4,2,1,0,2,2,0,1,1,1,2,1,0,1,2024-01-09 00:33:49,8
934,930,1227,860,12,10,30,4,12,11,12,12,15,13,17,17,13,2,2,2,2,2,2,2,2,2,0,6,0,4,0,0,0,4,2,0,0,0,0,0,0,0,0,0,0,1,1,2024-01-09 00:35:49,0
928,923,24,0,6,5,23,2,11,12,11,11,45,12,10,10,13,1,1,1,1,1,1,1,1,1,5,1,4,2,0,9,6,4,2,0,0,2,0,0,1,1,1,2,1,1,2,2024-01-09 00:37:49,0
937,927,32,0,0,0,36,0,27,26,27,27,15,26,9,9,27,0,0,0,0,0,0,0,0,0,1,4,0,6,0,0,0,4,2,1,0,0,1,0,0,0,0,0,0,0,0,2024-01-09 00:39:49,0
926,922,357,0,6,5,14,2,6,7,6,6,45,7,6,6,8,1,1,1,1,1,1,1,1,1,4,1,2,2,0,9,6,4,2,0,0,2,1,0,1,1,1,2,1,1,0,2024-01-09 00:41:49,0
952,948,16,0,0,0,19,0,9,7,8,8,30,8,12,12,7,0,0,0,0,0,0,0,0,0,3,4,1,1,1,0,0,4,1,0,0,0,0,0,0,0,0,0,0,0,1,2024-01-09 00:43:49,0
942,936,363,0,6,5,33,2,12,11,13,13,30,12,19,19,14,1,1,1,1,1,1,1,1,1,8,10,2,1,0,7,6,4,2,1,0,2,1,0,1,1,1,2,1,0,1,2024-01-09 00:45:49,4
914,908,876,854,12,10,22,4,10,7,9,9,45,8,11,11,11,2,2,2,2,2,2,2,2,2,0,1,1,2,2,2,6,4,2,2,0,2,2,0,1,1,1,2,1,1,2,2024-01-09 00:47:49,1
948,942,909,878,6,5,27,2,9,10,9,9,15,10,16,16,11,1,1,1,1,1,1,1,1,1,1,6,2,3,0,0,0,4,2,0,0,0,2,0,0,0,0,0,0,1,0,2024-01-09 00:49:49,0
933,930,1247,868,6,5,26,2,13,12,13,13,45,14,13,13,13,1,1,1,1,1,1,1,1,1,2,5,0,3,0,7,6,4,2,0,0,2,0,0,1,1,1,2,1,1,0,2024-01-09 00:51:49,0
957,945,883,853,6,5,32,2,27,24,27,27,30,27,7,7,25,1,1,1,1,1,1,1,1,1,4,3,2,7,0,0,0,4,2,0,0,0,2,0,0,0,0,0,0,0,1,2024-01-09 00:53:49,0
921,915,1193,832,12,10,23,4,10,7,9,9,30,9,14,14,9,2,2,2,2,2,2,2,2,2,3,7,1,3,1,5,6,4,2,0,0,2,0,0,1,1,1,2,1,0,1,2024-01-09 00:55:49,0
933,929,857,829,6,5,19,2,7,6,7,7,45,8,12,12,7,1,1,1,1,1,1,1,1,1,2,2,3,0,0,8,6,4,2,0,0,2,1,0,1,1,1,2,1,1,2,2024-01-09 00:57:49,0
944,936,867,844,0,0,26,0,15,16,15,15,15,15,10,10,16,0,0,0,0,0,0,0,0,0,3,5,3,6,0,0,0,4,2,0,0,0,0,0,0,0,0,0,0,0,0,2024-01-09 00:59:49,0
934,926,1178,817,18,15,18,6,8,7,8,8,45,8,7,7,11,7,7,7,3,3,3,3,3,3,2,6,2,0,1,3,6,4,2,1,4,2,0,0,1,1,1,2,1,1,0,2024-01-09 01:01:49,3
947,945,902,887,12,10,15,4,5,5,5,5,30,7,8,8,7,2,2,2,2,2,2,2,2,2,1,3,1,1,0,0,0,4,2,0,0,0,0,0,0,0,0,0,0,2,1,2024-01-09 01:03:49,0
924,919,1212,849,0,0,33,0,11,12,11,11,30,11,21,21,12,0,0,0,0,0,0,0,0,0,1,12,1,4,0,9,6,4,2,0,0,2,0,0,1,1,1,2,1,0,1,2024-01-09 01:05:49,0
935,932,845,827,6,5,20,2,9,9,9,9,45,9,10,10,10,1,1,1,1,1,1,1,1,1,2,5,2,1,0,8,6,4,2,0,0,2,0,0,1,1,1,2,1,0,2,2024-01-09 01:07:49,1
942,938,865,850,6,5,16,2,6,5,6,6,15,7,10,10,6,1,1,1,1,1,1,1,1,1,1,6,1,2,0,0,0,4,2,0,0,0,1,0,0,0,0,0,0,1,0,2024-01-09 01:09:49,3
922,918,1328,974,0,0,13,0,6,8,6,6,45,5,4,4,9,0,0,0,0,0,0,0,0,0,1,2,0,4,0,7,6,4,2,1,0,2,0,0,1,1,1,2,1,0,0,2024-01-09 01:11:49,3
960,954,1001,975,6,5,27,2,18,17,18,18,30,18,8,8,19,1,1,1,1,1,1,1,1,1,0,2,0,6,0,0,0,4,2,1,0,0,0,0,0,0,0,0,0,1,1,2024-01-09 01:13:49,0
911,910,1095,745,6,5,10,2,1,1,1,1,30,2,8,8,2,1,1,1,1,1,1,1,1,1,1,4,1,0,0,9,6,4,2,0,0,2,0,0,1,1,1,2,1,1,1,2024-01-09 01:15:49,0
929,928,12,0,0,0,17,0,6,5,6,6,30,6,12,12,5,0,0,0,0,0,0,0,0,0,0,5,0,1,0,0,0,4,2,0,0,0,0,0,0,0,0,0,0,0,2,2024-01-09 01:17:49,0
938,934,16,0,6,5,20,2,7,4,6,6,30,5,14,14,6,1,1,1,1,1,1,1,1,1,1,6,2,0,1,8,6,4,2,1,0,2,0,0,1,1,1,2,1,0,0,2024-01-09 01:19:49,0
932,928,355,0,6,5,13,2,7,7,7,7,45,7,5,5,8,1,1,1,1,1,1,1,1,1,2,2,2,1,0,9,6,4,2,0,0,2,0,0,1,1,1,2,1,1,0,2024-01-09 01:21:49,0
945,941,20,0,0,0,21,0,9,9,9,9,30,9,12,12,9,0,0,0,0,0,0,0,0,0,0,2,1,2,0,0,0,4,2,0,0,0,1,0,0,0,0,0,0,0,1,2024-01-09 01:23:49,0
923,921,352,0,6,5,13,2,3,3,3,3,30,4,9,9,4,1,1,1,1,1,1,1,1,1,0,4,0,2,0,8,6,4,2,0,0,2,0,0,1,1,1,2,1,1,1,2024-01-09 01:25:49,0
936,933,872,854,12,10,19,4,5,6,6,6,30,7,11,11,8,2,2,2,2,2,2,2,2,2,1,2,0,2,0,0,0,4,2,0,0,0,0,0,0,0,0,0,0,1,2,2024-01-09 01:27:49,3
935,933,870,851,0,0,19,0,4,5,4,4,30,4,14,14,5,0,0,0,0,0,0,0,0,0,2,4,1,1,0,9,6,4,2,0,0,2,0,0,1,1,1,2,1,0,0,2024-01-09 01:29:49,0
935,927,1254,893,6,5,14,2,7,7,7,7,45,8,6,6,8,5,5,5,1,1,1,1,1,1,0,1,0,4,0,8,6,4,2,0,4,2,0,0,1,1,1,2,1,1,0,2024-01-09 01:31:49,0
950,945,855,838,12,10,17,4,8,8,8,8,30,8,7,7,10,2,2,2,2,2,2,2,2,2,1,2,3,3,0,0,0,4,2,0,0,0,0,0,0,0,0,0,0,1,1,2024-01-09 01:33:49,2
912,907,1194,834,0,0,24,0,11,7,11,11,30,11,17,17,7,0,0,0,0,0,0,0,0,0,1,6,1,4,0,9,6,4,2,0,0,2,0,0,1,1,1,2,1,0,1,2024-01-09 01:35:49,0
932,931,846,830,6,5,14,2,2,2,2,2,30,3,11,11,3,1,1,1,1,1,1,1,1,1,2,2,1,0,0,0,0,4,2,0,0,0,0,0,0,0,0,0,0,1,2,2024-01-09 01:37:49,0
941,938,882,864,10,8,20,3,9,9,9,9,30,10,9,9,11,1,1,1,2,2,1,2,2,2,2,4,1,2,0,8,6,4,2,0,0,2,0,0,1,1,1,2,1,1,0,2024-01-09 01:39:49,0
931,927,1191,830,2,2,19,1,11,14,11,11,45,11,5,5,14,1,1,1,0,0,1,0,0,0,1,3,2,2,0,8,6,4,2,0,0,2,0,0,1,1,1,2,1,0,0,2024-01-09 01:41:49,0
953,950,909,893,12,10,16,6,3,3,3,3,30,4,11,11,5,4,4,4,2,2,4,2,2,2,2,3,2,2,0,0,0,4,2,0,0,0,0,0,0,0,0,0,0,1,1,2024-01-09 01:43:49,0
908,900,1222,860,0,0,24,0,12,11,12,12,30,12,13,13,11,0,0,0,0,0,0,0,0,0,1,4,1,5,0,9,6,4,2,0,0,2,1,0,1,1,1,2,1,0,1,2024-01-09 01:45:49,0
942,941,867,845,12,10,20,4,5,7,5,5,30,6,11,11,9,2,2,2,2,2,2,2,2,2,1,1,1,0,0,0,0,4,2,0,0,0,0,0,0,0,0,0,0,1,2,2024-01-09 01:47:49,0
930,928,906,883,0,0,17,0,5,3,5,5,30,5,14,14,3,0,0,0,0,0,0,0,0,0,1,4,1,1,0,8,6,4,2,0,0,2,0,0,1,1,1,2,1,0,0,2024-01-09 01:49:49,0
936,932,1323,952,12,10,19,4,5,3,4,4,30,4,13,13,6,2,2,2,2,2,2,2,2,2,0,5,1,1,1,0,0,4,2,1,0,0,1,0,0,0,0,0,0,1,0,2024-01-09 01:51:49,0
945,941,981,969,6,5,11,2,7,6,7,7,45,8,4,4,7,1,1,1,1,1,1,1,1,1,2,0,1,1,0,8,6,4,2,0,0,2,1,0,1,1,1,2,1,1,1,2024-01-09 01:53:49,0
911,908,1045,686,0,0,19,0,8,8,8,8,30,8,11,11,8,0,0,0,0,0,0,0,0,0,0,4,0,3,0,9,6,4,2,0,0,2,0,0,1,1,1,2,1,0,1,2024-01-09 01:55:49,0
931,929,25,0,0,0,15,0,5,5,5,5,30,5,10,10,5,0,0,0,0,0,0,0,0,0,1,0,0,1,0,0,0,4,2,0,0,0,0,0,0,0,0,0,0,0,2,2024-01-09 01:57:49,0
928,927,14,0,6,5,14,2,5,5,5,5,30,6,8,8,6,1,1,1,1,1,1,1,1,1,3,3,0,0,0,9,6,4,2,0,0,2,0,0,1,1,1,2,1,1,0,2024-01-09 01:59:49,0
942,936,359,0,6,5,17,2,8,7,8,8,30,9,8,8,9,5,5,5,1,1,1,1,1,1,2,7,0,1,0,0,0,4,2,0,4,0,1,0,0,0,0,0,0,1,0,2024-01-09 02:01:49,1
976,968,40,0,58,48,42,21,13,13,14,14,45,12,15,15,27,11,11,11,10,10,11,10,10,10,5,10,0,3,0,7,6,4,2,2,0,2,2,0,1,1,1,2,1,0,1,2024-01-09 02:03:49,6
935,931,365,0,20,17,25,7,4,5,4,4,30,6,17,17,8,8,8,8,3,3,4,3,3,3,2,8,2,0,0,7,6,4,2,0,4,2,0,0,1,1,1,2,1,2,1,2024-01-09 02:05:49,1
930,927,860,848,0,0,14,0,7,5,7,7,30,6,8,8,6,0,0,0,0,0,0,0,0,0,0,3,0,2,1,0,0,4,2,1,0,0,0,0,0,0,0,0,0,0,2,2024-01-09 02:07:49,1
938,934,865,850,0,0,15,0,8,7,8,8,30,8,8,8,7,0,0,0,0,0,0,0,0,0,2,4,2,2,0,8,6,4,2,0,0,2,0,0,1,1,1,2,1,0,0,2024-01-09 02:09:49,0
928,926,1239,886,6,5,10,2,5,5,5,5,30,6,4,4,6,1,1,1,1,1,1,1,1,1,2,2,0,1,0,0,0,4,2,0,0,0,0,0,0,0,0,0,0,1,0,2024-01-09 02:11:49,0
936,931,865,850,6,5,16,2,6,6,6,6,45,7,9,9,7,1,1,1,1,1,1,1,1,1,0,3,0,2,0,8,6,4,2,0,0,2,0,0,1,1,1,2,1,1,1,2024-01-09 02:13:49,0
926,925,1202,853,0,0,10,0,2,2,2,2,30,2,8,8,2,0,0,0,0,0,0,0,0,0,1,4,0,1,0,8,6,4,2,0,0,2,0,0,1,1,1,2,1,0,1,2024-01-09 02:15:49,0
932,929,856,837,6,5,18,2,7,7,7,7,30,7,9,9,9,1,1,1,1,1,1,1,1,1,2,2,0,2,1,0,0,4,2,1,0,0,0,0,0,0,0,0,0,1,2,2024-01-09 02:17:49,1
932,928,868,855,0,0,16,0,6,5,7,7,30,7,11,11,5,1,1,1,0,0,0,0,0,0,1,3,0,1,0,8,6,4,2,0,1,2,0,0,1,1,1,2,1,0,0,2024-01-09 02:19:49,1
920,920,1192,843,6,5,7,2,1,1,1,1,30,2,5,5,2,1,1,1,1,1,1,1,1,1,0,2,0,0,0,0,0,4,2,0,0,0,0,0,0,0,0,0,0,1,0,2024-01-09 02:21:49,0
952,947,919,896,12,10,21,4,8,6,6,6,45,6,12,12,9,2,2,2,2,2,2,2,2,2,0,2,1,1,2,8,6,4,1,1,0,2,1,0,1,1,1,2,1,1,1,2024-01-09 02:23:49,0
922,918,1229,878,0,0,13,0,5,4,5,5,30,4,9,9,4,0,0,0,0,0,0,0,0,0,2,4,1,2,0,7,6,4,2,0,0,2,0,0,1,1,1,2,1,0,1,2024-01-09 02:25:49,0
936,929,842,831,0,0,12,0,5,2,6,6,30,4,10,10,2,4,4,4,0,0,0,0,0,0,1,1,1,0,0,0,0,4,2,0,4,0,0,0,0,0,0,0,0,0,2,2024-01-09 02:27:49,1
939,935,904,887,12,10,21,4,4,4,4,4,30,5,15,15,6,2,2,2,2,2,2,2,2,2,0,5,0,2,0,9,6,4,2,0,0,2,2,0,1,1,1,2,1,1,0,2024-01-09 02:29:49,0
932,921,1333,973,12,10,17,4,8,5,6,6,30,4,10,10,7,6,6,6,2,2,2,2,2,2,1,5,2,1,3,0,0,4,2,0,4,0,0,0,0,0,0,0,0,0,0,2024-01-09 02:31:49,1
985,976,1005,969,84,70,45,28,16,22,13,13,45,14,9,9,36,14,14,14,14,14,14,14,14,14,0,4,7,1,3,8,6,4,2,0,0,2,0,0,1,1,1,2,1,1,1,2024-01-09 02:33:49,27
919,912,988,626,6,5,26,2,8,7,8,8,15,9,18,18,8,1,1,1,1,1,1,1,1,1,1,7,2,5,0,0,0,4,2,0,0,0,0,0,0,0,0,0,0,1,1,2024-01-09 02:35:49,0
957,945,35,0,12,10,36,4,23,22,23,23,45,24,12,12,24,2,2,2,2,2,2,2,2,2,0,3,0,9,0,9,6,4,2,0,0,2,2,0,1,1,1,2,1,1,2,2024-01-09 02:37:49,0
930,926,14,0,6,5,12,3,5,3,4,4,30,4,8,8,4,2,2,2,1,1,2,1,1,1,0,3,0,1,1,7,6,4,2,0,0,2,1,0,1,1,1,2,1,0,0,2024-01-09 02:39:49,0
927,925,360,0,18,15,15,6,6,9,6,6,30,7,3,3,12,3,3,3,3,3,3,3,3,3,1,1,1,1,0,0,0,4,2,0,0,0,1,0,0,0,0,0,0,1,0,2024-01-09 02:41:49,3
936,935,15,0,6,5,13,2,3,4,4,4,45,5,8,8,5,1,1,1,1,1,1,1,1,1,1,0,0,0,0,9,6,4,2,0,0,2,0,0,1,1,1,2,1,1,1,2024-01-09 02:43:49,3
932,931,354,0,6,5,16,2,1,1,1,1,15,2,14,14,2,1,1,1,1,1,1,1,1,1,1,5,1,0,0,0,0,4,2,0,0,0,0,0,0,0,0,0,0,1,1,2024-01-09 02:45:49,0
933,930,861,844,0,0,15,0,5,5,5,5,45,5,10,10,5,0,0,0,0,0,0,0,0,0,1,0,0,1,0,9,6,4,2,0,0,2,1,0,1,1,1,2,1,0,2,2024-01-09 02:47:49,0
928,926,893,864,6,5,23,5,5,5,5,5,30,5,17,17,6,4,4,4,1,1,4,1,1,1,1,7,1,0,0,8,6,4,2,0,0,2,0,0,1,1,1,2,1,0,0,2024-01-09 02:49:49,0
927,922,1263,890,12,10,17,4,7,4,4,4,30,5,11,11,6,2,2,2,2,2,2,2,2,2,0,2,1,0,3,0,0,4,2,0,0,0,1,0,0,0,0,0,0,1,0,2024-01-09 02:51:49,0
950,945,855,846,6,5,10,2,7,4,6,6,45,4,4,4,6,1,1,1,1,1,1,1,1,1,0,0,2,0,1,8,6,4,2,1,0,2,1,0,1,1,1,2,1,0,1,2024-01-09 02:53:49,1
927,926,1201,846,6,5,14,2,2,2,2,2,15,3,11,11,3,1,1,1,1,1,1,1,1,1,1,4,1,0,0,0,0,4,2,0,0,0,0,0,0,0,0,0,0,1,1,2024-01-09 02:55:49,0
927,924,856,829,12,10,17,4,4,5,4,4,45,5,10,10,7,2,2,2,2,2,2,2,2,2,1,0,1,1,0,9,6,4,2,0,0,2,0,0,1,1,1,2,1,1,2,2024-01-09 02:57:49,3
924,923,868,856,0,0,13,0,5,5,5,5,30,5,8,8,5,0,0,0,0,0,0,0,0,0,0,3,0,1,0,8,6,4,2,0,0,2,0,0,1,1,1,2,1,0,0,2024-01-09 02:59:49,0
930,925,1200,847,0,0,8,0,2,3,2,2,30,2,5,5,3,4,4,4,0,0,0,0,0,0,0,4,0,1,0,0,0,4,2,0,4,0,0,0,0,0,0,0,0,0,0,2024-01-09 03:01:49,0
953,949,897,882,18,15,13,6,6,4,5,5,45,6,6,6,7,3,3,3,3,3,3,3,3,3,1,1,2,0,1,9,6,4,2,0,0,2,0,0,1,1,1,2,1,1,1,2024-01-09 03:03:49,0
939,929,1211,853,6,5,27,2,11,6,8,8,15,7,19,19,8,5,5,5,1,1,1,1,1,1,0,10,1,2,3,0,0,4,2,1,4,0,0,0,0,0,0,0,0,0,1,2024-01-09 03:05:49,1
932,930,869,853,6,5,17,2,7,7,7,7,45,8,9,9,8,1,1,1,1,1,1,1,1,1,0,4,0,1,0,8,6,4,2,0,0,2,0,0,1,1,1,2,1,1,2,2024-01-09 03:07:49,0
933,928,890,875,18,15,12,6,5,2,5,5,15,5,7,7,5,3,3,3,3,3,3,3,3,3,0,3,2,0,1,0,0,4,2,0,0,0,0,0,0,0,0,0,0,2,0,2024-01-09 03:09:49,1
933,929,1313,960,6,5,10,3,4,4,4,4,45,4,5,5,5,2,2,2,1,1,2,1,1,1,0,3,0,3,0,9,6,4,2,0,0,2,0,0,1,1,1,2,1,0,0,2024-01-09 03:11:49,0
944,941,974,966,0,0,8,0,1,1,1,1,45,1,7,7,1,3,3,3,0,0,0,0,0,0,0,1,0,0,0,4,6,4,2,0,3,2,0,0,1,1,1,2,1,0,1,2024-01-09 03:13:49,0
924,922,1026,671,12,10,17,5,5,4,5,5,15,5,10,10,7,3,3,3,2,2,3,2,2,2,0,6,0,1,0,0,0,4,2,1,0,0,0,0,0,0,0,0,0,1,1,2024-01-09 03:15:49,0
927,925,13,0,6,5,13,2,5,4,5,5,45,5,8,8,5,1,1,1,1,1,1,1,1,1,0,1,1,1,0,9,6,4,2,0,0,2,0,0,1,1,1,2,1,0,2,2024-01-09 03:17:49,0
923,922,25,0,6,5,24,2,12,12,12,12,15,13,11,11,13,1,1,1,1,1,1,1,1,1,0,3,0,1,0,0,0,4,2,0,0,0,0,0,0,0,0,0,0,1,0,2024-01-09 03:19:49,1
938,933,351,0,12,10,9,4,3,2,2,2,45,3,5,5,4,4,4,4,2,2,2,2,2,2,0,2,1,1,1,9,6,4,2,0,2,2,0,0,1,1,1,2,1,1,0,2024-01-09 03:21:49,1
948,942,14,0,0,0,14,0,2,3,2,2,45,2,11,11,3,4,4,4,0,0,0,0,0,0,0,1,0,2,0,9,6,4,2,0,4,2,0,0,1,1,1,2,1,0,1,2024-01-09 03:23:49,0
928,925,353,0,6,5,14,2,4,2,3,3,15,2,10,10,4,1,1,1,1,1,1,1,1,1,0,5,1,1,1,0,0,4,2,1,0,0,0,0,0,0,0,0,0,0,1,2024-01-09 03:25:49,0
924,923,876,859,6,5,14,2,2,3,2,2,45,3,10,10,4,1,1,1,1,1,1,1,1,1,2,1,0,1,0,7,6,4,2,0,0,2,0,0,1,1,1,2,1,1,2,2024-01-09 03:27:49,0
954,950,893,872,18,15,24,11,9,7,8,8,15,8,14,14,10,8,8,8,3,3,8,3,3,3,3,4,1,2,1,0,0,4,2,0,0,0,0,0,0,0,0,0,0,0,0,2024-01-09 03:29:49,1
922,915,1231,872,6,5,16,2,4,4,4,4,45,5,11,11,5,5,5,5,1,1,1,1,1,1,1,6,0,2,0,8,6,4,2,0,4,2,0,0,1,1,1,2,1,1,0,2024-01-09 03:31:49,0
947,943,856,843,12,10,10,6,1,1,1,1,45,2,7,7,3,7,7,7,2,2,4,2,2,2,1,2,0,0,0,7,6,4,2,0,3,2,0,0,1,1,1,2,1,1,1,2024-01-09 03:33:49,0
930,930,1211,857,0,0,17,0,0,0,0,0,15,0,17,17,0,0,0,0,0,0,0,0,0,0,0,6,0,0,0,0,0,4,2,0,0,0,0,0,0,0,0,0,0,0,1,2024-01-09 03:35:49,0
932,929,860,846,6,5,14,2,4,3,3,3,45,3,10,10,4,1,1,1,1,1,1,1,1,1,0,1,1,1,1,4,6,4,2,0,0,2,0,0,1,1,1,2,1,0,2,2024-01-09 03:37:49,1
934,930,872,856,18,15,16,6,6,5,5,5,15,7,8,8,8,3,3,3,3,3,3,3,3,3,3,3,3,1,1,0,0,4,2,0,0,0,0,0,0,0,0,0,0,2,0,2024-01-09 03:39:49,0
933,931,1201,846,18,15,13,6,6,6,6,6,45,6,4,4,9,3,3,3,3,3,3,3,3,3,0,2,1,0,0,7,6,4,2,0,0,2,1,0,1,1,1,2,1,0,0,2024-01-09 03:41:49,2
943,943,919,907,6,5,10,2,1,1,1,1,30,2,8,8,2,1,1,1,1,1,1,1,1,1,0,0,0,0,0,0,0,4,2,0,0,0,0,0,0,0,0,0,0,1,1,2024-01-09 03:43:49,0
926,924,1231,876,6,5,17,2,2,2,2,2,30,3,14,14,3,1,1,1,1,1,1,1,1,1,1,5,1,1,0,7,6,4,2,0,0,2,0,0,1,1,1,2,1,1,1,2024-01-09 03:45:49,0
927,923,848,830,0,0,16,0,6,6,6,6,45,6,10,10,6,0,0,0,0,0,0,0,0,0,2,0,1,3,0,7,6,4,2,0,0,2,0,0,1,1,1,2,1,0,2,2024-01-09 03:47:49,0
918,915,935,914,0,0,15,0,4,2,3,3,15,3,13,13,2,0,0,0,0,0,0,0,0,0,1,3,0,1,1,0,0,4,2,0,0,0,0,0,0,0,0,0,0,0,0,2024-01-09 03:49:49,0
928,925,1337,959,6,5,24,2,12,11,12,12,45,12,11,11,13,1,1,1,1,1,1,1,1,1,1,3,1,2,0,8,6,4,2,1,0,2,0,0,1,1,1,2,1,1,0,2024-01-09 03:51:49,3
949,946,959,951,6,5,8,2,4,3,3,3,30,3,4,4,4,1,1,1,1,1,1,1,1,1,0,0,1,1,1,0,0,4,2,0,0,0,0,0,0,0,0,0,0,0,1,2024-01-09 03:53:49,1
925,920,958,594,18,15,22,6,6,7,6,6,30,8,12,12,10,3,3,3,3,3,3,3,3,3,0,5,0,3,0,6,6,4,2,0,0,2,1,0,1,1,1,2,1,2,1,2024-01-09 03:55:49,0
919,917,22,0,6,5,13,2,3,1,4,4,45,1,10,10,3,1,1,1,1,1,1,1,1,1,0,0,1,0,0,8,6,4,2,1,0,2,0,0,1,1,1,2,1,0,2,2024-01-09 03:57:49,1
936,935,11,0,6,5,11,3,2,2,2,2,15,2,8,8,3,2,2,2,1,1,2,1,1,1,0,3,1,0,0,0,0,4,2,0,0,0,0,0,0,0,0,0,0,0,0,2024-01-09 03:59:49,0
941,934,353,0,6,5,10,2,5,2,6,6,45,4,7,7,3,5,5,5,1,1,1,1,1,1,0,6,1,1,0,8,6,4,1,0,4,2,0,0,1,1,1,2,1,0,0,2024-01-09 04:01:49,2
946,944,11,0,6,5,14,2,3,3,3,3,30,4,10,10,4,1,1,1,1,1,1,1,1,1,0,5,0,2,0,0,0,4,2,0,0,0,0,0,0,0,0,0,0,1,1,2024-01-09 04:03:49,0
936,931,358,0,12,10,21,4,3,3,3,3,30,5,16,16,5,6,6,6,2,2,2,2,2,2,0,7,0,1,0,9,6,4,2,0,4,2,0,0,1,1,1,2,1,2,1,2024-01-09 04:05:49,0
918,916,879,870,0,0,10,0,3,2,3,3,45,3,8,8,2,0,0,0,0,0,0,0,0,0,0,3,0,1,0,8,6,4,2,0,0,2,1,0,1,1,1,2,1,0,2,2024-01-09 04:07:49,3
938,936,875,861,6,5,13,3,4,4,4,4,15,4,8,8,5,2,2,2,1,1,2,1,1,1,1,4,1,1,0,0,0,4,2,0,0,0,0,0,0,0,0,0,0,0,0,2024-01-09 04:09:49,0
932,932,1246,892,18,15,11,6,2,3,2,2,45,3,5,5,6,3,3,3,3,3,3,3,3,3,0,3,1,0,0,7,6,4,2,0,0,2,0,0,1,1,1,2,1,1,0,2024-01-09 04:11:49,0
946,944,878,865,6,5,11,2,3,3,3,3,30,4,7,7,4,1,1,1,1,1,1,1,1,1,0,1,0,1,0,0,0,4,2,0,0,0,0,0,0,0,0,0,0,1,1,2024-01-09 04:13:49,0
924,922,1188,837,0,0,13,0,2,4,2,2,30,2,9,9,4,0,0,0,0,0,0,0,0,0,0,5,0,2,0,8,6,4,2,0,0,2,0,0,1,1,1,2,1,0,1,2024-01-09 04:15:49,0
929,926,874,853,18,15,19,6,7,6,6,6,45,8,10,10,9,3,3,3,3,3,3,3,3,3,0,3,1,1,1,9,6,4,2,0,0,2,0,0,1,1,1,2,1,2,2,2024-01-09 04:17:49,1
929,927,858,848,0,0,13,0,4,2,3,3,15,3,11,11,2,0,0,0,0,0,0,0,0,0,0,3,0,0,1,0,0,4,2,0,0,0,0,0,0,0,0,0,0,0,0,2024-01-09 04:19:49,0
932,929,1180,830,6,5,8,3,2,2,2,2,45,2,5,5,3,4,4,4,1,1,2,1,1,1,0,2,0,1,0,9,6,4,2,0,2,2,0,0,1,1,1,2,1,0,0,2024-01-09 04:21:49,1
943,942,918,905,0,0,13,0,2,2,2,2,30,2,11,11,2,0,0,0,0,0,0,0,0,0,1,1,0,1,0,0,0,4,2,0,0,0,0,0,0,0,0,0,0,0,1,2024-01-09 04:23:49,0
913,910,1220,868,12,10,13,4,3,2,2,2,30,3,9,9,4,2,2,2,2,2,2,2,2,2,0,4,1,1,1,9,6,4,2,0,0,2,0,0,1,1,1,2,1,1,1,2024-01-09 04:25:49,1
931,926,840,824,12,10,20,4,7,4,5,5,30,5,13,13,7,2,2,2,2,2,2,2,2,2,0,4,1,1,2,0,0,4,2,1,0,0,0,0,0,0,0,0,0,1,2,2024-01-09 04:27:49,0
951,947,927,908,6,5,22,2,6,7,6,6,30,7,14,14,8,1,1,1,1,1,1,1,1,1,0,4,0,4,0,7,6,4,2,0,0,2,0,0,1,1,1,2,1,1,0,2024-01-09 04:29:49,0
934,930,1332,977,6,5,12,2,1,1,1,1,45,1,10,10,2,5,5,5,1,1,1,1,1,1,0,5,0,0,0,4,6,4,2,0,4,2,0,0,1,1,1,2,1,0,0,2024-01-09 04:31:49,0
935,935,956,950,0,0,9,0,0,0,0,0,30,0,9,9,0,0,0,0,0,0,0,0,0,0,0,4,0,0,0,0,0,4,2,0,0,0,0,0,0,0,0,0,0,0,1,2024-01-09 04:33:49,0
923,923,949,594,6,5,21,2,0,0,0,0,30,1,20,20,1,1,1,1,1,1,1,1,1,1,0,9,0,0,0,8,6,4,2,0,0,2,0,0,1,1,1,2,1,1,1,2024-01-09 04:35:49,0
917,915,15,0,6,5,15,2,4,4,5,5,30,5,10,10,5,1,1,1,1,1,1,1,1,1,0,1,0,2,0,0,0,4,2,0,0,0,0,0,0,0,0,0,0,0,2,2024-01-09 04:37:49,0
948,946,16,0,12,10,16,4,8,6,7,7,30,9,8,8,8,2,2,2,2,2,2,2,2,2,0,3,0,0,0,8,6,4,2,0,0,2,0,0,1,1,1,2,1,2,0,2024-01-09 04:39:49,0
935,932,348,0,6,5,7,2,4,2,3,3,45,3,4,4,3,1,1,1,1,1,1,1,1,1,0,2,1,0,1,8,6,4,2,0,0,2,0,0,1,1,1,2,1,0,0,2024-01-09 04:41:49,1
949,946,14,0,12,10,14,4,4,2,3,3,30,3,9,9,5,2,2,2,2,2,2,2,2,2,0,1,1,1,1,0,0,4,2,1,0,0,0,0,0,0,0,0,0,1,1,2024-01-09 04:43:49,3
903,902,354,0,0,0,16,0,3,3,3,3,30,3,13,13,3,0,0,0,0,0,0,0,0,0,0,4,0,1,0,9,6,4,2,0,0,2,0,0,1,1,1,2,1,0,1,2024-01-09 04:45:49,0
933,932,877,861,6,5,14,2,2,2,2,2,30,3,11,11,3,1,1,1,1,1,1,1,1,1,0,2,0,1,0,0,0,4,2,0,0,0,0,0,0,0,0,0,0,1,2,2024-01-09 04:47:49,0
935,933,892,871,6,5,16,2,3,1,2,2,30,2,14,14,2,1,1,1,1,1,1,1,1,1,0,3,1,0,1,9,6,4,2,0,0,2,0,0,1,1,1,2,1,0,0,2024-01-09 04:49:49,1
932,931,1242,871,12,10,14,4,2,2,2,2,45,4,10,10,4,2,2,2,2,2,2,2,2,2,0,2,0,1,0,8,6,4,2,0,0,2,0,0,1,1,1,2,1,2,0,2024-01-09 04:51:49,0
942,941,860,850,6,5,9,2,4,4,4,4,30,4,4,4,5,1,1,1,1,1,1,1,1,1,0,0,0,1,0,0,0,4,2,0,0,0,0,0,0,0,0,0,0,0,1,2024-01-09 04:53:49,0
911,909,1172,815,6,5,17,2,4,4,4,4,30,4,12,12,5,1,1,1,1,1,1,1,1,1,1,5,0,0,0,2,6,4,2,0,0,2,0,0,1,1,1,2,1,0,1,2024-01-09 04:55:49,0
925,923,850,828,6,5,12,2,2,1,1,1,30,1,10,10,2,1,1,1,1,1,1,1,1,1,0,0,1,0,1,0,0,4,2,0,0,0,0,0,0,0,0,0,0,0,2,2024-01-09 04:57:49,1
958,938,864,851,12,10,14,4,5,3,5,5,30,4,8,8,6,18,18,18,2,2,2,2,2,2,0,3,1,1,0,8,6,4,2,1,16,2,0,0,1,1,1,2,1,1,0,2024-01-09 04:59:49,1
934,930,1135,783,0,0,7,0,2,2,2,2,30,2,5,5,2,4,4,4,0,0,0,0,0,0,0,4,0,0,0,0,0,4,2,0,4,0,0,0,0,0,0,0,0,0,0,2024-01-09 05:01:49,0
941,941,796,786,12,10,8,4,0,0,0,0,45,2,6,6,2,2,2,2,2,2,2,2,2,2,0,1,0,0,0,8,6,4,2,0,0,2,0,0,1,1,1,2,1,2,1,2024-01-09 05:03:49,0
928,923,1237,878,0,0,22,0,8,8,8,8,30,8,14,14,8,0,0,0,0,0,0,0,0,0,0,5,0,5,0,9,6,4,2,0,0,2,0,0,1,1,1,2,1,0,1,2024-01-09 05:05:49,0
922,921,859,851,0,0,8,0,2,1,2,2,30,2,7,7,1,0,0,0,0,0,0,0,0,0,1,2,1,0,0,0,0,4,2,0,0,0,0,0,0,0,0,0,0,0,2,2024-01-09 05:07:49,0
942,942,867,855,12,10,10,4,1,0,1,1,30,2,8,8,2,2,2,2,2,2,2,2,2,2,0,4,0,0,0,8,6,4,2,0,0,2,0,0,1,1,1,2,1,1,0,2024-01-09 05:09:49,1
924,924,1323,977,0,0,4,0,0,0,0,0,30,0,4,4,0,0,0,0,0,0,0,0,0,0,0,2,0,0,0,0,0,4,2,0,0,0,0,0,0,0,0,0,0,0,0,2024-01-09 05:11:49,0
956,950,974,957,18,15,15,6,7,5,5,5,45,6,7,7,8,3,3,3,3,3,3,3,3,3,0,1,1,1,2,9,6,4,2,0,0,2,0,0,1,1,1,2,1,2,1,2024-01-09 05:13:49,1
906,905,1201,848,12,10,13,4,1,3,1,1,30,2,8,8,5,2,2,2,2,2,2,2,2,2,1,4,2,0,0,8,6,4,2,0,0,2,1,0,1,1,1,2,1,1,1,2024-01-09 05:15:49,0
929,926,12,0,0,0,13,0,5,5,5,5,30,5,8,8,5,0,0,0,0,0,0,0,0,0,2,1,1,1,0,0,0,4,2,0,0,0,0,0,0,0,0,0,0,0,2,2024-01-09 05:17:49,0
936,934,10,0,0,0,13,0,2,2,2,2,30,2,11,11,2,0,0,0,0,0,0,0,0,0,0,3,0,1,0,7,6,4,2,0,0,2,0,0,1,1,1,2,1,0,0,2024-01-09 05:19:49,0
933,927,352,0,12,10,9,4,4,3,3,3,30,4,4,4,5,6,6,6,2,2,2,2,2,2,0,1,1,0,1,0,0,4,2,0,4,0,0,0,0,0,0,0,0,1,0,2024-01-09 05:21:49,1
949,947,18,0,0,0,18,0,7,7,7,7,45,7,11,11,7,0,0,0,0,0,0,0,0,0,0,1,0,2,0,7,6,4,2,0,0,2,0,0,1,1,1,2,1,0,1,2024-01-09 05:23:49,0
908,907,351,0,6,5,12,2,3,2,3,3,30,4,9,9,3,1,1,1,1,1,1,1,1,1,0,4,0,1,0,7,6,4,2,0,0,2,0,0,1,1,1,2,1,1,1,2024-01-09 05:25:49,0
925,925,876,863,6,5,14,2,2,2,2,2,30,3,11,11,3,1,1,1,1,1,1,1,1,1,0,2,0,0,0,0,0,4,2,0,0,0,0,0,0,0,0,0,0,1,2,2024-01-09 05:27:49,0
945,940,878,865,6,5,18,2,7,2,4,4,30,3,14,14,4,1,1,1,1,1,1,1,1,1,1,4,1,0,3,8,6,4,2,1,0,2,0,0,1,1,1,2,1,0,0,2024-01-09 05:29:49,0
927,921,1239,883,0,0,12,0,4,4,4,4,30,4,8,8,4,4,4,4,0,0,0,0,0,0,1,3,1,1,0,0,0,4,2,0,4,0,0,0,0,0,0,0,0,0,0,2024-01-09 05:31:49,0
939,938,861,851,6,5,9,2,2,2,2,2,45,3,6,6,3,1,1,1,1,1,1,1,1,1,0,1,0,1,0,8,6,4,2,0,0,2,0,0,1,1,1,2,1,1,1,2024-01-09 05:33:49,0
923,923,1200,847,0,0,18,0,0,0,0,0,15,0,18,18,0,0,0,0,0,0,0,0,0,0,0,7,0,0,0,0,0,4,2,0,0,0,0,0,0,0,0,0,0,0,1,2024-01-09 05:35:49,0
937,932,838,822,18,15,15,6,5,2,3,3,45,5,10,10,5,3,3,3,3,3,3,3,3,3,1,1,1,0,2,9,6,4,2,0,0,2,0,0,1,1,1,2,1,2,2,2024-01-09 05:37:49,1
937,935,868,860,0,0,10,0,2,2,2,2,30,2,8,8,2,0,0,0,0,0,0,0,0,0,0,3,2,0,0,9,6,4,2,0,0,2,0,0,1,1,1,2,1,0,0,2024-01-09 05:39:49,0
922,922,1185,838,6,5,4,2,0,0,0,0,30,0,3,3,1,1,1,1,1,1,1,1,1,1,0,1,0,0,0,0,0,4,2,0,0,0,0,0,0,0,0,0,0,0,0,2024-01-09 05:41:49,0
948,947,921,909,6,5,11,4,2,2,2,2,45,2,8,8,3,3,3,3,1,1,3,1,1,1,0,0,0,1,0,7,6,4,2,0,0,2,0,0,1,1,1,2,1,0,1,2024-01-09 05:43:49,0
929,926,1222,858,24,20,23,8,7,6,6,6,15,8,13,13,10,4,4,4,4,4,4,4,4,4,1,5,2,0,1,0,0,4,2,0,0,0,1,0,0,0,0,0,0,2,1,2024-01-09 05:45:49,1
911,911,842,826,0,0,11,0,0,0,0,0,45,0,11,11,0,0,0,0,0,0,0,0,0,0,0,0,0,0,0,3,6,4,2,0,0,2,0,0,1,1,1,2,1,0,2,2024-01-09 05:47:49,0
952,946,938,903,18,15,26,6,11,10,11,11,30,13,13,13,13,3,3,3,3,3,3,3,3,3,1,3,0,3,0,8,6,4,2,0,0,2,3,0,1,1,1,2,1,2,0,2024-01-09 05:49:49,0
924,920,1328,960,0,0,13,0,5,3,4,4,30,4,10,10,3,0,0,0,0,0,0,0,0,0,0,2,0,1,1,0,0,4,2,0,0,0,1,0,0,0,0,0,0,0,0,2024-01-09 05:51:49,0
946,945,975,968,0,0,7,0,2,3,2,2,45,2,4,4,3,0,0,0,0,0,0,0,0,0,1,0,1,1,0,9,6,4,1,0,0,2,0,0,1,1,1,2,1,0,1,2024-01-09 05:53:49,0
908,907,982,629,0,0,13,0,2,2,2,2,15,2,11,11,2,0,0,0,0,0,0,0,0,0,0,4,0,1,0,0,0,4,2,0,0,0,0,0,0,0,0,0,0,0,1,2024-01-09 05:55:49,0
917,917,24,0,6,5,16,2,2,2,2,2,45,3,13,13,3,1,1,1,1,1,1,1,1,1,1,3,0,0,0,8,6,4,2,0,0,2,0,0,1,1,1,2,1,1,2,2024-01-09 05:57:49,0
941,936,21,0,18,15,21,6,10,9,10,10,30,10,8,8,13,3,3,3,3,3,3,3,3,3,1,3,1,2,0,9,6,4,2,1,0,2,1,0,1,1,1,2,1,2,0,2024-01-09 05:59:49,1
954,945,369,0,24,20,24,14,6,5,5,5,30,5,15,15,9,14,14,14,4,4,10,4,4,4,2,4,1,2,1,0,0,4,2,0,4,0,1,0,0,0,0,0,0,0,0,2024-01-09 06:01:49,1
949,944,73,0,58,48,66,21,15,13,15,15,45,13,41,41,25,11,11,11,10,10,11,10,10,10,1,2,0,2,0,8,6,4,2,2,0,2,0,0,1,1,1,2,1,0,1,2024-01-09 06:03:49,1
945,944,359,0,2,2,22,1,4,4,4,4,15,4,18,18,4,1,1,1,0,0,1,0,0,0,1,7,0,1,0,0,0,4,2,0,0,0,0,0,0,0,0,0,0,0,1,2024-01-09 06:05:49,1
938,935,861,849,6,5,16,2,6,3,5,5,45,6,12,12,4,1,1,1,1,1,1,1,1,1,0,7,0,1,1,6,6,4,2,0,0,2,0,0,1,1,1,2,1,1,2,2024-01-09 06:07:49,0
939,936,853,841,6,5,12,2,4,3,3,3,15,3,8,8,4,1,1,1,1,1,1,1,1,1,0,4,1,1,1,0,0,4,2,0,0,0,0,0,0,0,0,0,0,0,0,2024-01-09 06:09:49,1
927,927,1236,885,12,10,8,4,1,1,1,1,45,3,5,5,3,2,2,2,2,2,2,2,2,2,0,3,0,0,0,8,6,4,2,0,0,2,0,0,1,1,1,2,1,2,0,2024-01-09 06:11:49,0
932,932,853,843,0,0,10,0,3,3,3,3,45,3,7,7,3,0,0,0,0,0,0,0,0,0,0,1,0,0,0,9,6,4,2,0,0,2,0,0,1,1,1,2,1,0,1,2024-01-09 06:13:49,0
917,915,1191,838,6,5,13,2,5,4,5,5,15,5,7,7,6,1,1,1,1,1,1,1,1,1,0,3,1,1,0,0,0,4,2,1,0,0,0,0,0,0,0,0,0,1,1,2024-01-09 06:15:49,2
937,934,868,852,6,5,21,2,8,8,8,8,45,5,9,9,12,1,1,1,1,1,1,1,1,1,0,2,2,1,1,8,6,4,2,3,0,2,0,0,1,1,1,2,1,0,2,2024-01-09 06:17:49,1
939,937,871,854,6,5,19,2,7,7,7,7,15,8,11,11,8,1,1,1,1,1,1,1,1,1,3,3,1,1,0,0,0,4,2,0,0,0,0,0,0,0,0,0,0,1,0,2024-01-09 06:19:49,0
913,911,1190,836,12,10,10,4,4,4,4,4,45,6,4,4,6,2,2,2,2,2,2,2,2,2,0,1,1,1,0,8,6,4,2,0,0,2,0,0,1,1,1,2,1,2,0,2024-01-09 06:21:49,0
947,946,917,900,0,0,21,0,6,6,6,6,45,6,15,15,6,0,0,0,0,0,0,0,0,0,1,5,0,1,0,8,6,4,2,0,0,2,0,0,1,1,1,2,1,0,1,2024-01-09 06:23:49,0
926,923,1235,884,6,5,12,2,4,3,4,4,15,3,8,8,4,1,1,1,1,1,1,1,1,1,0,3,1,0,0,0,0,4,2,0,0,0,0,0,0,0,0,0,0,0,1,2024-01-09 06:25:49,1
917,917,850,839,0,0,14,0,2,2,2,2,45,2,12,12,2,0,0,0,0,0,0,0,0,0,0,3,0,0,0,8,6,4,2,0,0,2,0,0,1,1,1,2,1,0,2,2024-01-09 06:27:49,0
945,945,912,898,6,5,17,2,2,2,2,2,15,3,14,14,3,1,1,1,1,1,1,1,1,1,0,4,0,0,0,0,0,4,2,0,0,0,0,0,0,0,0,0,0,1,0,2024-01-09 06:29:49,0
921,914,1317,961,6,5,13,2,5,3,4,4,45,3,8,8,5,5,5,5,1,1,1,1,1,1,0,3,1,0,1,8,6,4,2,1,4,2,0,0,1,1,1,2,1,0,0,2024-01-09 06:31:49,0
946,940,981,963,18,15,16,6,9,7,8,8,45,10,6,6,10,3,3,3,3,3,3,3,3,3,0,1,1,2,1,6,6,4,2,0,0,2,2,0,1,1,1,2,1,2,1,2024-01-09 06:33:49,1
928,928,992,639,0,0,16,0,0,0,0,0,15,0,16,16,0,0,0,0,0,0,0,0,0,0,0,5,0,0,0,0,0,4,2,0,0,0,0,0,0,0,0,0,0,0,1,2024-01-09 06:35:49,0
923,918,19,0,6,5,20,2,7,9,8,8,45,8,10,10,10,1,1,1,1,1,1,1,1,1,4,1,2,3,0,8,6,4,2,0,0,2,0,0,1,1,1,2,1,0,2,2024-01-09 06:37:49,3
932,928,11,0,6,5,13,3,6,3,5,5,15,5,9,9,4,2,2,2,1,1,2,1,1,1,1,4,1,0,1,0,0,4,2,0,0,0,0,0,0,0,0,0,0,0,0,2024-01-09 06:39:49,0
940,935,353,0,12,10,10,4,5,4,4,4,45,5,4,4,6,2,2,2,2,2,2,2,2,2,1,2,1,3,1,8,6,4,2,0,0,2,0,0,1,1,1,2,1,1,0,2024-01-09 06:41:49,1
941,941,12,0,0,0,11,0,4,3,4,4,45,4,8,8,3,0,0,0,0,0,0,0,0,0,0,0,0,0,0,3,6,4,2,0,0,2,0,0,1,1,1,2,1,0,1,2024-01-09 06:43:49,0
931,928,363,0,12,10,27,4,8,8,8,8,15,10,17,17,10,2,2,2,2,2,2,2,2,2,0,8,1,2,0,0,0,4,2,0,0,0,0,0,0,0,0,0,0,2,1,2024-01-09 06:45:49,0
929,928,871,857,6,5,14,2,1,0,1,1,45,2,13,13,1,1,1,1,1,1,1,1,1,1,0,3,0,1,0,7,6,4,2,0,0,2,0,0,1,1,1,2,1,1,2,2024-01-09 06:47:49,3
927,923,877,848,12,10,24,7,8,8,7,7,15,7,14,14,10,5,5,5,2,2,5,2,2,2,0,4,1,2,1,0,0,4,2,0,0,0,0,0,0,0,0,0,0,0,0,2024-01-09 06:49:49,0
926,925,1239,871,0,0,12,0,3,2,3,3,45,3,10,10,2,0,0,0,0,0,0,0,0,0,0,2,0,0,0,7,6,4,2,0,0,2,0,0,1,1,1,2,1,0,0,2024-01-09 06:51:49,0
950,948,853,843,6,5,10,2,5,4,5,5,30,6,5,5,5,1,1,1,1,1,1,1,1,1,0,1,1,1,0,0,0,4,2,0,0,0,0,0,0,0,0,0,0,1,1,2024-01-09 06:53:49,0
919,916,1192,832,0,0,22,0,8,8,8,8,30,8,14,14,8,0,0,0,0,0,0,0,0,0,0,7,1,2,0,8,6,4,2,0,0,2,0,0,1,1,1,2,1,0,1,2024-01-09 06:55:49,0
931,925,880,848,18,15,21,6,8,7,7,7,45,9,11,11,10,3,3,3,3,3,3,3,3,3,0,1,2,3,1,9,6,4,2,0,0,2,0,0,1,1,1,2,1,2,2,2024-01-09 06:57:49,1
936,934,868,859,0,0,10,0,2,2,2,2,15,2,8,8,2,0,0,0,0,0,0,0,0,0,1,3,0,2,0,0,0,4,2,0,0,0,0,0,0,0,0,0,0,0,0,2024-01-09 06:59:49,0
935,928,1189,832,6,5,13,2,7,6,7,7,45,5,5,5,8,5,5,5,1,1,1,1,1,1,0,4,1,1,0,8,6,4,2,1,4,2,0,0,1,1,1,2,1,0,0,2024-01-09 07:01:49,1
945,945,878,864,6,5,13,2,6,6,6,6,30,6,6,6,7,1,1,1,1,1,1,1,1,1,1,1,0,0,0,0,0,4,2,0,0,0,0,0,0,0,0,0,0,0,1,2024-01-09 07:03:49,0
905,900,1225,860,12,10,24,4,11,10,11,11,30,11,12,12,12,2,2,2,2,2,2,2,2,2,1,3,1,2,0,9,6,4,2,0,0,2,0,0,1,1,1,2,1,1,1,2024-01-09 07:05:49,1
930,929,857,839,0,0,9,0,1,2,1,1,45,1,7,7,2,0,0,0,0,0,0,0,0,0,0,2,0,0,0,8,6,4,2,0,0,2,0,0,1,1,1,2,1,0,2,2024-01-09 07:07:49,0
948,947,897,875,12,10,20,4,7,7,7,7,15,9,11,11,9,2,2,2,2,2,2,2,2,2,1,7,0,0,0,0,0,4,2,0,0,0,0,0,0,0,0,0,0,2,0,2024-01-09 07:09:49,0
927,926,1335,980,6,5,10,3,5,6,5,5,45,5,3,3,7,2,2,2,1,1,2,1,1,1,0,1,0,1,0,7,6,4,2,0,0,2,0,0,1,1,1,2,1,0,0,2024-01-09 07:11:49,0
949,945,971,959,0,0,15,0,7,5,7,7,30,7,10,10,5,0,0,0,0,0,0,0,0,0,0,4,0,3,0,0,0,4,2,0,0,0,1,0,0,0,0,0,0,0,1,2024-01-09 07:13:49,0
903,896,1081,715,12,10,26,5,17,15,17,17,30,16,7,7,19,3,3,3,2,2,3,2,2,2,0,3,0,6,0,6,6,4,2,2,0,2,1,0,1,1,1,2,1,1,1,2024-01-09 07:15:49,6
939,938,12,0,6,5,12,2,4,3,4,4,45,4,8,8,4,1,1,1,1,1,1,1,1,1,0,1,0,1,0,7,6,4,2,0,0,2,0,0,1,1,1,2,1,0,2,2024-01-09 07:17:49,0
945,941,20,0,12,10,22,4,8,9,8,8,15,9,11,11,11,2,2,2,2,2,2,2,2,2,2,3,1,4,0,0,0,4,2,0,0,0,0,0,0,0,0,0,0,1,0,2024-01-09 07:19:49,0
932,930,352,0,18,15,8,6,2,1,1,1,45,3,4,4,4,3,3,3,3,3,3,3,3,3,0,1,1,0,1,7,6,4,2,0,0,2,0,0,1,1,1,2,1,2,0,2024-01-09 07:21:49,1
927,922,23,0,0,0,26,0,13,12,13,13,30,11,12,12,14,0,0,0,0,0,0,0,0,0,1,2,0,3,0,0,0,4,2,2,0,0,1,0,0,0,0,0,0,0,1,2024-01-09 07:23:49,3
924,921,349,0,0,0,10,0,3,1,2,2,30,2,9,9,1,0,0,0,0,0,0,0,0,0,0,3,1,0,1,8,6,4,2,0,0,2,0,0,1,1,1,2,1,0,1,2024-01-09 07:25:49,0
932,929,876,859,6,5,17,2,6,6,6,6,30,7,10,10,7,1,1,1,1,1,1,1,1,1,1,1,0,2,0,0,0,4,2,0,0,0,1,0,0,0,0,0,0,1,2,2024-01-09 07:27:49,0
952,943,886,862,18,15,28,9,15,11,11,11,30,11,14,14,14,6,6,6,3,3,6,3,3,3,0,4,2,2,4,8,6,4,2,0,0,2,1,0,1,1,1,2,1,0,0,2024-01-09 07:29:49,1
935,929,1242,880,12,10,15,6,5,5,5,5,45,6,8,8,7,8,8,8,2,2,4,2,2,2,1,3,0,2,0,8,6,4,2,0,4,2,0,0,1,1,1,2,1,1,0,2024-01-09 07:31:49,0
938,934,872,851,12,10,22,4,11,12,11,11,30,11,7,7,15,2,2,2,2,2,2,2,2,2,1,2,1,0,1,0,0,4,2,1,0,0,1,0,0,0,0,0,0,1,1,2024-01-09 07:33:49,3
934,933,1203,842,6,5,23,4,4,5,4,4,30,4,17,17,6,3,3,3,1,1,3,1,1,1,1,5,2,0,0,8,6,4,2,0,0,2,0,0,1,1,1,2,1,0,1,2024-01-09 07:35:49,0
928,925,840,824,6,5,17,2,7,5,6,6,30,6,11,11,6,1,1,1,1,1,1,1,1,1,1,1,1,0,1,0,0,4,1,0,0,0,0,1,0,0,0,0,0,0,2,2024-01-09 07:37:49,1
939,937,860,843,12,10,19,4,8,7,8,8,30,9,10,10,9,2,2,2,2,2,2,2,2,2,3,5,0,1,0,8,6,4,2,0,0,2,0,0,1,1,1,2,1,1,0,2024-01-09 07:39:49,2
930,923,1185,830,6,5,12,2,9,9,9,9,45,9,2,2,10,1,1,1,1,1,1,1,1,1,2,0,0,6,0,3,6,4,2,0,0,2,1,0,1,1,1,2,1,0,0,2024-01-09 07:41:49,2
942,935,916,893,6,5,20,2,10,11,10,10,30,11,8,8,12,5,5,5,1,1,1,1,1,1,2,0,2,2,0,0,0,4,2,0,4,0,0,0,0,0,0,0,0,1,1,2024-01-09 07:43:49,0
928,923,1234,874,6,5,21,2,7,7,7,7,30,8,13,13,8,1,1,1,1,1,1,1,1,1,3,4,1,3,0,9,6,4,2,0,0,2,1,0,1,1,1,2,1,1,1,2024-01-09 07:45:49,0
927,924,847,832,0,0,14,0,5,3,4,4,30,4,11,11,3,0,0,0,0,0,0,0,0,0,2,1,1,1,1,0,0,4,2,0,0,0,0,0,0,0,0,0,0,0,2,2024-01-09 07:47:49,0
942,938,919,891,12,10,20,4,7,5,6,6,30,7,13,13,7,2,2,2,2,2,2,2,2,2,0,3,0,2,1,8,6,4,2,0,0,2,0,0,1,1,1,2,1,1,0,2024-01-09 07:49:49,1
929,924,1330,952,12,10,22,4,7,10,7,7,45,8,10,10,12,2,2,2,2,2,2,2,2,2,0,2,1,5,0,8,6,4,2,0,0,2,0,0,1,1,1,2,1,1,0,2024-01-09 07:51:49,0
938,934,990,979,6,5,11,2,6,6,5,5,30,5,4,4,7,1,1,1,1,1,1,1,1,1,3,0,1,1,1,0,0,4,2,0,0,0,0,0,0,0,0,0,0,0,1,2024-01-09 07:53:49,1
916,910,1033,670,6,5,23,2,10,10,10,10,30,11,12,12,11,1,1,1,1,1,1,1,1,1,1,5,1,3,0,6,6,4,2,0,0,2,2,0,1,1,1,2,1,1,1,2024-01-09 07:55:49,0
938,935,34,0,12,10,24,4,13,10,13,13,30,14,12,12,12,2,2,2,2,2,2,2,2,2,0,2,0,1,0,0,0,4,2,0,0,0,0,0,0,0,0,0,0,1,2,2024-01-09 07:57:49,0
945,942,15,0,6,5,15,3,5,6,5,5,30,5,8,8,7,2,2,2,1,1,2,1,1,1,3,3,2,2,0,6,6,4,2,0,0,2,0,0,1,1,1,2,1,0,0,2024-01-09 07:59:49,0
1207,1195,610,3,598,498,161,268,15,11,13,13,30,12,49,49,112,172,172,172,100,100,168,100,100,100,5,6,2,0,2,0,0,4,2,1,4,0,0,0,0,0,0,0,0,0,0,2024-01-09 08:01:49,56
949,945,14,0,2,2,20,1,7,8,7,7,45,7,12,12,8,1,1,1,0,0,1,0,0,0,1,7,0,4,0,9,6,4,2,0,0,2,0,0,1,1,1,2,1,0,1,2024-01-09 08:03:49,1
927,919,358,0,12,10,27,4,9,3,9,9,30,7,18,18,9,2,2,2,2,2,2,2,2,2,4,8,2,0,1,9,6,4,2,2,0,2,2,0,1,1,1,2,1,1,1,2024-01-09 08:05:49,6
943,941,867,851,12,10,18,4,6,6,6,6,30,7,10,10,8,2,2,2,2,2,2,2,2,2,2,5,0,1,0,0,0,4,2,0,0,0,0,0,0,0,0,0,0,1,2,2024-01-09 08:07:49,0
948,942,872,851,6,5,24,3,11,12,11,11,30,11,11,11,13,2,2,2,1,1,2,1,1,1,3,7,2,3,0,9,6,4,2,0,0,2,0,0,1,1,1,2,1,0,0,2024-01-09 08:09:49,0
935,926,1254,903,6,5,8,2,9,3,6,6,30,6,4,4,4,1,1,1,1,1,1,1,1,1,1,2,1,3,3,0,0,4,2,0,0,0,0,0,0,0,0,0,0,0,0,2024-01-09 08:11:49,0
954,950,862,845,6,5,25,2,12,10,11,11,45,10,13,13,12,1,1,1,1,1,1,1,1,1,1,7,1,2,1,8,6,4,2,1,0,2,0,0,1,1,1,2,1,0,1,2024-01-09 08:13:49,0
916,910,1208,845,0,0,23,0,13,13,13,13,30,12,9,9,14,0,0,0,0,0,0,0,0,0,1,5,0,6,0,9,6,4,2,1,0,2,0,0,1,1,1,2,1,0,1,2024-01-09 08:15:49,0
950,937,863,839,30,25,26,10,15,10,9,9,30,10,11,11,15,5,5,5,5,5,5,5,5,5,2,4,3,1,6,0,0,4,2,0,0,0,0,0,0,0,0,0,0,2,2,2024-01-09 08:17:49,1
945,937,863,841,6,5,25,2,11,11,11,11,30,11,13,13,12,1,1,1,1,1,1,1,1,1,3,3,2,1,0,9,6,4,2,0,0,2,2,1,1,1,1,2,1,0,0,2024-01-09 08:19:49,0
934,926,1200,824,6,5,32,3,12,10,9,9,30,9,21,21,11,2,2,2,1,1,2,1,1,1,2,0,1,3,3,0,0,4,2,0,0,0,0,0,0,0,0,0,0,0,0,2024-01-09 08:21:49,0
962,950,926,903,18,15,22,6,13,5,9,9,45,9,13,13,9,3,3,3,3,3,3,3,3,3,1,3,3,4,4,7,6,4,2,1,0,2,0,0,1,1,1,2,1,1,1,2024-01-09 08:23:49,0
910,904,1222,868,6,5,17,2,9,5,5,5,30,5,11,11,6,1,1,1,1,1,1,1,1,1,0,5,2,0,4,9,6,4,2,0,0,2,0,0,1,1,1,2,1,0,1,2024-01-09 08:25:49,1
945,932,873,844,0,0,31,0,17,17,17,17,30,17,14,14,17,0,0,0,0,0,0,0,0,0,4,2,5,8,0,0,0,4,2,0,0,0,0,0,0,0,0,0,0,0,2,2024-01-09 08:27:49,0
939,936,903,873,12,10,31,4,13,14,13,13,30,15,15,15,16,2,2,2,2,2,2,2,2,2,6,3,1,1,0,5,6,4,2,0,0,2,0,0,1,1,1,2,1,2,0,2024-01-09 08:29:49,0
931,926,1334,976,6,5,14,2,6,5,6,6,30,6,8,8,6,3,3,3,1,1,1,1,1,1,2,3,1,1,0,0,0,4,2,0,2,0,0,0,0,0,0,0,0,0,0,2024-01-09 08:31:49,0
960,950,997,973,12,10,23,4,15,14,14,14,45,14,7,7,16,4,4,4,2,2,2,2,2,2,3,1,4,2,1,7,6,4,2,0,2,2,0,0,1,1,1,2,1,0,1,2024-01-09 08:33:49,0
920,912,1013,646,18,15,34,6,11,9,10,10,15,9,21,21,13,3,3,3,3,3,3,3,3,3,2,8,4,2,1,0,0,4,2,1,0,0,0,0,0,0,0,0,0,0,1,2024-01-09 08:35:49,0
928,923,19,0,12,10,20,4,9,7,8,8,45,7,10,10,10,2,2,2,2,2,2,2,2,2,1,0,1,2,1,8,6,4,2,1,0,2,0,0,1,1,1,2,1,0,2,2024-01-09 08:37:49,0
944,942,12,0,0,0,11,0,2,3,2,2,30,2,8,8,3,0,0,0,0,0,0,0,0,0,2,3,0,1,0,7,6,4,2,0,0,2,0,0,1,1,1,2,1,0,0,2024-01-09 08:39:49,0
940,932,363,0,18,15,18,6,10,11,10,10,30,12,4,4,14,3,3,3,3,3,3,3,3,3,2,0,1,4,0,0,0,4,2,0,0,0,2,0,0,0,0,0,0,2,0,2024-01-09 08:41:49,1
925,920,17,0,0,0,16,0,8,8,7,7,45,7,8,8,8,0,0,0,0,0,0,0,0,0,0,0,1,1,1,7,6,4,2,0,0,2,1,0,1,1,1,2,1,0,1,2024-01-09 08:43:49,0
929,925,359,0,6,5,20,2,6,6,6,6,15,6,13,13,7,3,3,3,1,1,1,1,1,1,1,3,3,0,0,0,0,4,2,0,2,0,0,0,0,0,0,0,0,0,1,2024-01-09 08:45:49,1
947,933,903,864,24,20,37,8,24,18,19,19,45,18,14,14,23,4,4,4,4,4,4,4,4,4,3,0,6,2,6,8,6,4,2,1,0,2,0,0,1,1,1,2,1,0,2,2024-01-09 08:47:49,0
954,939,911,873,6,5,31,2,20,15,16,16,30,16,15,15,16,1,1,1,1,1,1,1,1,1,7,2,9,1,3,8,6,4,2,0,0,2,0,0,1,1,1,2,1,0,0,2024-01-09 08:49:49,1
935,928,1232,853,12,10,22,4,8,6,8,8,30,9,14,14,8,2,2,2,2,2,2,2,2,2,3,1,2,3,0,0,0,4,2,0,0,0,0,1,0,0,0,0,0,1,0,2024-01-09 08:51:49,0
930,924,880,849,22,18,29,7,17,16,16,16,45,18,9,9,20,4,4,3,4,4,3,4,4,4,2,0,1,4,1,7,6,4,2,0,0,2,0,1,1,1,1,2,1,2,1,2024-01-09 08:53:49,3
940,929,1224,850,14,12,31,6,17,18,15,15,15,15,11,11,20,2,2,3,2,2,3,2,2,2,5,2,3,4,2,0,0,4,2,0,0,0,2,1,0,0,0,0,0,0,1,2024-01-09 08:55:49,0
946,930,884,844,18,15,27,5,20,12,16,16,45,14,11,11,16,3,3,3,3,3,3,3,3,3,3,0,5,3,4,8,6,4,2,1,0,2,1,0,1,1,1,2,1,0,2,2024-01-09 08:57:49,0
967,960,881,841,54,45,43,26,22,22,21,21,30,21,12,12,31,17,17,17,9,9,17,9,9,9,6,3,2,3,1,8,6,4,2,0,0,2,0,0,1,1,1,2,1,0,0,2024-01-09 08:59:49,27
1404,1390,1522,836,1076,896,347,444,20,17,22,22,30,19,148,148,199,266,266,267,180,180,264,180,180,180,9,18,3,3,3,0,0,4,2,1,3,0,1,7,0,0,0,0,0,0,0,2024-01-09 09:01:49,123
1006,993,1050,893,154,131,80,62,15,13,13,13,45,14,43,43,37,41,41,40,23,23,39,23,23,23,9,8,6,4,38,8,6,4,2,0,1,2,0,0,1,1,1,2,1,1,1,2024-01-09 09:03:49,25
947,935,1245,866,24,20,41,8,19,20,19,19,15,20,17,17,24,4,4,4,4,4,4,4,4,4,6,5,7,3,1,0,0,4,2,0,0,0,2,0,0,0,0,0,0,1,1,2024-01-09 09:05:49,5
941,930,863,841,12,10,30,4,15,13,14,14,45,13,14,14,16,2,2,2,2,2,2,2,2,2,1,9,4,3,1,7,6,4,2,1,0,2,1,0,1,1,1,2,1,0,2,2024-01-09 09:07:49,2
974,960,898,863,42,35,43,14,21,15,20,20,15,17,19,19,24,7,7,7,7,7,7,7,7,7,4,8,7,1,2,0,0,4,2,1,0,0,1,0,0,0,0,0,0,0,0,2024-01-09 09:09:49,3
950,937,1344,967,36,30,37,12,20,17,13,13,45,13,14,14,23,6,6,6,6,6,6,6,6,6,7,4,5,1,7,8,6,4,2,0,0,2,0,0,1,1,1,2,1,0,0,2024-01-09 09:11:49,0
997,983,1029,960,128,106,77,46,22,23,20,20,45,21,31,31,46,24,24,24,22,22,24,22,22,22,9,7,7,3,3,6,6,4,2,0,0,2,1,0,1,1,1,2,1,1,1,2024-01-09 09:13:49,7
957,944,1062,682,82,69,36,28,15,10,14,14,15,14,12,12,24,15,15,15,13,13,15,13,13,13,6,2,4,2,2,0,0,4,2,1,0,0,0,0,0,0,0,0,0,1,1,2024-01-09 09:15:49,3
935,921,28,0,0,0,32,0,20,17,17,17,45,17,15,15,17,0,0,0,0,0,0,0,0,0,8,4,5,5,2,9,6,4,2,0,0,2,0,0,1,1,1,2,1,0,2,2024-01-09 09:17:49,0
976,954,44,0,30,25,52,10,31,26,29,29,15,28,19,19,33,5,5,5,5,5,5,5,5,5,10,6,10,4,4,0,0,4,2,1,0,0,1,0,0,0,0,0,0,0,0,2024-01-09 09:19:49,4
942,927,380,0,12,10,38,4,30,26,28,28,45,28,10,10,28,2,2,2,2,2,2,2,2,2,13,0,5,4,3,5,6,4,2,0,0,2,1,0,1,1,1,2,1,0,0,2024-01-09 09:21:49,6
959,941,42,0,24,20,47,8,26,24,23,23,45,21,18,18,29,4,4,4,4,4,4,4,4,4,10,5,13,1,4,5,6,4,2,0,0,2,0,0,1,1,1,2,1,0,1,2024-01-09 09:23:49,2
937,920,383,0,24,20,44,10,22,20,23,23,15,22,17,17,27,6,6,6,4,4,6,4,4,4,14,2,6,4,0,0,0,4,1,3,0,0,2,1,0,0,0,0,0,2,1,2024-01-09 09:25:49,3
960,943,897,859,18,15,38,6,20,14,16,16,45,16,21,21,17,3,3,3,3,3,3,3,3,3,7,1,5,4,4,9,6,4,2,0,0,2,0,0,1,1,1,2,1,1,2,2024-01-09 09:27:49,0
949,938,896,860,24,20,40,8,17,15,17,17,15,14,20,20,20,4,4,4,4,4,4,4,4,4,4,3,7,0,1,0,0,4,2,1,0,0,3,0,0,0,0,0,0,0,0,2024-01-09 09:29:49,3
996,976,1272,880,30,25,89,10,26,22,22,22,45,21,61,61,28,7,7,7,5,5,5,5,5,5,8,43,7,5,4,8,6,4,2,1,2,2,0,1,1,1,1,2,1,0,0,2024-01-09 09:31:49,1
1047,1028,890,844,6,5,139,2,25,20,25,25,45,23,116,116,23,4,4,4,1,1,1,1,1,1,8,95,9,4,0,8,6,4,2,1,3,2,1,0,1,1,1,2,1,0,1,2024-01-09 09:33:49,1
965,943,1244,844,24,20,74,8,31,27,30,30,15,29,43,43,31,4,4,4,4,4,4,4,4,4,13,18,10,4,4,0,0,4,2,0,0,0,0,0,0,0,0,0,0,1,1,2024-01-09 09:35:49,7
962,941,883,834,18,15,59,6,29,24,22,22,45,21,31,31,28,3,3,3,3,3,3,3,3,3,13,10,9,2,7,3,6,4,2,1,0,2,2,0,1,1,1,2,1,0,2,2024-01-09 09:37:49,1
962,950,892,846,24,20,58,8,17,19,17,17,15,15,34,34,24,4,4,4,4,4,4,4,4,4,6,12,10,1,0,0,0,4,2,1,0,0,0,0,0,0,0,0,0,1,0,2024-01-09 09:39:49,1
991,959,1241,837,78,65,64,32,38,24,31,31,45,28,26,26,38,21,21,21,13,13,19,13,13,13,8,2,14,4,9,8,6,4,2,1,2,2,0,0,1,1,1,2,1,0,0,2024-01-09 09:41:49,1
965,940,968,895,42,35,79,16,42,37,38,38,30,38,35,35,44,11,11,11,7,7,9,7,7,7,12,8,10,2,4,0,0,4,2,0,2,0,0,0,0,0,0,0,0,0,1,2024-01-09 09:43:49,1
969,956,1286,876,44,36,79,24,19,17,18,18,30,18,54,54,25,13,13,15,8,8,15,8,8,8,9,12,4,5,1,8,6,4,2,0,0,2,0,0,1,1,1,2,1,0,1,2024-01-09 09:45:49,4
961,943,871,816,40,34,58,13,24,15,23,23,45,21,37,37,21,10,10,8,6,6,8,6,6,6,4,6,6,5,2,7,6,4,2,0,0,2,0,0,1,1,1,2,1,1,2,2024-01-09 09:47:49,1
981,955,968,872,54,45,92,18,33,41,35,35,15,34,42,42,50,9,9,9,9,9,9,9,9,9,20,4,11,6,3,0,0,4,2,0,0,0,2,0,0,0,0,0,0,0,0,2024-01-09 09:49:49,17
969,942,1375,949,30,25,72,12,34,31,28,28,45,28,36,36,36,7,7,7,5,5,7,5,5,5,11,6,13,3,6,9,6,4,2,0,0,2,0,3,1,1,1,2,1,1,0,2024-01-09 09:51:49,3
959,941,1024,965,42,35,66,17,21,15,19,19,30,18,43,43,23,12,12,12,7,7,10,7,7,7,7,9,8,2,2,0,0,4,2,1,2,0,0,0,0,0,0,0,0,0,1,2024-01-09 09:53:49,0
962,936,1124,705,48,40,80,18,32,29,27,27,30,26,42,42,38,10,10,10,8,8,10,8,8,8,15,6,12,5,5,9,6,4,2,1,0,2,0,1,1,1,1,2,1,0,1,2024-01-09 09:55:49,6
1001,978,119,0,114,95,107,43,30,26,27,27,45,26,62,62,45,26,26,26,19,19,25,19,18,18,12,4,8,5,3,8,6,4,2,0,1,2,0,0,1,1,1,2,1,1,2,2024-01-09 09:57:49,8
985,966,65,0,30,25,84,14,20,20,19,19,15,19,58,58,26,12,12,12,5,5,9,5,5,5,13,25,6,6,1,0,0,4,2,1,3,0,0,4,0,0,0,0,0,1,0,2024-01-09 09:59:49,4
1058,1034,663,0,216,180,328,74,24,24,23,23,45,42,268,268,60,40,40,40,36,36,38,36,36,36,29,33,8,3,5,8,6,4,2,0,2,2,1,21,1,1,1,2,1,22,0,2024-01-09 10:01:49,30
1077,1044,111,0,120,100,167,54,40,28,36,36,30,35,119,119,48,36,36,36,20,20,34,20,20,20,10,58,14,5,5,0,0,4,2,0,2,0,1,0,0,0,0,0,0,0,1,2024-01-09 10:03:49,7
1114,1081,496,0,214,178,217,94,49,38,45,45,30,41,139,139,78,62,62,62,36,36,58,36,36,36,11,70,9,10,4,8,6,4,2,4,4,2,1,0,1,1,1,2,1,0,1,2024-01-09 10:05:49,9
999,974,947,858,98,82,97,41,33,29,29,29,45,28,52,52,45,25,25,25,16,16,25,16,16,16,12,10,14,2,6,9,6,4,2,0,0,2,0,0,1,1,1,2,1,0,2,2024-01-09 10:07:49,8
1002,983,947,858,90,75,105,35,27,21,23,23,15,23,69,69,36,20,20,20,15,15,20,15,15,15,6,17,8,4,4,0,0,4,2,0,0,0,0,1,0,0,0,0,0,0,0,2024-01-09 10:09:49,1
1077,1043,1476,883,260,216,158,104,48,55,46,46,45,43,55,55,103,60,60,60,44,44,60,44,44,44,30,16,11,16,2,9,6,4,2,4,0,2,0,1,1,1,1,2,1,1,0,2024-01-09 10:11:49,2
1019,998,906,817,164,137,106,62,23,26,19,19,30,20,53,53,53,36,36,36,27,27,35,27,27,27,12,16,13,3,5,0,0,4,2,0,1,0,0,1,0,0,0,0,0,1,1,2024-01-09 10:13:49,11
980,944,1281,830,56,47,118,22,46,32,41,41,30,39,76,76,42,13,13,13,9,9,13,9,9,9,18,9,17,3,6,6,6,4,2,1,0,2,0,0,1,1,1,2,1,0,1,2024-01-09 10:15:49,0
986,962,930,833,96,80,101,37,28,23,24,24,45,22,60,60,41,21,21,21,16,16,21,16,16,16,18,1,7,2,4,8,6,4,2,2,0,2,1,0,1,1,1,2,1,0,2,2024-01-09 10:17:49,2
1021,993,935,831,114,95,116,48,33,31,28,28,15,26,64,64,52,27,27,28,19,19,28,19,19,19,18,11,9,7,6,0,0,4,2,2,0,0,1,0,0,0,0,0,0,0,0,2024-01-09 10:19:49,4
1020,990,1251,840,72,60,111,26,36,41,36,36,45,36,57,57,54,20,20,19,12,12,15,12,12,12,23,41,13,13,1,9,6,4,2,1,4,2,1,0,1,1,1,2,1,1,0,2024-01-09 10:21:49,4
1034,1015,968,870,132,108,110,56,37,31,34,34,30,32,53,53,57,32,32,32,24,24,32,24,24,24,20,12,10,7,3,0,0,4,2,2,0,0,0,1,0,0,0,0,0,0,1,2024-01-09 10:23:49,6
1021,970,1331,878,162,137,117,54,75,46,65,65,30,64,45,45,72,30,30,30,25,25,29,25,25,25,19,7,14,12,10,5,6,4,2,1,1,2,2,1,1,1,1,2,1,1,1,2024-01-09 10:25:49,5
1013,984,944,853,108,90,106,50,35,35,31,31,30,29,50,50,56,35,35,35,18,18,32,18,18,18,21,13,13,7,4,0,0,4,2,3,3,0,0,0,0,0,0,0,0,1,2,2024-01-09 10:27:49,3
1010,976,949,875,90,75,85,38,39,29,35,35,30,29,37,37,48,23,23,23,15,15,23,15,15,15,18,7,16,5,5,4,6,4,2,4,0,2,2,1,1,1,1,2,1,0,0,2024-01-09 10:29:49,1
988,958,1377,956,86,71,79,29,31,32,29,29,45,27,32,32,47,16,16,16,15,15,14,15,15,15,16,5,9,11,5,8,6,4,2,0,2,2,0,1,1,1,1,2,1,0,0,2024-01-09 10:31:49,7
1053,1024,1040,953,177,148,115,71,35,24,25,25,30,24,59,59,56,44,44,44,29,29,42,29,29,29,12,29,13,0,10,0,0,4,2,2,2,0,1,2,0,0,0,0,0,1,1,2024-01-09 10:33:49,7
970,938,1168,747,91,76,86,32,42,32,34,34,30,31,39,39,47,17,17,17,15,15,17,15,15,15,20,7,11,4,9,9,6,4,2,0,0,2,2,0,1,1,1,2,1,0,1,2024-01-09 10:35:49,1
994,971,78,0,72,60,88,24,39,37,36,36,30,34,34,34,54,12,12,12,12,12,12,12,12,12,21,6,8,5,3,0,0,4,2,3,0,0,1,1,0,0,0,0,0,1,2,2024-01-09 10:37:49,4
998,974,67,0,100,82,78,36,31,27,27,27,30,25,31,31,47,18,18,19,18,18,19,18,18,18,19,10,9,6,4,8,6,4,2,2,0,2,1,0,1,1,1,2,1,0,0,2024-01-09 10:39:49,10
1031,994,441,0,154,129,118,60,51,49,47,47,45,43,40,40,78,35,35,34,25,25,34,25,25,25,34,14,10,13,7,7,6,4,2,3,0,2,1,0,1,1,1,2,1,0,0,2024-01-09 10:41:49,22
983,961,55,0,76,64,66,25,35,21,30,30,30,25,28,28,38,13,13,13,12,12,13,12,12,12,12,7,12,1,5,0,0,4,2,5,0,0,1,0,0,0,0,0,0,0,1,2024-01-09 10:43:49,0
989,954,416,0,78,65,75,28,48,32,38,38,30,38,30,30,45,15,15,15,13,13,15,13,13,13,12,2,14,5,10,9,6,4,2,0,0,2,0,2,1,1,1,2,1,1,1,2024-01-09 10:45:49,0
964,946,913,856,30,25,66,12,27,28,22,22,30,22,33,33,33,7,7,7,5,5,7,5,5,5,19,11,10,7,5,0,0,4,2,0,0,0,0,0,0,0,0,0,0,0,2,2024-01-09 10:47:49,0
1004,957,965,872,108,90,87,37,59,45,49,49,30,45,21,21,66,19,19,19,18,18,19,18,18,18,28,3,16,6,11,7,6,4,2,3,0,2,1,0,1,1,1,2,1,1,0,2024-01-09 10:49:49,4
982,957,1317,880,71,59,83,29,35,27,30,30,45,27,41,41,42,17,17,17,12,12,17,12,12,12,13,2,9,7,5,8,6,4,2,3,0,2,0,1,1,1,1,2,1,0,0,2024-01-09 10:51:49,0
964,953,898,855,49,41,44,16,19,21,18,18,30,18,15,15,29,8,8,8,8,8,8,8,8,8,8,4,7,1,1,0,0,4,2,0,0,0,1,0,0,0,0,0,0,0,1,2024-01-09 10:53:49,2
1000,973,1231,824,76,63,86,25,32,26,28,28,30,29,44,44,42,12,12,12,13,13,12,13,13,13,13,21,11,5,5,7,6,4,2,0,0,2,3,0,1,1,1,2,1,1,1,2024-01-09 10:55:49,12
1039,990,943,824,170,142,119,59,69,60,58,58,30,56,29,29,90,31,31,31,28,28,31,28,28,28,40,9,21,12,11,0,0,4,2,2,0,0,0,0,0,0,0,0,0,0,2,2024-01-09 10:57:49,10
1059,1016,946,864,166,138,113,61,62,38,51,51,30,47,46,46,67,33,33,33,28,28,33,28,28,28,21,32,16,8,12,8,6,4,2,1,0,2,0,1,1,1,1,2,1,1,0,2024-01-09 10:59:49,7
1094,999,1390,833,154,129,242,60,149,133,140,140,30,125,69,69,173,37,37,37,25,25,35,25,25,25,129,19,14,30,10,0,0,4,2,14,2,0,24,1,0,0,0,0,0,1,0,2024-01-09 11:01:49,11
1055,1024,966,859,110,91,146,46,66,43,63,63,45,59,79,79,68,31,31,30,19,19,28,18,18,18,27,39,9,9,4,7,6,4,2,3,2,2,1,2,1,1,1,2,1,0,1,2024-01-09 11:03:49,6
1047,1001,1342,891,166,139,123,64,50,40,50,50,30,46,53,53,69,43,43,44,27,27,37,28,27,27,30,12,11,10,3,8,6,4,2,2,7,2,2,0,1,1,1,2,1,0,1,2024-01-09 11:05:49,19
1070,1029,946,829,228,190,134,90,46,34,35,35,30,35,61,61,73,52,52,52,38,38,52,38,38,38,20,19,13,10,11,0,0,4,2,1,0,0,0,0,0,0,0,0,0,1,2,2024-01-09 11:07:49,3
1045,1000,943,844,156,130,107,58,52,42,35,35,30,35,39,39,68,33,33,33,26,26,32,26,25,25,19,11,18,6,17,9,6,4,2,0,1,2,2,1,1,1,1,2,1,0,0,2024-01-09 11:09:49,2
1015,972,1407,965,100,83,106,37,54,52,48,48,30,46,35,35,71,25,25,25,17,17,22,17,16,16,29,10,13,14,6,0,0,4,1,2,3,0,1,0,0,0,0,0,0,0,0,2024-01-09 11:11:49,2
1032,1000,1040,962,134,112,90,48,38,27,35,35,45,28,37,37,53,31,31,31,22,22,28,22,20,20,13,12,12,4,4,9,6,4,2,4,3,2,3,1,1,1,1,2,1,1,1,2024-01-09 11:13:49,3
986,960,1143,724,119,99,82,50,35,28,33,33,30,31,34,34,48,32,32,32,20,20,31,20,19,19,18,8,8,4,2,9,6,4,2,0,1,2,0,0,1,1,1,2,1,0,1,2024-01-09 11:15:49,3
980,944,76,0,91,76,85,31,47,44,42,42,30,34,20,20,65,19,19,19,15,15,16,15,15,15,30,5,10,9,4,0,0,4,2,6,3,0,0,0,0,0,0,0,0,0,2,2024-01-09 11:17:49,3
1007,986,72,0,89,74,75,30,44,30,43,43,30,43,30,30,45,15,15,15,15,15,15,15,15,15,17,6,8,5,2,8,6,4,2,0,0,2,0,0,1,1,1,2,1,1,0,2024-01-09 11:19:49,0
1015,980,415,0,91,76,84,31,41,37,35,35,30,35,31,31,53,20,20,20,15,15,17,15,14,14,25,9,12,9,9,0,0,4,2,0,3,0,1,0,0,0,0,0,0,0,0,2024-01-09 11:21:49,21
998,963,76,0,96,80,79,36,42,27,30,30,45,27,34,34,45,20,20,20,16,16,20,16,16,16,8,5,16,3,13,9,6,4,2,2,0,2,1,0,1,1,1,2,1,1,1,2024-01-09 11:23:49,5
1040,999,443,0,160,133,117,62,45,34,31,31,30,30,52,52,65,43,43,43,27,27,38,27,24,24,16,12,14,6,14,8,6,4,2,1,5,2,0,0,1,1,1,2,1,0,1,2024-01-09 11:25:49,15
1009,973,919,840,86,72,103,29,43,38,44,44,30,37,44,44,59,16,16,16,14,14,15,14,14,14,23,17,17,4,0,0,0,4,2,5,1,0,5,0,0,0,0,0,0,0,2,2024-01-09 11:27:49,13
1004,968,897,833,78,65,69,31,42,26,30,30,30,28,31,31,39,18,18,18,13,13,18,13,13,13,13,6,11,4,13,8,6,4,2,0,0,2,0,0,1,1,1,2,1,0,0,2024-01-09 11:29:49,2
988,958,1314,887,84,70,86,31,37,39,37,37,30,37,30,30,55,19,19,19,14,14,17,14,14,14,22,9,17,4,1,0,0,4,2,2,2,0,1,0,0,0,0,0,0,2,0,2024-01-09 11:31:49,1
1048,997,942,833,156,130,139,55,80,68,70,70,45,67,44,44,95,31,31,31,26,26,29,26,26,26,32,21,22,12,18,8,6,4,2,1,2,2,1,3,1,1,1,2,1,0,1,2024-01-09 11:33:49,38
1026,984,1286,854,108,90,105,41,56,39,52,52,30,48,43,43,62,25,25,25,18,18,24,18,17,17,29,11,11,10,4,7,6,4,2,5,1,2,0,0,1,1,1,2,1,1,1,2024-01-09 11:35:49,7
1000,971,912,823,99,81,105,41,42,43,40,40,30,38,42,42,63,23,23,23,18,18,23,18,18,18,30,15,10,9,3,0,0,4,2,2,0,0,2,2,0,0,0,0,0,0,2,2024-01-09 11:37:49,0
989,960,926,847,57,49,88,19,46,56,44,44,30,43,23,23,65,12,12,12,8,8,11,8,8,8,45,8,8,8,1,8,6,4,2,1,1,2,0,0,1,1,1,2,1,0,0,2024-01-09 11:39:49,0
1004,968,1249,836,75,62,83,29,45,41,40,40,30,39,27,27,56,18,18,19,13,13,16,13,13,13,32,13,8,9,5,0,0,4,2,2,3,0,1,1,0,0,0,0,0,1,0,2024-01-09 11:41:49,0
1010,981,933,858,81,68,89,26,43,40,39,39,45,35,32,32,57,14,14,13,13,13,13,13,13,13,32,11,12,5,4,7,6,4,2,4,0,2,0,1,1,1,1,2,1,0,1,2024-01-09 11:43:49,2
959,925,1317,875,36,30,106,14,60,54,55,55,15,50,42,42,64,12,12,12,6,6,8,6,6,6,39,9,12,5,5,0,0,4,2,4,4,0,2,6,0,0,0,0,0,0,1,2024-01-09 11:45:49,3
983,943,898,822,42,35,80,18,56,41,52,52,45,46,29,29,51,11,11,11,7,7,11,7,7,7,26,2,16,6,5,4,6,4,2,3,0,2,1,2,1,1,1,2,1,1,2,2024-01-09 11:47:49,1
1003,974,975,878,78,65,105,26,40,41,36,36,30,36,51,51,54,14,14,14,13,13,13,13,13,13,21,17,13,8,4,8,6,4,2,0,1,2,2,1,1,1,1,2,1,0,0,2024-01-09 11:49:49,0
996,968,1355,934,90,75,78,32,33,22,26,26,30,25,40,40,38,21,21,21,15,15,17,15,15,15,12,16,11,4,8,0,0,4,2,1,4,0,0,0,0,0,0,0,0,0,0,2024-01-09 11:51:49,10
1000,972,1029,956,90,75,78,31,34,29,26,26,45,25,32,32,46,16,16,16,15,15,16,15,15,15,18,4,10,3,8,9,6,4,2,2,0,2,1,0,1,1,1,2,1,1,1,2024-01-09 11:53:49,1
985,947,1227,806,72,60,87,28,44,36,38,38,15,34,39,39,48,19,19,19,12,12,16,12,12,12,21,12,13,4,8,0,0,4,2,0,3,0,1,4,0,0,0,0,0,0,1,2024-01-09 11:55:49,3
988,962,78,0,102,85,68,40,35,26,27,27,45,26,25,25,43,23,23,23,17,17,23,17,17,17,11,3,8,6,10,9,6,4,2,0,0,2,0,0,1,1,1,2,1,0,2,2024-01-09 11:57:49,3
1013,984,73,0,88,73,91,32,50,40,43,43,30,43,35,35,56,16,16,16,15,15,16,15,15,15,23,23,14,7,4,8,6,4,2,1,0,2,0,5,1,1,1,2,1,1,0,2024-01-09 11:59:49,4
1012,981,421,0,146,122,80,57,79,24,75,75,30,75,31,31,49,36,36,36,24,24,34,24,24,24,17,6,11,6,8,0,0,4,2,1,2,0,0,0,0,0,0,0,0,1,0,2024-01-09 12:01:49,19
981,949,57,0,60,50,62,20,40,30,31,31,45,29,22,22,40,12,12,12,10,10,10,10,10,10,14,5,11,6,8,8,6,4,2,0,2,2,2,0,1,1,1,2,1,0,1,2024-01-09 12:03:49,1
972,944,388,0,48,40,50,16,27,22,24,24,15,25,20,20,30,13,13,13,8,8,8,8,8,8,10,5,7,6,5,0,0,4,2,0,5,0,1,0,0,0,0,0,0,1,1,2024-01-09 12:05:49,4
1011,979,937,861,138,115,80,46,41,37,36,36,45,35,19,19,61,24,24,24,23,23,23,23,23,23,22,3,9,7,8,8,6,4,2,1,1,2,0,1,1,1,1,2,1,0,2,2024-01-09 12:07:49,8
981,954,896,856,60,50,40,21,27,19,22,22,30,21,10,10,29,11,11,11,10,10,11,10,10,10,12,1,9,3,6,8,6,4,2,0,0,2,0,1,1,1,1,2,1,1,0,2024-01-09 12:09:49,8
957,938,1272,886,66,55,48,22,27,22,23,23,30,22,14,14,34,11,11,11,11,11,11,11,11,11,10,5,6,8,4,0,0,4,2,1,0,0,0,1,0,0,0,0,0,0,0,2024-01-09 12:11:49,2
988,970,887,844,72,60,44,24,24,20,20,20,45,19,11,11,33,12,12,12,12,12,12,12,12,12,14,2,5,5,4,9,6,4,2,1,0,2,1,1,1,1,1,2,1,0,1,2024-01-09 12:13:49,3
986,959,1248,846,102,85,64,39,44,37,38,38,15,36,8,8,56,22,22,22,17,17,22,17,17,17,26,3,9,6,6,0,0,4,2,2,0,0,0,1,0,0,0,0,0,1,1,2024-01-09 12:15:49,1
961,948,881,834,66,55,51,22,24,24,22,22,45,22,16,16,35,11,11,11,11,11,11,11,11,11,18,4,1,4,2,7,6,4,2,0,0,2,0,0,1,1,1,2,1,0,2,2024-01-09 12:17:49,1
951,938,897,856,18,15,41,7,26,27,26,26,15,26,11,11,30,4,4,4,3,3,4,3,3,3,12,0,3,7,0,0,0,4,2,0,0,0,0,0,0,0,0,0,0,0,0,2024-01-09 12:19:49,0
943,924,1225,838,36,30,48,13,31,29,27,27,45,27,12,12,36,7,7,7,6,6,7,6,6,6,24,3,7,4,4,2,6,4,2,1,0,2,1,0,1,1,1,2,1,1,0,2024-01-09 12:21:49,0
977,963,938,898,48,40,43,20,20,14,15,15,45,15,21,21,22,12,12,12,8,8,12,8,8,8,11,4,4,2,5,8,6,4,2,0,0,2,0,0,1,1,1,2,1,0,1,2024-01-09 12:23:49,3
944,925,1254,877,18,15,38,6,30,25,27,27,15,26,10,10,28,3,3,3,3,3,3,3,3,3,9,4,8,1,4,0,0,4,2,0,0,0,2,0,0,0,0,0,0,0,1,2024-01-09 12:25:49,1
954,937,876,845,30,25,35,10,21,17,19,19,45,18,12,12,23,5,5,5,5,5,5,5,5,5,12,4,4,7,1,8,6,4,2,1,0,2,1,0,1,1,1,2,1,1,2,2024-01-09 12:27:49,0
958,942,926,882,28,23,43,12,27,21,22,22,15,22,17,17,26,6,6,7,5,5,7,5,5,5,12,4,6,4,5,0,0,4,2,0,0,0,0,0,0,0,0,0,0,0,0,2024-01-09 12:29:49,7
950,933,1327,950,20,17,33,10,25,12,24,24,45,24,18,18,15,10,10,9,3,3,7,3,3,3,8,3,4,3,1,5,6,4,2,0,2,2,2,1,1,1,1,2,1,0,0,2024-01-09 12:31:49,3
1019,976,1023,965,102,85,57,34,45,24,31,31,45,25,15,15,42,19,19,19,17,17,17,17,17,17,11,3,13,2,18,9,6,4,2,1,2,2,1,0,1,1,1,2,1,2,1,2024-01-09 12:33:49,4
956,941,1038,644,42,35,53,14,24,20,22,22,15,21,26,26,27,7,7,7,7,7,7,7,7,7,10,2,6,4,2,0,0,4,2,0,0,0,0,1,0,0,0,0,0,0,1,2024-01-09 12:35:49,0
950,941,39,0,40,33,39,12,17,20,17,17,45,17,12,12,27,6,6,6,7,7,6,7,7,7,8,1,4,3,0,8,6,4,2,0,0,2,0,0,1,1,1,2,1,0,2,2024-01-09 12:37:49,4
977,957,45,0,50,42,54,18,28,22,24,24,15,22,21,21,33,9,9,9,8,8,9,8,8,8,16,8,8,2,4,0,0,4,2,3,0,0,1,1,0,0,0,0,0,1,0,2024-01-09 12:39:49,0
966,931,385,0,42,35,61,14,32,30,31,31,45,31,19,19,42,23,23,23,7,7,7,7,7,7,17,14,9,6,1,5,6,4,2,0,16,2,0,0,1,1,1,2,1,0,0,2024-01-09 12:41:49,6
1001,980,35,0,48,40,57,18,19,12,23,23,45,17,28,28,29,10,10,10,8,8,10,8,8,8,18,13,4,2,0,7,6,4,2,6,0,2,7,0,1,1,1,2,1,0,1,2024-01-09 12:43:49,16
993,960,399,0,60,50,79,20,48,33,45,45,15,41,32,32,47,10,10,10,10,10,10,10,10,10,18,19,5,10,5,0,0,4,2,3,0,0,2,1,0,0,0,0,0,1,1,2024-01-09 12:45:49,7
1002,971,908,858,42,35,81,16,42,29,40,40,45,33,35,35,46,9,9,9,7,7,9,7,7,7,25,21,4,2,6,9,6,4,2,5,0,2,3,0,1,1,1,2,1,0,2,2024-01-09 12:47:49,18
949,935,914,864,18,15,49,6,24,23,23,23,15,22,23,23,26,3,3,3,3,3,3,3,3,3,20,11,4,5,2,0,0,4,2,0,0,0,1,1,0,0,0,0,0,0,0,2024-01-09 12:49:49,1
948,925,1257,862,18,15,40,6,31,23,26,26,45,23,10,10,30,3,3,3,3,3,3,3,3,3,18,1,4,5,5,7,6,4,2,4,0,2,1,1,1,1,1,2,1,1,0,2024-01-09 12:51:49,0
946,938,861,833,12,10,24,4,17,17,17,17,45,17,5,5,19,2,2,2,2,2,2,2,2,2,6,0,5,3,0,8,6,4,2,0,0,2,1,0,1,1,1,2,1,0,1,2024-01-09 12:53:49,0
941,929,1205,831,12,10,31,4,19,16,17,17,15,18,13,13,18,2,2,2,2,2,2,2,2,2,9,4,3,4,2,0,0,4,1,0,0,0,0,2,0,0,0,0,0,1,1,2024-01-09 12:55:49,0
945,923,897,841,30,25,50,10,33,29,27,27,45,26,15,15,35,5,5,5,5,5,5,5,5,5,18,4,5,6,6,8,6,4,2,1,0,2,0,1,1,1,1,2,1,0,2,2024-01-09 12:57:49,0
953,943,900,870,24,20,32,8,26,17,25,25,15,25,11,11,21,4,4,4,4,4,4,4,4,4,13,2,5,3,1,0,0,4,2,0,0,0,0,2,0,0,0,0,0,0,0,2024-01-09 12:59:49,0
961,937,1216,832,18,15,42,6,33,23,26,26,45,25,16,16,26,6,6,6,3,3,3,3,3,3,9,4,7,2,7,9,6,4,2,0,3,2,0,1,1,1,1,2,1,0,0,2024-01-09 13:01:49,1
971,950,907,868,42,35,40,16,34,21,32,32,30,33,12,12,28,11,11,11,7,7,9,7,7,7,10,4,11,2,3,0,0,4,2,0,2,0,0,1,0,0,0,0,0,2,1,2024-01-09 13:03:49,0
961,941,1264,877,24,20,45,8,23,26,22,22,30,22,15,15,30,8,8,8,4,4,4,4,4,4,12,5,4,7,1,9,6,4,2,0,4,2,0,0,1,1,1,2,1,0,1,2024-01-09 13:05:49,1
945,929,887,850,36,30,41,14,23,19,20,20,45,20,15,15,26,8,8,8,6,6,8,6,6,6,13,4,7,3,3,3,6,4,2,1,0,2,0,0,1,1,1,2,1,1,2,2024-01-09 13:07:49,1
951,941,898,871,12,10,29,6,15,17,15,15,15,15,10,10,19,4,4,4,2,2,4,2,2,2,7,2,6,2,0,0,0,4,2,0,0,0,1,1,0,0,0,0,0,0,0,2024-01-09 13:09:49,1
982,949,1352,954,78,65,52,29,48,31,40,40,45,34,8,8,44,16,16,16,13,13,16,13,13,13,18,2,16,3,10,8,6,4,2,0,0,2,0,0,1,1,1,2,1,0,0,2024-01-09 13:11:49,5
1007,982,1023,960,114,95,63,44,29,30,28,28,30,27,14,14,49,25,25,25,19,19,25,19,19,19,16,1,11,10,2,0,0,4,2,0,0,0,0,0,0,0,0,0,0,0,1,2024-01-09 13:13:49,5
951,933,1091,711,54,45,38,20,24,20,20,20,30,21,9,9,29,11,11,11,9,9,11,9,9,9,15,1,6,3,4,8,6,4,2,0,0,2,1,0,1,1,1,2,1,1,1,2024-01-09 13:15:49,1
951,930,43,0,42,35,48,14,32,28,27,27,45,26,12,12,36,7,7,7,7,7,7,7,7,7,16,4,8,4,5,8,6,4,2,1,0,2,1,0,1,1,1,2,1,0,2,2024-01-09 13:17:49,0
970,955,32,0,42,35,31,16,23,10,22,22,15,18,12,12,19,9,9,9,7,7,9,7,7,7,4,2,7,2,2,0,0,4,2,2,0,0,0,0,0,0,0,0,0,1,0,2024-01-09 13:19:49,3
969,936,407,0,36,30,66,12,45,51,41,41,45,37,5,5,61,6,6,6,6,6,6,6,6,6,37,1,11,12,4,8,6,4,2,4,0,2,1,1,1,1,1,2,1,0,0,2024-01-09 13:21:49,1
967,943,53,0,42,35,55,16,28,31,26,26,30,24,15,15,40,10,10,10,7,7,9,7,7,7,21,1,7,7,2,0,0,4,2,2,1,0,0,0,0,0,0,0,0,0,1,2024-01-09 13:23:49,1
980,948,412,0,50,42,70,16,57,52,54,54,30,53,10,10,60,8,8,8,8,8,8,8,8,8,45,3,5,12,4,7,6,4,2,0,0,2,0,1,1,1,1,2,1,1,1,2024-01-09 13:25:49,1
980,957,911,847,110,91,70,41,33,23,27,27,45,25,28,28,42,23,23,22,19,19,22,19,19,19,6,5,11,2,6,3,6,4,2,0,0,2,1,0,1,1,1,2,1,0,2,2024-01-09 13:27:49,3
979,963,932,874,74,62,53,26,21,21,21,21,15,20,20,20,33,13,13,14,12,12,14,12,12,12,15,1,7,3,1,0,0,4,2,0,0,0,0,0,0,0,0,0,0,0,0,2024-01-09 13:29:49,1
980,952,1300,885,96,80,66,32,51,30,47,47,45,47,19,19,47,18,18,18,16,16,16,16,16,16,12,2,15,3,5,8,6,4,2,1,2,2,0,0,1,1,1,2,1,1,0,2024-01-09 13:31:49,7
987,951,902,847,48,40,54,16,41,34,31,31,30,31,12,12,42,10,10,10,8,8,8,8,8,8,26,1,9,6,12,0,0,4,2,0,2,0,4,0,0,0,0,0,0,0,1,2024-01-09 13:33:49,6
1018,979,1258,825,134,111,98,47,47,42,35,35,30,32,28,28,70,24,24,24,23,23,24,23,23,23,36,4,12,7,12,8,6,4,2,3,0,2,1,0,1,1,1,2,1,1,1,2024-01-09 13:35:49,2
1018,987,930,837,148,124,97,61,38,33,37,37,30,37,39,39,58,37,37,37,24,24,37,24,24,24,15,4,12,9,3,0,0,4,2,1,0,0,1,0,0,0,0,0,0,1,2,2024-01-09 13:37:49,11
974,954,905,861,60,50,52,23,28,21,23,23,30,23,21,21,31,13,13,13,10,10,13,10,10,10,10,8,7,3,5,9,6,4,2,0,0,2,1,0,1,1,1,2,1,0,0,2024-01-09 13:39:49,0
974,939,1236,847,24,20,54,10,27,27,23,23,45,21,20,20,34,6,6,6,4,4,6,4,4,4,16,7,6,8,4,4,6,4,2,3,0,2,0,1,1,1,1,2,1,1,0,2024-01-09 13:41:49,4
1006,981,948,888,92,76,68,38,44,21,38,38,30,38,31,31,37,20,20,22,16,16,22,16,16,16,12,9,9,2,6,0,0,4,2,0,0,0,1,0,0,0,0,0,0,0,1,2024-01-09 13:43:49,7
1006,977,1270,848,130,109,88,44,43,37,38,38,30,38,30,30,58,25,25,23,21,21,23,21,21,21,20,7,15,2,5,8,6,4,2,0,0,2,1,0,1,1,1,2,1,0,1,2024-01-09 13:45:49,5
975,940,886,819,96,80,71,32,44,30,31,31,30,30,25,25,46,16,16,16,16,16,16,16,16,16,7,5,10,9,13,0,0,4,2,0,0,0,0,0,0,0,0,0,0,0,2,2024-01-09 13:47:49,1
964,949,951,886,54,45,55,18,25,25,22,22,30,22,21,21,34,9,9,9,9,9,9,9,9,9,18,3,7,2,3,9,6,4,2,0,0,2,0,0,1,1,1,2,1,1,0,2024-01-09 13:49:49,2
963,927,1354,922,74,62,81,25,48,42,39,39,45,31,22,22,59,12,12,12,12,12,12,12,12,12,28,4,11,9,10,9,6,4,2,5,0,2,1,0,1,1,1,2,1,0,0,2024-01-09 13:51:49,2
1024,990,1032,957,100,83,78,33,54,38,45,45,30,44,21,21,57,17,17,17,17,17,17,17,17,17,21,5,16,4,10,0,0,4,2,2,0,0,0,0,0,0,0,0,0,1,1,2024-01-09 13:53:49,8
964,931,1143,739,42,35,59,14,38,34,34,34,30,33,17,17,42,8,8,8,7,7,7,7,7,7,18,1,16,6,4,8,6,4,2,1,1,2,0,0,1,1,1,2,1,0,1,2024-01-09 13:55:49,2
1021,979,93,0,150,125,85,54,46,30,32,32,30,29,29,29,56,29,29,29,25,25,29,25,25,25,16,2,14,5,15,0,0,4,2,1,0,0,1,0,0,0,0,0,0,0,2,2024-01-09 13:57:49,1
1014,991,85,0,102,85,81,42,48,39,49,49,30,47,25,25,56,25,25,25,17,17,25,17,17,17,17,1,10,7,0,8,6,4,2,0,0,2,0,0,1,1,1,2,1,0,0,2024-01-09 13:59:49,2
1033,1003,445,0,188,157,111,66,37,39,31,31,45,31,39,39,72,37,37,37,31,31,35,31,31,31,23,12,15,4,13,7,6,4,2,1,2,2,1,1,1,1,1,2,1,1,0,2024-01-09 14:01:49,10
998,964,72,0,126,105,79,44,41,31,36,36,30,31,24,24,55,25,25,25,21,21,23,21,21,21,15,5,14,7,6,0,0,4,2,3,2,0,0,0,0,0,0,0,0,0,1,2024-01-09 14:03:49,2
1057,1016,466,0,226,188,124,77,47,56,44,44,30,39,27,27,97,43,43,43,38,38,39,38,38,38,25,4,20,8,7,6,6,4,2,3,4,2,0,0,1,1,1,2,1,1,1,2024-01-09 14:05:49,19
1014,965,959,849,104,87,117,39,64,69,58,58,30,53,25,25,92,22,22,22,17,17,22,17,17,17,59,4,14,19,6,0,0,4,2,6,0,0,1,0,0,0,0,0,0,1,2,2024-01-09 14:07:49,5
1009,961,938,852,65,54,93,30,61,59,55,55,30,51,21,21,72,19,19,19,11,11,19,11,11,11,40,5,16,16,7,8,6,4,2,2,0,2,1,0,1,1,1,2,1,0,0,2024-01-09 14:09:49,3
989,966,1295,885,90,75,73,37,29,30,29,29,30,28,27,27,46,22,22,22,15,15,22,15,15,15,15,6,9,10,0,0,0,4,2,1,0,0,0,0,0,0,0,0,0,0,0,2024-01-09 14:11:49,2
978,952,902,834,67,56,74,28,34,34,32,32,45,30,29,29,45,17,17,17,11,11,17,11,11,11,16,7,11,6,4,7,6,4,2,0,0,2,0,0,1,1,1,2,1,1,1,2024-01-09 14:13:49,3
986,953,1233,839,68,56,53,22,41,25,28,28,30,28,16,16,37,10,10,11,12,12,11,12,12,12,7,1,14,4,12,8,6,4,2,0,0,2,0,0,1,1,1,2,1,0,1,2024-01-09 14:15:49,0
1007,957,904,820,82,69,89,31,58,50,48,48,30,48,25,25,64,22,22,21,13,13,17,13,13,13,26,5,15,11,10,0,0,4,2,1,4,0,1,0,0,0,0,0,0,1,2,2024-01-09 14:17:49,1
1013,979,935,861,78,65,84,34,45,33,37,37,30,33,31,31,53,24,24,24,13,13,21,13,13,13,22,10,8,5,11,4,6,4,2,4,3,2,3,0,1,1,1,2,1,0,0,2024-01-09 14:19:49,11
976,951,1241,834,102,85,71,38,31,27,23,23,30,21,26,26,45,22,22,22,17,17,21,17,17,17,13,6,14,3,8,0,0,4,2,1,1,0,1,1,0,0,0,0,0,0,0,2024-01-09 14:21:49,1
1053,1010,971,875,168,140,96,70,51,37,41,41,45,36,30,30,66,42,42,42,28,28,42,28,28,28,15,3,16,8,11,9,6,4,2,1,0,2,0,1,1,1,1,2,1,0,1,2024-01-09 14:23:49,7
1029,980,1309,872,114,95,105,42,58,50,48,48,30,46,35,35,70,23,23,23,19,19,23,19,19,19,27,12,25,10,10,7,6,4,2,1,0,2,0,0,1,1,1,2,1,1,1,2024-01-09 14:25:49,1
987,948,901,840,60,50,66,22,48,34,38,38,30,37,20,20,46,12,12,12,10,10,12,10,10,10,14,4,20,3,10,0,0,4,2,2,0,0,0,0,0,0,0,0,0,1,2,2024-01-09 14:27:49,1
1004,961,937,865,105,87,74,45,50,29,36,36,30,33,24,24,50,28,28,27,18,18,27,18,18,18,13,4,15,2,14,9,6,4,2,3,0,2,1,0,1,1,1,2,1,0,0,2024-01-09 14:29:49,7
1001,967,1417,979,97,80,103,35,104,50,100,100,30,97,34,34,70,21,21,22,17,17,20,17,17,17,24,11,19,5,5,0,0,4,2,3,2,0,0,0,0,0,0,0,0,0,0,2024-01-09 14:31:49,4
1014,974,1036,961,62,53,90,24,43,47,42,42,45,42,33,33,56,15,15,15,9,9,13,9,9,9,30,17,21,2,4,8,6,4,1,0,2,2,3,1,1,1,1,2,1,0,1,2024-01-09 14:33:49,11
1026,975,1146,716,120,100,95,52,67,47,49,49,30,46,27,27,68,32,32,32,20,20,32,20,20,20,21,9,17,5,19,8,6,4,2,1,0,2,3,1,1,1,1,2,1,1,1,2024-01-09 14:35:49,5
989,967,48,0,54,45,64,18,35,23,32,32,30,32,32,32,32,9,9,9,9,9,9,9,9,9,12,19,12,4,4,0,0,4,2,0,0,0,0,2,0,0,0,0,0,0,2,2024-01-09 14:37:49,3
1028,994,116,0,192,160,122,75,49,42,41,41,30,41,46,46,76,43,43,43,32,32,43,32,32,32,20,8,17,5,8,3,6,4,2,2,0,2,2,0,1,1,1,2,1,2,0,2024-01-09 14:39:49,10
1024,964,422,0,102,85,84,43,63,41,41,41,30,37,24,24,60,28,28,28,17,17,26,17,17,17,18,4,19,10,21,0,0,4,2,2,2,0,1,0,0,0,0,0,0,0,0,2024-01-09 14:41:49,2
1051,997,96,0,144,120,108,57,65,54,52,52,45,43,26,26,82,33,33,33,24,24,33,24,24,24,25,3,22,5,14,8,6,4,2,4,0,2,0,0,1,1,1,2,1,0,1,2024-01-09 14:43:49,22
995,956,408,0,74,61,65,28,42,27,28,28,30,25,26,26,40,15,15,15,13,13,15,13,13,13,8,4,14,5,15,8,6,4,2,0,0,2,0,0,1,1,1,2,1,0,1,2024-01-09 14:45:49,6
1019,975,931,838,108,90,98,42,58,41,45,45,30,43,39,39,59,24,24,24,18,18,24,17,17,17,15,6,19,3,14,0,0,4,2,0,0,0,2,0,0,0,0,0,0,1,2,2024-01-09 14:47:49,14
977,952,945,864,64,54,67,24,28,27,27,27,30,26,29,29,37,14,14,14,10,10,14,11,11,11,10,2,11,4,2,9,6,4,2,0,0,2,0,1,1,1,1,2,1,1,0,2024-01-09 14:49:49,8
980,949,1295,876,53,44,70,25,41,37,37,37,30,33,23,23,47,16,16,16,9,9,16,9,9,9,16,6,13,7,5,0,0,4,2,1,0,0,0,1,0,0,0,0,0,0,0,2024-01-09 14:51:49,10
1012,975,935,861,102,85,78,38,49,38,40,40,45,37,21,21,58,21,21,21,17,17,21,17,17,17,24,3,15,5,9,8,6,4,2,3,0,2,0,0,1,1,1,2,1,0,1,2024-01-09 14:53:49,3
1016,977,1260,819,145,121,107,52,52,47,45,45,15,43,33,33,73,28,28,28,24,24,28,24,24,24,26,5,19,5,7,0,0,4,2,2,0,0,0,0,0,0,0,0,0,0,1,2024-01-09 14:55:49,4
985,960,922,840,83,69,78,40,35,26,31,31,45,32,38,38,40,26,26,26,14,14,26,14,14,14,7,7,10,7,5,9,6,4,2,0,0,2,0,0,1,1,1,2,1,1,2,2024-01-09 14:57:49,2
1045,995,958,855,131,109,115,46,68,62,57,57,30,56,30,30,85,24,24,24,22,22,24,22,22,22,35,12,22,13,11,9,6,4,2,1,0,2,1,0,1,1,1,2,1,0,0,2024-01-09 14:59:49,4
1004,966,1252,833,80,67,92,36,73,36,67,67,30,65,39,39,53,26,26,26,13,13,23,13,13,13,24,16,12,7,6,0,0,4,2,3,3,0,2,0,0,0,0,0,0,1,0,2024-01-09 15:01:49,2
1049,998,967,878,144,120,100,52,58,40,39,39,45,37,33,33,66,29,29,29,24,24,27,24,24,24,15,9,20,7,19,8,6,4,3,2,2,2,1,3,1,1,1,2,1,0,1,2024-01-09 15:03:49,7
977,941,1279,867,60,50,76,23,48,33,42,42,15,37,32,32,44,18,18,18,10,10,14,10,10,10,14,8,10,5,7,0,0,4,4,1,4,0,3,0,0,0,0,0,0,0,1,2024-01-09 15:05:49,6
1006,955,901,841,54,45,68,18,59,40,39,39,45,35,18,18,50,9,9,9,9,9,9,9,9,9,18,8,24,3,21,7,6,4,4,1,0,2,0,2,1,1,1,2,1,0,2,2024-01-09 15:07:49,2
1002,959,954,882,78,65,73,29,49,38,39,39,30,40,22,22,51,16,16,16,13,13,16,13,13,13,14,3,17,7,10,3,6,4,4,0,0,2,1,1,1,1,1,2,1,2,0,2024-01-09 15:09:49,1
990,939,1375,950,70,58,82,28,63,52,53,53,30,45,15,15,66,15,15,16,12,12,16,12,12,12,28,3,16,9,13,0,0,4,5,2,0,0,1,0,0,0,0,0,0,0,0,2024-01-09 15:11:49,6
1017,989,1055,971,104,87,87,51,48,36,46,46,45,44,32,32,55,35,35,34,17,17,34,17,17,17,25,5,8,5,2,9,6,4,6,2,0,2,2,0,1,1,1,2,1,1,1,2024-01-09 15:13:49,4
1010,967,1121,707,94,78,81,39,49,36,37,37,15,33,27,27,54,23,23,23,16,16,23,16,16,16,16,9,15,5,12,0,0,4,4,2,0,0,3,0,0,0,0,0,0,0,1,2024-01-09 15:15:49,5
1049,1017,114,0,216,180,114,87,42,38,34,34,45,31,37,37,77,51,51,51,36,36,51,36,36,36,18,5,15,5,8,3,6,4,2,3,0,2,0,0,1,1,1,2,1,0,2,2024-01-09 15:17:49,0
1014,986,70,0,122,102,72,49,36,28,31,31,30,29,24,24,48,29,29,29,20,20,29,20,20,20,8,6,16,3,6,8,6,4,2,0,0,2,1,1,1,1,1,2,1,0,0,2024-01-09 15:19:49,2
1000,960,412,0,84,70,72,32,49,39,40,40,30,35,15,15,57,18,18,18,14,14,18,14,14,14,23,3,19,7,10,0,0,4,2,4,0,0,0,0,0,0,0,0,0,1,0,2024-01-09 15:21:49,2
1032,979,80,0,126,105,95,45,63,34,40,40,45,38,40,40,55,24,24,24,21,21,24,21,21,21,14,14,16,5,24,9,6,4,2,0,0,2,1,1,1,1,1,2,1,0,1,2024-01-09 15:23:49,2
1018,971,440,0,108,90,99,40,66,48,58,58,15,53,30,30,69,22,22,22,18,18,22,18,18,18,19,5,16,9,9,0,0,4,2,3,0,0,3,0,0,0,0,0,0,1,1,2024-01-09 15:25:49,8
1025,991,946,861,130,107,98,55,40,31,32,32,45,28,44,44,54,32,32,32,23,23,32,23,23,23,16,13,15,3,10,8,6,4,2,0,0,2,1,1,1,1,1,2,1,0,2,2024-01-09 15:27:49,18
1013,978,930,852,86,72,88,34,64,34,55,55,15,54,40,40,48,21,21,22,14,14,20,14,14,14,16,13,19,4,9,0,0,4,2,0,2,0,0,2,0,0,0,0,0,0,0,2024-01-09 15:29:49,16
1035,962,1340,881,120,101,117,48,87,67,61,61,45,58,30,30,87,32,32,31,19,19,29,19,19,19,33,6,23,12,26,8,6,4,2,1,2,2,2,1,1,1,1,2,1,0,0,2024-01-09 15:31:49,0
1027,976,919,841,114,95,78,39,55,43,43,43,45,44,16,16,62,22,22,22,19,19,20,19,19,19,22,3,22,4,15,8,6,4,2,0,2,2,1,0,1,1,1,2,1,1,1,2024-01-09 15:33:49,8
1016,979,1263,830,126,105,101,50,48,37,41,41,15,38,43,43,58,29,29,29,21,21,29,21,21,21,17,10,18,7,8,0,0,4,2,0,0,0,0,1,0,0,0,0,0,0,1,2024-01-09 15:35:49,3
1065,1007,941,838,168,140,116,66,74,46,46,46,45,45,40,40,76,38,38,38,28,28,38,28,28,28,20,12,16,7,28,8,6,4,2,2,0,2,1,0,1,1,1,2,1,1,2,2024-01-09 15:37:49,5
1000,953,934,853,66,55,87,26,59,47,50,50,15,48,29,29,58,15,15,15,11,11,15,11,11,11,21,7,21,7,10,0,0,4,2,0,0,0,2,0,0,0,0,0,0,0,0,2024-01-09 15:39:49,5
965,947,1257,841,68,57,79,27,33,46,33,33,45,32,20,20,59,15,15,16,11,11,16,11,11,11,38,5,5,12,1,3,6,4,2,2,0,2,0,3,1,1,1,2,1,1,0,2024-01-09 15:41:49,11
1064,1011,1008,903,124,103,120,52,67,54,55,55,45,55,44,44,76,32,32,31,21,21,31,21,21,21,21,20,23,8,12,8,6,4,2,1,0,2,1,1,1,1,1,2,1,1,1,2024-01-09 15:43:49,19
1009,977,1267,846,102,85,95,37,45,37,36,36,15,36,41,41,54,20,20,20,17,17,20,17,17,17,16,21,15,7,9,0,0,4,2,0,0,0,0,0,0,0,0,0,0,0,1,2024-01-09 15:45:49,6
995,966,904,829,82,68,82,32,39,33,35,35,45,35,33,33,49,16,16,18,14,14,18,14,14,14,18,9,14,6,4,7,6,4,2,1,0,2,1,2,1,1,1,2,1,1,2,2024-01-09 15:47:49,8
1011,968,965,879,80,67,95,26,59,37,52,52,15,50,44,44,51,15,15,13,13,13,13,13,13,13,23,20,15,11,8,0,0,4,2,1,0,0,2,1,0,0,0,0,0,0,0,2024-01-09 15:49:49,3
973,938,1392,956,50,42,84,16,52,52,49,49,45,47,24,24,60,8,8,8,8,8,8,8,8,8,24,6,12,11,10,8,6,4,2,0,0,2,1,0,1,1,1,2,1,0,0,2024-01-09 15:51:49,5
1036,988,1035,955,138,115,84,51,60,42,49,49,45,46,19,19,65,28,28,28,23,23,28,23,23,23,23,6,24,3,14,9,6,4,2,0,0,2,2,0,1,1,1,2,1,0,1,2024-01-09 15:53:49,13
1065,972,1150,717,90,75,98,31,102,45,41,41,15,41,37,37,61,16,16,16,15,15,16,15,15,15,22,9,20,5,61,0,0,4,2,1,0,0,0,2,0,0,0,0,0,1,1,2024-01-09 15:55:49,3
977,951,118,0,90,74,114,34,56,61,50,50,45,49,37,37,77,18,18,18,16,16,18,16,16,16,43,9,12,7,6,9,6,4,2,0,0,2,0,2,1,1,1,2,1,0,2,2024-01-09 15:57:49,4
1073,1009,105,0,204,171,116,73,82,45,62,62,15,56,33,33,83,40,40,40,33,33,40,33,33,33,17,9,26,6,21,0,0,4,2,5,0,0,1,1,0,0,0,0,0,1,0,2024-01-09 15:59:49,4
1074,1000,486,0,183,152,148,66,93,87,73,73,45,66,26,26,122,37,37,37,31,31,35,31,31,31,64,15,26,19,20,8,6,4,2,4,2,2,0,0,1,1,1,2,1,0,0,2024-01-09 16:01:49,5
1104,1023,128,0,209,175,140,79,97,64,64,64,45,61,42,42,99,45,45,46,34,34,44,34,34,34,13,8,27,11,33,7,6,4,2,1,2,2,0,2,1,1,1,2,1,0,1,2024-01-09 16:03:49,14
1033,967,431,0,175,145,97,63,69,31,40,40,15,37,32,32,64,39,39,38,30,30,34,30,30,30,9,6,21,2,29,0,0,4,2,3,4,0,0,1,0,0,0,0,0,1,1,2024-01-09 16:05:49,6
1037,978,902,845,75,63,68,26,62,30,33,33,45,32,25,25,42,14,14,14,12,12,14,12,12,12,7,11,22,2,29,8,6,4,2,0,0,2,0,0,1,1,1,2,1,0,2,2024-01-09 16:07:49,3
1025,977,926,852,86,72,86,31,53,39,39,39,15,34,33,33,53,19,19,19,14,14,17,14,14,14,17,14,18,4,16,0,0,4,4,0,2,0,4,2,0,0,0,0,0,0,0,2024-01-09 16:09:49,6
1019,977,1324,889,168,140,94,58,56,49,52,52,45,45,17,17,79,30,30,30,28,28,30,28,28,28,24,5,18,8,7,9,6,4,4,2,0,2,0,0,1,1,1,2,1,1,0,2024-01-09 16:11:49,10
993,954,892,820,72,60,69,27,45,29,37,37,30,32,26,26,41,15,15,15,12,12,15,12,12,12,10,8,18,4,9,0,0,4,4,0,0,0,0,1,0,0,0,0,0,1,1,2024-01-09 16:13:49,4
1045,1004,1291,855,168,140,102,66,50,37,36,36,30,35,37,37,65,38,38,38,28,28,38,28,28,28,16,9,17,3,14,9,6,4,4,0,0,2,0,0,1,1,1,2,1,0,1,2024-01-09 16:15:49,5
1027,985,913,834,102,85,87,41,51,35,35,35,45,34,35,35,52,24,24,24,17,17,24,17,17,17,11,12,16,6,16,9,6,4,4,0,0,2,0,0,1,1,1,2,1,1,2,2024-01-09 16:17:49,2
1013,977,925,844,114,95,92,39,49,39,37,37,15,34,32,32,60,19,19,20,19,19,20,19,19,19,18,9,12,7,13,0,0,4,4,2,0,0,0,0,0,0,0,0,0,0,0,2024-01-09 16:19:49,8
1023,983,1275,830,146,122,115,53,56,53,49,49,45,45,36,36,79,28,28,28,24,24,28,24,24,24,40,13,12,12,8,8,6,4,4,2,0,2,0,3,1,1,1,2,1,1,0,2024-01-09 16:21:49,12
1037,989,989,857,160,133,143,57,92,61,81,81,30,79,53,53,90,32,32,31,27,27,31,27,27,27,45,10,16,11,11,0,0,4,4,2,0,0,0,2,0,0,0,0,0,0,1,2024-01-09 16:23:49,12
1038,1001,1318,876,168,140,102,77,44,33,35,35,30,32,41,41,61,49,49,49,28,28,49,28,28,28,17,5,16,8,10,8,6,4,4,0,0,2,2,0,1,1,1,2,1,0,1,2024-01-09 16:25:49,6
1029,990,934,853,130,108,94,49,63,41,53,53,45,50,29,29,65,27,27,27,22,22,27,22,22,22,13,11,23,3,10,8,6,4,3,2,0,2,2,0,1,1,1,2,1,0,2,2024-01-09 16:27:49,5
1056,996,962,873,110,92,96,55,77,45,55,55,15,51,32,32,64,37,37,37,18,18,37,18,18,18,21,9,20,1,24,0,0,4,4,1,0,0,1,0,0,0,0,0,0,1,0,2024-01-09 16:29:49,6
1100,1013,1430,964,236,196,131,86,100,63,67,67,45,61,24,24,107,48,48,48,40,40,46,40,40,40,27,7,36,6,35,8,6,4,4,4,2,2,1,0,1,1,1,2,1,1,0,2024-01-09 16:31:49,12
1001,957,1033,951,84,70,83,29,55,45,47,47,30,45,24,24,59,17,17,17,14,14,15,14,14,14,16,8,20,7,10,0,0,4,4,0,2,0,0,1,0,0,0,0,0,0,1,2024-01-09 16:33:49,7
1015,965,1165,739,118,98,89,40,55,38,40,40,30,38,30,30,59,21,21,21,20,20,20,20,20,20,14,5,22,4,14,8,6,4,4,1,1,2,2,0,1,1,1,2,1,0,1,2024-01-09 16:35:49,0
998,957,83,0,74,62,96,25,55,50,44,44,45,40,31,31,65,13,13,13,12,12,13,12,12,12,31,10,16,6,13,9,6,4,4,3,0,2,1,2,1,1,1,2,1,0,2,2024-01-09 16:37:49,3
1028,972,89,0,86,72,104,29,65,41,43,43,15,39,47,47,57,15,15,15,14,14,15,14,14,14,21,15,19,6,22,0,0,4,4,2,0,0,0,1,0,0,0,0,0,1,0,2024-01-09 16:39:49,2
1028,983,458,0,132,110,127,60,56,58,50,50,45,44,43,43,84,38,38,38,22,22,38,22,22,22,39,10,19,12,7,8,6,4,4,3,0,2,2,1,1,1,1,2,1,0,0,2024-01-09 16:41:49,5
1058,1012,106,0,120,100,120,55,86,46,71,71,30,73,54,54,66,35,35,35,20,20,35,20,20,20,21,16,18,8,15,0,0,4,4,0,0,0,0,1,0,0,0,0,0,2,1,2024-01-09 16:43:49,0
991,952,413,0,92,77,76,32,56,37,45,45,30,42,24,24,52,17,17,17,15,15,17,15,15,15,22,5,15,7,12,7,6,4,4,0,0,2,1,0,1,1,1,2,1,0,1,2024-01-09 16:45:49,1
996,966,904,845,60,49,71,19,38,30,25,25,30,24,30,30,42,9,9,9,11,11,9,11,11,11,15,13,14,2,12,0,0,4,4,1,0,0,0,0,0,0,0,0,0,0,2,2024-01-09 16:47:49,0
997,964,929,844,96,81,81,34,43,36,38,38,30,35,28,28,52,18,18,18,15,15,18,15,15,15,15,4,21,3,8,9,6,4,4,1,0,2,0,2,1,1,1,2,1,0,0,2024-01-09 16:49:49,10
994,947,1310,879,78,65,83,28,56,46,47,47,45,47,23,23,60,15,15,15,13,13,15,13,13,13,16,9,16,9,10,9,6,4,4,1,0,2,2,0,1,1,1,2,1,1,0,2024-01-09 16:51:49,11
1031,987,913,826,102,85,95,40,50,41,40,40,30,39,35,35,60,23,23,23,17,17,23,17,17,17,21,10,21,8,12,0,0,4,4,1,0,0,0,0,0,0,0,0,0,0,1,2024-01-09 16:53:49,7
997,962,1243,833,102,85,72,37,37,27,25,25,30,25,27,27,45,23,23,23,17,17,20,17,17,17,11,7,19,2,12,7,6,4,4,1,3,2,0,0,1,1,1,2,1,1,1,2024-01-09 16:55:49,1
1076,1031,959,837,216,180,126,85,52,40,40,40,30,39,48,48,78,49,49,49,36,36,49,36,36,36,19,14,17,4,14,0,0,4,3,1,0,0,2,0,0,0,0,0,0,0,2,2024-01-09 16:57:49,10
1048,1011,954,855,221,184,113,82,39,27,32,32,30,23,43,43,70,45,45,45,37,37,45,37,37,37,13,10,18,2,10,9,6,4,4,4,0,2,2,2,1,1,1,2,1,0,0,2024-01-09 16:59:49,13
1203,1018,1650,837,201,168,538,71,286,409,274,274,45,226,48,48,490,41,41,41,33,33,38,33,33,33,426,25,22,120,23,8,6,4,4,48,3,2,0,0,1,1,1,2,1,1,0,2024-01-09 17:01:49,21
1097,1029,998,845,180,150,191,70,85,89,78,78,30,61,56,56,135,42,42,42,30,30,40,30,30,30,84,25,20,20,8,0,0,4,4,15,2,0,2,1,0,0,0,0,0,0,1,2024-01-09 17:03:49,4
1102,991,1380,870,166,139,233,56,151,161,113,113,30,105,41,41,192,33,33,33,27,27,29,27,27,27,23,16,48,7,45,9,6,4,4,4,4,2,1,2,1,1,1,2,1,0,1,2024-01-09 17:05:49,107
1039,988,947,853,132,110,105,46,61,57,50,50,30,46,24,24,81,23,23,24,22,22,24,22,22,22,33,10,25,6,14,0,0,4,4,2,0,0,0,0,0,0,0,0,0,1,2,2024-01-09 17:07:49,3
1051,988,960,852,164,137,128,54,69,51,53,53,30,51,48,48,80,37,37,36,27,27,30,27,24,24,20,17,28,5,16,8,6,4,4,1,6,2,2,2,1,1,1,2,1,0,0,2024-01-09 17:09:49,9
1020,960,1401,962,96,80,92,32,80,56,58,58,45,58,20,20,72,16,16,16,16,16,16,16,16,16,34,7,24,6,22,9,6,4,4,0,0,2,0,0,1,1,1,2,1,0,0,2024-01-09 17:11:49,1
1031,987,1067,977,114,95,99,45,52,47,40,40,30,40,32,32,67,26,26,26,19,19,26,19,19,19,21,9,22,11,11,0,0,4,4,1,0,0,1,2,0,0,0,0,0,1,1,2024-01-09 17:13:49,2
1000,965,1190,767,120,100,90,41,290,39,284,284,30,285,30,30,60,21,21,21,20,20,21,20,20,20,25,9,13,8,6,9,6,4,4,0,0,2,1,1,1,1,1,2,1,1,1,2024-01-09 17:15:49,2
1023,980,88,0,132,110,94,46,56,43,44,44,30,43,29,29,65,24,24,24,22,22,24,22,22,22,19,10,24,4,13,0,0,4,4,0,0,0,0,0,0,0,0,0,0,1,2,2024-01-09 17:17:49,4
1032,989,83,0,136,113,91,51,49,38,42,42,30,41,30,30,61,28,28,28,23,23,28,23,23,23,13,6,20,2,8,5,6,4,4,0,0,2,2,2,1,1,1,2,1,0,0,2024-01-09 17:19:49,6
1070,1009,458,0,224,187,125,87,71,57,59,59,30,57,30,30,95,57,57,57,37,37,50,37,37,37,27,8,24,6,12,0,0,4,4,1,7,0,1,0,0,0,0,0,0,0,0,2024-01-09 17:21:49,1
1083,990,108,0,144,120,117,49,86,63,61,61,45,60,30,30,87,37,37,37,24,24,25,24,24,24,35,10,26,14,28,9,6,4,4,0,12,2,0,3,1,1,1,2,1,1,1,2024-01-09 17:23:49,14
1019,973,403,0,78,65,73,30,51,29,41,41,30,41,31,31,43,29,29,29,13,13,17,13,13,13,18,13,13,2,10,7,6,4,4,0,12,2,0,2,1,1,1,2,1,0,1,2024-01-09 17:25:49,3
1035,954,945,861,108,90,89,36,75,51,50,50,30,48,18,18,70,32,32,32,18,18,18,18,18,18,26,4,31,4,26,0,0,4,4,1,14,0,1,0,0,0,0,0,0,0,2,2024-01-09 17:27:49,3
1031,973,971,859,96,80,153,34,89,112,78,78,30,75,24,24,129,24,24,24,16,16,18,16,16,16,9,3,19,7,12,9,6,4,4,1,6,2,1,0,1,1,1,2,1,1,0,2024-01-09 17:29:49,83
1049,985,1330,882,143,119,129,50,87,64,71,71,30,66,38,38,91,28,28,28,24,24,26,24,24,24,31,26,28,6,19,0,0,4,4,2,2,0,3,0,0,0,0,0,0,0,0,2024-01-09 17:31:49,10
1069,1010,946,850,145,121,106,56,61,47,45,45,45,40,34,34,72,34,34,34,24,24,32,24,24,24,12,11,32,4,20,8,6,4,4,1,2,2,0,0,1,1,1,2,1,0,1,2024-01-09 17:33:49,8
1042,985,1269,839,96,80,107,40,64,38,47,47,30,47,53,53,54,24,24,24,16,16,24,16,16,16,8,21,20,9,17,4,6,4,4,0,0,2,2,0,1,1,1,2,1,1,1,2024-01-09 17:35:49,0
1033,989,942,841,176,146,106,68,62,44,52,52,30,50,32,32,74,38,38,38,30,30,38,30,30,30,25,6,18,4,10,0,0,4,4,0,0,0,3,1,0,0,0,0,0,0,2,2024-01-09 17:37:49,7
1077,1022,984,843,214,179,151,83,65,75,57,57,30,56,38,38,113,49,49,49,35,35,48,35,35,35,60,8,19,19,10,9,6,4,4,3,1,2,1,1,1,1,1,2,1,1,0,2024-01-09 17:39:49,4
1004,977,1242,826,126,105,83,50,39,35,37,37,30,33,27,27,56,29,29,29,21,21,29,21,21,21,23,11,9,5,3,0,0,4,4,0,0,0,1,0,0,0,0,0,0,0,0,2024-01-09 17:41:49,2
1048,992,969,869,132,110,110,49,75,59,60,60,45,57,27,27,83,27,27,27,22,22,27,22,22,22,38,8,20,10,15,8,6,4,4,2,0,2,0,1,1,1,1,2,1,0,1,2024-01-09 17:43:49,3
1051,1011,1341,893,172,143,116,70,53,46,44,44,30,40,39,39,77,41,41,41,29,29,41,29,29,29,21,10,22,8,9,8,6,4,4,2,0,2,0,0,1,1,1,2,1,0,1,2024-01-09 17:45:49,2
1022,980,933,824,158,132,109,70,52,42,44,44,30,45,41,41,68,44,44,44,26,26,44,26,26,26,18,6,20,6,9,0,0,4,4,0,0,0,2,0,0,0,0,0,0,2,2,2024-01-09 17:47:49,0
1045,997,973,870,118,98,103,52,69,38,54,54,30,53,45,45,58,33,33,33,20,20,32,20,20,20,19,11,19,5,15,8,6,4,4,0,1,2,0,2,1,1,1,2,1,0,0,2024-01-09 17:49:49,0
1040,987,1442,958,180,150,137,66,72,78,63,63,30,62,27,27,110,36,36,36,30,30,36,30,30,30,64,8,14,16,10,0,0,4,4,2,0,0,1,0,0,0,0,0,0,1,0,2024-01-09 17:51:49,7
1036,986,1068,962,134,112,114,45,100,49,93,93,45,87,40,40,74,28,28,29,22,22,25,22,19,19,27,7,21,8,7,7,6,4,4,3,4,2,0,1,1,1,1,2,1,0,1,2024-01-09 17:53:49,7
1008,986,1130,705,170,141,86,55,29,26,23,23,15,23,32,32,55,29,29,28,29,29,28,28,28,28,18,8,9,3,6,0,0,4,4,0,0,0,0,1,0,0,0,0,0,0,1,2024-01-09 17:55:49,1
1032,979,89,0,148,124,88,53,56,31,39,39,45,35,31,31,56,29,29,29,24,24,28,25,25,25,8,10,20,5,18,8,6,4,4,1,1,2,0,0,1,1,1,2,1,1,2,2024-01-09 17:57:49,6
1076,1016,163,0,138,115,187,58,103,112,101,101,30,101,52,52,135,35,35,35,23,23,35,23,23,23,27,27,12,21,3,9,6,4,4,0,0,2,0,3,1,1,1,2,1,0,0,2024-01-09 17:59:49,11
1074,988,548,0,166,138,216,63,167,141,160,160,30,155,41,41,175,37,37,37,28,28,35,28,28,28,19,9,15,40,9,0,0,4,4,6,2,0,0,0,0,0,0,0,0,1,0,2024-01-09 18:01:49,14
1129,1037,230,0,176,147,255,74,181,174,170,170,45,164,49,49,206,47,47,47,29,29,45,29,29,29,20,23,19,32,13,9,6,4,4,3,2,2,1,1,1,1,1,2,1,0,1,2024-01-09 18:03:49,6
1001,974,441,0,169,143,113,54,30,32,27,27,15,27,56,56,58,31,31,31,26,26,27,26,26,26,13,18,12,4,3,0,0,4,4,0,4,0,0,1,0,0,0,0,0,0,1,2024-01-09 18:05:49,0
1122,1066,1010,858,335,276,156,118,80,65,69,69,45,64,27,27,128,62,62,62,59,59,60,59,59,59,43,8,12,17,11,9,6,4,4,4,2,2,0,0,1,1,1,2,1,0,2,2024-01-09 18:07:49,2
1011,965,931,857,78,66,79,29,52,41,41,41,30,42,26,26,53,19,19,19,12,12,17,12,12,12,17,8,24,1,11,9,6,4,4,0,2,2,1,0,1,1,1,2,1,1,0,2024-01-09 18:09:49,1
982,957,1269,872,90,75,60,36,35,30,27,27,30,26,14,14,46,22,22,22,15,15,21,15,15,15,19,5,9,5,9,0,0,4,4,1,1,0,0,0,0,0,0,0,0,0,0,2024-01-09 18:11:49,3
1015,984,909,844,126,105,73,46,32,24,22,22,45,21,27,27,46,28,28,28,21,21,25,21,21,21,13,9,14,1,10,9,6,4,4,1,3,2,0,0,1,1,1,2,1,1,1,2024-01-09 18:13:49,1
1143,1115,1295,844,378,307,115,185,39,26,29,29,15,27,18,18,97,114,114,114,71,71,114,71,71,71,9,6,12,2,11,0,0,4,4,0,0,0,0,0,0,0,0,0,0,0,1,2024-01-09 18:15:49,12
1029,977,899,832,166,146,75,56,74,40,52,52,45,52,15,15,60,37,37,37,20,20,36,20,20,20,12,4,20,2,23,9,6,4,4,0,1,2,0,0,1,1,1,2,1,0,2,2024-01-09 18:17:49,17
1000,967,908,850,68,57,64,24,38,30,36,36,30,31,21,21,43,14,14,14,11,11,13,11,11,11,16,5,14,4,4,9,6,4,4,2,1,2,0,0,1,1,1,2,1,2,0,2024-01-09 18:19:49,10
998,966,1244,832,108,90,75,41,38,34,30,30,30,28,21,21,54,25,25,25,18,18,23,18,18,18,15,4,14,7,10,0,0,4,3,2,2,0,0,0,0,0,0,0,0,0,0,2024-01-09 18:21:49,3
1002,967,941,880,100,83,72,35,34,24,27,27,45,24,31,31,41,19,19,19,17,17,18,17,17,17,10,11,14,1,10,9,6,4,4,0,1,2,1,0,1,1,1,2,1,0,1,2024-01-09 18:23:49,7
992,964,1279,868,104,87,72,37,33,30,27,27,15,28,25,25,47,20,20,20,17,17,20,17,17,17,13,8,12,8,6,0,0,4,4,0,0,0,0,0,0,0,0,0,0,1,1,2024-01-09 18:25:49,2
1041,997,925,842,142,118,96,53,46,35,37,37,45,33,36,36,60,31,31,31,24,24,29,24,24,24,15,14,17,6,10,8,6,4,4,1,2,2,0,0,1,1,1,2,1,0,2,2024-01-09 18:27:49,4
1012,977,960,884,109,91,85,37,35,35,32,32,30,30,31,31,54,29,29,29,18,18,22,18,15,15,14,9,15,6,4,9,6,4,4,1,7,2,0,1,1,1,1,2,1,0,0,2024-01-09 18:29:49,8
980,948,1381,975,81,67,65,27,32,27,29,29,30,23,19,19,46,15,15,15,14,14,13,14,14,14,22,2,11,8,4,0,0,4,4,5,2,0,0,2,0,0,0,0,0,1,0,2024-01-09 18:31:49,5
1026,985,1028,947,136,113,89,53,47,34,34,34,45,33,32,32,58,33,33,33,23,23,31,22,22,22,12,9,18,3,13,9,6,4,4,1,2,2,0,0,1,1,1,2,1,0,1,2024-01-09 18:33:49,5
984,956,1096,697,82,69,64,31,30,22,24,24,15,18,27,27,36,18,18,18,13,13,17,14,14,14,8,6,13,2,7,0,0,4,4,1,1,0,1,0,0,0,0,0,0,0,1,2024-01-09 18:35:49,1
996,964,54,0,73,61,68,23,33,30,27,27,45,26,25,25,43,13,13,13,12,12,12,12,11,11,13,14,15,5,6,9,6,4,4,1,1,2,0,0,1,1,1,2,1,1,2,2024-01-09 18:37:49,2
1011,983,66,0,121,101,78,42,36,30,31,31,15,29,27,27,51,22,22,22,20,20,22,20,20,20,13,12,16,1,5,0,0,4,4,1,0,0,0,0,0,0,0,0,0,0,0,2024-01-09 18:39:49,0
981,952,406,0,84,70,69,33,72,35,63,63,45,62,19,19,50,19,19,19,14,14,19,14,14,14,14,7,14,4,9,9,6,4,4,1,0,2,1,1,1,1,1,2,1,0,0,2024-01-09 18:41:49,1
1289,1261,201,0,916,763,205,318,40,35,35,35,45,36,17,17,188,165,165,165,153,153,165,153,153,153,20,5,14,6,5,8,6,4,3,0,0,2,0,1,1,1,1,2,1,1,1,2024-01-09 18:43:49,16
1010,963,409,0,84,71,77,29,59,42,47,47,15,41,20,20,57,16,16,16,13,13,16,13,13,13,23,7,19,6,15,0,0,4,4,1,0,0,0,0,0,0,0,0,0,0,1,2024-01-09 18:45:49,13
970,940,898,844,48,40,57,16,39,33,35,35,45,32,15,15,42,9,9,9,8,8,8,8,8,8,18,2,17,2,5,8,6,4,4,1,1,2,0,0,1,1,1,2,1,0,2,2024-01-09 18:47:49,1
949,930,915,865,24,20,41,8,27,23,23,23,15,23,13,13,28,4,4,4,4,4,4,4,4,4,18,3,5,7,4,0,0,4,4,1,0,0,1,0,0,0,0,0,0,1,0,2024-01-09 18:49:49,2
978,944,1292,873,60,50,65,20,39,36,35,35,45,33,17,17,48,10,10,10,10,10,10,10,10,10,16,2,15,8,4,9,6,4,4,2,0,2,2,1,1,1,1,2,1,1,0,2024-01-09 18:51:49,0
982,946,884,845,42,35,44,14,44,28,33,33,45,29,8,8,36,7,7,7,7,7,7,7,7,7,12,4,13,5,12,8,6,4,4,1,0,2,2,0,1,1,1,2,1,0,1,2024-01-09 18:53:49,1
976,953,1217,827,60,50,48,20,29,25,24,24,15,24,12,12,36,10,10,10,10,10,10,10,10,10,13,2,7,7,5,0,0,4,4,1,0,0,0,0,0,0,0,0,0,1,1,2024-01-09 18:55:49,0
966,945,897,841,48,40,51,16,31,21,25,25,45,24,22,22,29,8,8,8,8,8,8,8,8,8,14,5,8,4,6,7,6,4,4,0,0,2,0,1,1,1,1,2,1,0,2,2024-01-09 18:57:49,5
950,934,889,853,34,28,42,12,20,18,18,18,15,19,18,18,24,7,7,7,6,6,6,6,6,6,6,7,8,3,2,0,0,4,4,0,1,0,0,0,0,0,0,0,0,1,0,2024-01-09 18:59:49,0
1019,980,1262,821,140,117,112,48,41,32,32,32,45,30,57,57,55,27,27,27,23,23,25,23,23,23,15,17,14,7,10,8,6,4,4,0,2,2,0,0,1,1,1,2,1,0,0,2024-01-09 19:01:49,3
979,960,887,852,17,14,47,6,22,23,21,21,45,21,20,20,27,5,5,5,3,3,3,3,3,3,11,11,8,2,2,8,6,4,4,0,2,2,1,1,1,1,1,2,1,0,1,2024-01-09 19:03:49,10
973,951,1272,887,73,61,51,26,24,12,18,18,15,13,24,24,27,18,18,17,12,12,13,12,12,12,4,9,7,2,6,0,0,4,2,3,4,0,0,0,0,0,0,0,0,1,1,2024-01-09 19:05:49,5
968,953,869,822,48,40,65,17,37,23,38,38,45,38,34,34,31,10,10,11,8,8,10,8,8,8,6,18,6,5,0,9,6,4,2,0,1,2,1,2,1,1,1,2,1,0,2,2024-01-09 19:07:49,0
994,971,901,858,60,50,59,24,31,23,26,26,15,22,23,23,36,14,14,14,10,10,14,10,10,10,11,13,7,3,6,0,0,4,2,2,0,0,3,0,0,0,0,0,0,0,0,2024-01-09 19:09:49,2
959,933,1356,972,36,30,49,12,29,26,23,23,45,24,17,17,32,6,6,6,6,6,6,6,6,6,14,9,11,4,7,8,6,4,2,0,0,2,0,0,1,1,1,2,1,1,0,2024-01-09 19:11:49,3
1020,990,1030,959,78,65,82,37,37,26,29,29,30,27,39,39,43,24,24,24,13,13,24,13,13,13,14,13,9,3,9,0,0,4,2,1,0,0,2,0,0,0,0,0,0,0,1,2024-01-09 19:13:49,11
969,949,1166,763,86,72,67,36,32,26,28,28,30,26,25,25,42,22,22,22,14,14,22,14,14,14,12,9,8,2,5,8,6,4,2,1,0,2,1,0,1,1,1,2,1,0,1,2024-01-09 19:15:49,6
1008,973,60,0,94,78,67,30,36,22,24,24,45,24,27,27,40,23,23,23,16,16,17,16,13,13,10,6,10,3,13,8,6,4,2,1,6,2,0,0,1,1,1,2,1,1,2,2024-01-09 19:17:49,13
952,943,31,0,30,25,37,11,16,15,16,16,15,15,16,16,21,7,7,7,5,5,6,5,5,5,4,6,4,3,0,0,0,4,2,1,1,0,0,1,0,0,0,0,0,0,0,2024-01-09 19:19:49,2
950,936,379,0,36,30,45,12,19,19,16,16,45,15,19,19,26,6,6,6,6,6,6,6,6,6,14,8,4,5,3,9,6,4,2,1,0,2,0,0,1,1,1,2,1,0,0,2024-01-09 19:21:49,0
998,967,52,0,60,50,57,21,33,22,20,20,30,22,25,25,32,11,11,11,10,10,11,10,10,10,11,7,12,4,13,0,0,4,2,0,0,0,0,0,0,0,0,0,0,2,1,2024-01-09 19:23:49,1
948,925,379,0,26,21,41,9,44,20,38,38,30,38,16,16,25,4,4,4,5,5,4,5,5,5,9,5,5,8,6,7,6,4,2,0,0,2,1,1,1,1,1,2,1,0,1,2024-01-09 19:25:49,0
989,954,919,857,82,69,68,29,43,30,31,31,45,29,24,24,44,16,16,16,13,13,16,13,13,13,12,8,10,6,13,8,6,4,2,1,0,2,0,0,1,1,1,2,1,0,2,2024-01-09 19:27:49,2
995,979,932,875,78,65,61,26,27,23,22,22,15,23,25,25,36,14,14,14,13,13,13,13,13,13,12,11,6,4,4,0,0,4,2,0,1,0,0,0,0,0,0,0,0,1,0,2024-01-09 19:29:49,1
963,947,1253,870,30,25,49,10,18,20,16,16,45,16,24,24,25,7,7,7,5,5,5,5,5,5,10,13,10,4,2,8,6,4,2,0,2,2,0,0,1,1,1,2,1,0,0,2024-01-09 19:31:49,0
958,936,886,848,24,20,46,11,27,18,23,23,30,20,24,24,22,9,9,9,4,4,7,4,4,4,4,11,10,1,5,0,0,4,2,0,2,0,0,0,0,0,0,0,0,0,1,2024-01-09 19:33:49,1
961,945,1217,837,36,30,41,12,19,14,14,14,30,14,20,20,21,6,6,6,6,6,6,6,6,6,8,5,8,2,4,9,6,4,2,1,0,2,0,0,1,1,1,2,1,1,1,2024-01-09 19:35:49,1
955,933,892,841,36,30,54,14,35,34,32,32,45,31,14,14,40,8,8,8,6,6,8,6,6,6,22,3,10,6,3,9,6,4,2,0,0,2,1,0,1,1,1,2,1,0,2,2024-01-09 19:37:49,1
997,965,902,849,72,60,58,24,43,32,35,35,15,34,13,13,45,13,13,13,12,12,12,12,12,12,9,4,14,6,9,0,0,4,2,1,1,0,0,0,0,0,0,0,0,0,0,2024-01-09 19:39:49,4
952,929,1210,819,54,45,52,21,32,26,28,28,45,29,17,17,35,12,12,12,9,9,12,9,9,9,10,5,9,7,4,8,6,4,2,0,0,2,0,0,1,1,1,2,1,1,0,2024-01-09 19:41:49,1
983,962,948,897,47,39,53,20,28,24,28,28,30,28,21,21,32,12,12,12,8,8,12,8,8,8,13,3,5,10,1,0,0,4,2,0,0,0,1,0,0,0,0,0,0,0,1,2024-01-09 19:43:49,10
989,960,1269,863,97,81,60,34,40,28,36,36,30,34,16,16,44,18,18,18,16,16,18,16,16,16,11,0,13,7,6,8,6,4,2,0,0,2,0,0,1,1,1,2,1,0,1,2024-01-09 19:45:49,6
964,944,895,833,66,55,59,27,31,27,29,29,30,30,21,21,38,16,16,16,11,11,16,11,11,11,15,0,11,4,2,0,0,4,2,0,0,0,1,0,0,0,0,0,0,1,2,2024-01-09 19:47:49,3
958,945,936,894,12,10,34,4,18,18,18,18,30,17,14,14,20,3,3,3,2,2,2,2,2,2,4,3,6,2,0,8,6,4,2,0,1,2,2,0,1,1,1,2,1,0,0,2024-01-09 19:49:49,0
935,915,1366,968,36,30,47,12,29,23,24,24,45,22,16,16,31,6,6,6,6,6,6,6,6,6,12,4,8,4,5,9,6,4,2,2,0,2,0,1,1,1,1,2,1,0,0,2024-01-09 19:51:49,0
961,943,993,954,30,25,38,10,27,26,25,25,30,25,7,7,31,5,5,5,5,5,5,5,5,5,7,1,12,2,3,0,0,4,2,0,0,0,0,0,0,0,0,0,0,2,1,2024-01-09 19:53:49,3
939,925,1058,677,6,5,42,2,22,22,22,22,30,22,19,19,23,1,1,1,1,1,1,1,1,1,18,5,6,2,0,8,6,4,2,0,0,2,0,2,1,1,1,2,1,0,1,2024-01-09 19:55:49,2
958,941,49,0,6,5,47,2,26,25,24,24,30,24,21,21,26,1,1,1,1,1,1,1,1,1,8,8,7,8,2,0,0,4,2,0,0,0,0,0,0,0,0,0,0,0,2,2024-01-09 19:57:49,0
985,958,49,0,48,40,55,19,26,27,23,23,30,23,20,20,35,16,16,16,8,8,11,8,8,8,16,9,11,4,2,8,6,4,2,0,5,2,0,0,1,1,1,2,1,1,0,2024-01-09 19:59:49,2
959,928,405,0,18,15,66,7,39,42,38,38,45,32,17,17,49,8,8,8,3,3,4,3,3,3,34,14,7,8,3,9,6,4,2,4,4,2,0,0,1,1,1,2,1,0,0,2024-01-09 20:01:49,3
982,963,31,0,24,20,46,8,22,15,19,19,30,19,26,26,20,8,8,8,4,4,4,4,4,4,6,16,8,2,3,0,0,4,2,1,4,0,0,0,0,0,0,0,0,1,1,2024-01-09 20:03:49,0
958,937,382,0,6,5,48,2,23,25,22,22,30,22,22,22,26,9,9,9,1,1,1,1,1,1,15,8,7,4,1,7,6,4,2,0,8,2,0,2,1,1,1,2,1,0,1,2024-01-09 20:05:49,2
954,929,889,849,28,23,50,9,32,25,29,29,30,26,18,18,32,7,7,7,5,5,4,5,5,5,14,8,6,8,3,0,0,4,2,2,3,0,0,0,0,0,0,0,0,0,2,2024-01-09 20:07:49,1
941,932,878,854,9,7,26,6,14,14,14,14,30,14,10,10,16,3,3,4,2,2,4,2,2,2,7,2,3,3,0,7,6,4,2,0,0,2,2,1,1,1,1,2,1,0,0,2024-01-09 20:09:49,1
962,941,1275,890,23,20,55,8,28,29,26,26,45,26,23,23,32,6,6,5,3,3,5,3,3,3,19,15,7,7,3,8,6,4,2,0,0,2,1,3,1,1,1,2,1,1,0,2024-01-09 20:11:49,1
979,953,891,844,30,25,51,10,35,32,32,32,30,31,13,13,38,5,5,5,5,5,5,5,5,5,10,4,8,6,3,0,0,4,2,1,0,0,2,1,0,0,0,0,0,0,1,2024-01-09 20:13:49,1
955,938,1201,823,30,25,35,10,51,24,50,50,30,51,6,6,29,6,6,6,5,5,5,5,5,5,12,2,9,3,1,9,6,4,2,0,1,2,0,0,1,1,1,2,1,1,1,2024-01-09 20:15:49,0
930,913,860,836,18,15,25,6,21,13,21,21,30,16,9,9,16,3,3,3,3,3,3,3,3,3,8,1,7,2,3,0,0,4,1,0,0,0,0,0,0,0,0,0,0,0,2,2024-01-09 20:17:49,4
964,949,885,846,18,15,43,6,23,26,23,23,30,23,14,14,29,3,3,3,3,3,3,3,3,3,8,4,4,7,0,7,6,4,2,0,0,2,0,0,1,1,1,2,1,0,0,2024-01-09 20:19:49,0
937,921,1191,821,6,5,32,2,19,23,18,18,30,19,8,8,24,1,1,1,1,1,1,1,1,1,18,5,3,5,1,0,0,4,2,0,0,0,0,0,0,0,0,0,0,1,0,2024-01-09 20:21:49,1
973,955,915,866,24,20,59,8,29,31,27,27,45,26,23,23,36,4,4,4,4,4,4,4,4,4,15,9,8,8,2,9,6,4,2,1,0,2,2,1,1,1,1,2,1,0,1,2024-01-09 20:23:49,0
1044,946,1483,886,72,60,285,25,140,230,138,138,30,108,11,11,274,13,13,13,12,12,13,12,12,12,253,2,4,71,3,7,6,4,2,32,0,2,0,0,1,1,1,2,1,2,1,2024-01-09 20:25:49,6
941,924,883,854,0,0,36,0,23,20,22,22,30,22,16,16,20,0,0,0,0,0,0,0,0,0,11,7,4,8,1,0,0,4,2,0,0,0,0,0,0,0,0,0,0,0,2,2024-01-09 20:27:49,1
982,957,925,864,24,20,68,12,38,43,33,33,30,31,19,19,49,9,9,9,4,4,8,4,4,4,27,7,8,7,5,9,6,4,2,2,1,2,1,0,1,1,1,2,1,0,0,2024-01-09 20:29:49,0
939,924,1333,955,6,5,35,2,20,25,20,20,30,20,9,9,26,3,3,3,1,1,1,1,1,1,15,4,4,5,0,0,0,4,2,0,2,0,0,0,0,0,0,0,0,0,0,2024-01-09 20:31:49,0
970,945,1009,969,36,30,38,12,30,26,25,25,45,25,5,5,33,8,8,8,6,6,6,6,6,6,14,0,7,6,5,8,6,4,2,1,2,2,2,0,1,1,1,2,1,1,1,2024-01-09 20:33:49,1
926,908,1121,725,6,5,53,2,35,35,35,35,30,35,17,17,36,1,1,1,1,1,1,1,1,1,19,4,3,10,0,7,6,4,2,0,0,2,1,1,1,1,1,2,1,0,1,2024-01-09 20:35:49,0
947,933,34,0,12,10,37,4,20,20,19,19,30,19,14,14,23,2,2,2,2,2,2,2,2,2,13,3,7,3,1,0,0,4,2,1,0,0,0,1,0,0,0,0,0,1,2,2024-01-09 20:37:49,0
960,941,41,0,24,20,43,8,30,26,29,29,30,28,12,12,31,5,5,5,4,4,4,4,4,4,10,4,7,4,1,9,6,4,2,1,1,2,1,1,1,1,1,2,1,0,0,2024-01-09 20:39:49,2
939,926,370,0,6,5,32,2,161,20,161,161,30,160,10,10,22,1,1,1,1,1,1,1,1,1,16,6,3,5,0,0,0,4,2,1,0,0,1,0,0,0,0,0,0,0,0,2024-01-09 20:41:49,3
970,946,58,0,48,40,57,16,39,32,36,36,45,37,17,17,40,8,8,8,8,8,8,8,8,8,15,7,10,5,3,7,6,4,2,0,0,2,1,0,1,1,1,2,1,1,1,2024-01-09 20:43:49,0
941,925,393,0,6,5,51,2,37,36,37,37,30,36,13,13,38,1,1,1,1,1,1,1,1,1,20,2,7,7,0,7,6,4,2,1,0,2,0,1,1,1,1,2,1,0,1,2024-01-09 20:45:49,0
939,927,885,843,12,10,41,4,26,26,26,26,30,25,12,12,29,3,3,3,2,2,2,2,2,2,23,1,2,6,0,0,0,4,2,1,1,0,0,1,0,0,0,0,0,0,2,2024-01-09 20:47:49,0
974,955,943,880,24,20,56,8,41,36,40,40,30,39,15,15,41,4,4,4,4,4,4,4,4,4,16,4,7,8,1,7,6,4,2,1,0,2,1,0,1,1,1,2,1,1,0,2024-01-09 20:49:49,4
942,926,1276,884,18,15,39,6,20,24,19,19,30,17,11,11,28,3,3,3,3,3,3,3,3,3,17,3,5,4,1,0,0,4,2,1,0,0,0,0,0,0,0,0,0,0,0,2024-01-09 20:51:49,0
948,934,891,861,12,10,30,4,22,21,21,21,45,21,7,7,23,2,2,2,2,2,2,2,2,2,11,3,6,2,1,8,6,4,2,0,0,2,1,0,1,1,1,2,1,0,1,2024-01-09 20:53:49,0
950,936,1204,828,24,20,34,8,20,19,20,20,30,22,11,11,23,4,4,4,4,4,4,4,4,4,11,4,5,5,0,9,6,4,2,0,0,2,2,0,1,1,1,2,1,2,1,2024-01-09 20:55:49,1
950,934,888,828,30,25,54,10,32,31,31,31,30,30,18,18,36,5,5,5,5,5,5,5,5,5,13,5,7,5,1,0,0,4,2,0,0,0,0,0,0,0,0,0,0,0,2,2024-01-09 20:57:49,1
978,952,894,843,24,20,57,8,30,36,29,29,30,28,16,16,41,5,5,5,4,4,4,4,4,4,23,6,5,10,1,9,6,4,2,1,1,2,3,1,1,1,1,2,1,0,0,2024-01-09 20:59:49,0
929,910,1217,834,6,5,39,2,33,18,33,33,30,29,15,15,24,3,3,3,1,1,1,1,1,1,15,9,7,5,0,0,0,4,2,5,2,0,0,2,0,0,0,0,0,1,0,2024-01-09 21:01:49,1
963,954,901,882,18,15,23,6,12,9,11,11,45,11,11,11,12,5,5,5,3,3,3,3,3,3,5,6,3,1,1,6,6,4,2,0,2,2,0,0,1,1,1,2,1,0,1,2024-01-09 21:03:49,1
945,928,1251,864,6,5,46,2,33,32,33,33,15,33,13,13,33,5,5,5,1,1,1,1,1,1,13,3,2,8,0,0,0,4,2,0,4,0,1,0,0,0,0,0,0,0,1,2024-01-09 21:05:49,3
948,932,876,839,30,25,38,10,24,23,22,22,45,23,10,10,28,5,5,5,5,5,5,5,5,5,15,3,3,6,2,4,6,4,2,0,0,2,2,0,1,1,1,2,1,1,2,2024-01-09 21:07:49,0
959,945,910,879,12,10,39,4,21,22,21,21,30,19,12,12,27,2,2,2,2,2,2,2,2,2,16,5,4,8,4,9,6,4,2,2,0,2,0,0,1,1,1,2,1,0,0,2024-01-09 21:09:49,19
932,914,1329,963,18,15,31,6,22,18,20,20,30,16,7,7,24,4,4,4,3,3,3,3,3,3,9,5,8,4,2,0,0,4,2,3,1,0,1,0,0,0,0,0,0,0,0,2024-01-09 21:11:49,2
977,959,1024,971,30,25,59,10,31,35,30,30,45,31,19,19,40,5,5,5,5,5,5,5,5,5,14,8,8,6,1,8,6,4,2,0,0,2,0,1,1,1,1,2,1,1,1,2024-01-09 21:13:49,2
950,930,1058,683,6,5,35,2,38,28,38,38,15,38,6,6,29,1,1,1,1,1,1,1,1,1,11,2,2,14,0,0,0,4,2,0,0,0,1,0,0,0,0,0,0,0,1,2024-01-09 21:15:49,3
932,923,23,0,0,0,31,0,15,14,14,14,45,14,17,17,14,1,1,1,0,0,0,0,0,0,10,8,4,1,1,8,6,4,2,0,1,2,0,1,1,1,1,2,1,0,2,2024-01-09 21:17:49,0
935,925,35,0,12,10,35,4,19,21,19,19,30,20,12,12,23,2,2,2,2,2,2,2,2,2,10,1,5,3,0,8,6,4,2,0,0,2,1,1,1,1,1,2,1,1,0,2024-01-09 21:19:49,0
945,929,387,0,24,20,42,8,33,33,32,32,30,32,5,5,37,4,4,4,4,4,4,4,4,4,11,2,6,7,2,0,0,4,2,0,0,0,1,0,0,0,0,0,0,0,0,2024-01-09 21:21:49,5
962,950,40,0,18,15,42,6,28,22,26,26,45,25,16,16,26,3,3,3,3,3,3,3,3,3,6,4,5,4,2,9,6,4,2,1,0,2,0,0,1,1,1,2,1,0,1,2024-01-09 21:23:49,0
936,925,367,0,12,10,23,4,15,12,15,15,15,16,9,9,14,2,2,2,2,2,2,2,2,2,8,3,7,4,0,0,0,4,2,0,0,0,0,0,0,0,0,0,0,1,1,2024-01-09 21:25:49,6
958,939,895,859,30,25,38,10,26,22,21,21,45,22,11,11,27,6,6,6,5,5,5,5,5,5,8,3,9,4,4,7,6,4,2,0,1,2,0,0,1,1,1,2,1,1,2,2024-01-09 21:27:49,0
945,933,898,861,0,0,41,0,23,24,24,24,30,24,17,17,24,0,0,0,0,0,0,0,0,0,5,6,9,2,0,7,6,4,2,0,0,2,0,0,1,1,1,2,1,0,0,2024-01-09 21:29:49,0
936,927,1258,882,6,5,34,2,19,21,19,19,30,19,11,11,23,3,3,3,1,1,1,1,1,1,10,5,1,3,0,0,0,4,2,1,2,0,1,1,0,0,0,0,0,1,0,2024-01-09 21:31:49,0
953,937,858,826,18,15,32,6,24,22,22,22,45,20,5,5,27,5,5,5,3,3,3,3,3,3,13,0,5,4,2,9,6,4,2,2,2,2,0,0,1,1,1,2,1,0,1,2024-01-09 21:33:49,0
954,941,1219,840,6,5,44,2,20,22,20,20,15,21,21,21,23,1,1,1,1,1,1,1,1,1,9,9,2,10,0,0,0,4,2,0,0,0,0,0,0,0,0,0,0,1,1,2024-01-09 21:35:49,0
925,911,859,824,6,5,36,2,21,21,22,22,45,21,13,13,23,2,2,2,1,1,1,1,1,1,8,3,2,7,0,8,6,4,2,1,1,2,1,0,1,1,1,2,1,0,2,2024-01-09 21:37:49,4
974,947,911,864,12,10,54,4,40,36,39,39,15,37,16,16,38,2,2,2,2,2,2,2,2,2,10,7,7,14,2,0,0,4,2,0,0,0,2,0,0,0,0,0,0,0,0,2024-01-09 21:39:49,1
942,924,1218,838,12,10,44,4,31,31,30,30,45,30,11,11,33,2,2,2,2,2,2,2,2,2,9,7,6,9,1,9,6,4,2,0,0,2,0,0,1,1,1,2,1,0,0,2024-01-09 21:41:49,0
966,951,938,900,30,25,33,10,17,14,14,14,45,14,13,13,20,5,5,5,5,5,5,5,5,5,7,2,11,1,3,5,6,4,2,1,0,2,0,0,1,1,1,2,1,1,1,2024-01-09 21:43:49,3
943,918,1298,886,18,15,71,6,49,52,48,48,15,47,15,15,56,3,3,3,3,3,3,3,3,3,15,0,10,8,1,0,0,4,2,1,0,0,4,0,0,0,0,0,0,0,1,2024-01-09 21:45:49,1
944,930,884,834,18,15,47,8,23,22,23,23,45,24,22,22,25,5,5,5,3,3,5,3,3,3,8,1,4,5,0,8,6,4,2,0,0,2,1,4,1,1,1,2,1,1,2,2024-01-09 21:47:49,4
959,945,944,891,6,5,44,2,29,29,29,29,15,29,14,14,30,2,2,2,1,1,1,1,1,1,12,3,8,1,0,0,0,4,2,0,1,0,0,0,0,0,0,0,0,0,0,2024-01-09 21:49:49,0
946,922,1352,952,6,5,45,2,35,33,34,34,45,33,10,10,35,1,1,1,1,1,1,1,1,1,16,1,5,9,1,9,6,4,2,1,0,2,1,0,1,1,1,2,1,0,0,2024-01-09 21:51:49,0
955,940,988,946,12,10,41,4,27,31,27,27,45,27,8,8,33,2,2,2,2,2,2,2,2,2,16,3,8,8,0,8,6,4,2,0,0,2,0,0,1,1,1,2,1,0,1,2024-01-09 21:53:49,1
914,902,1054,679,18,15,33,6,19,19,20,20,15,18,10,10,23,3,3,3,3,3,3,3,3,3,12,2,7,3,1,0,0,4,1,1,0,0,0,0,0,0,0,0,0,1,1,2024-01-09 21:55:49,3
967,942,60,0,12,10,61,4,40,37,39,39,45,39,21,21,40,2,2,2,2,2,2,2,2,2,12,11,7,12,2,6,6,4,3,1,0,2,2,0,1,1,1,2,1,1,2,2024-01-09 21:57:49,1
969,955,33,0,12,10,36,4,22,21,23,23,15,24,13,13,23,3,3,3,2,2,2,2,2,2,7,4,3,8,0,0,0,4,1,0,1,0,1,1,0,0,0,0,0,1,0,2024-01-09 21:59:49,3
918,914,363,0,6,5,8,2,4,5,4,4,45,4,2,2,6,3,3,3,1,1,1,1,1,1,3,1,0,1,0,9,6,4,2,0,2,2,0,0,1,1,1,2,1,0,0,2024-01-09 22:01:49,0
952,938,25,0,0,0,28,0,20,19,20,20,45,20,9,9,19,2,2,2,0,0,0,0,0,0,10,3,3,6,0,8,6,4,2,0,2,2,1,0,1,1,1,2,1,0,1,2024-01-09 22:03:49,3
924,903,385,0,12,10,44,4,34,31,32,32,15,32,11,11,33,6,6,6,2,2,2,2,2,2,7,2,6,5,2,0,0,4,2,0,4,0,1,0,0,0,0,0,0,0,1,2024-01-09 22:05:49,0
990,969,925,857,88,73,56,31,33,34,32,32,45,32,6,6,50,17,17,17,15,15,16,15,15,15,11,1,10,8,1,7,6,4,2,1,1,2,2,0,1,1,1,2,1,1,2,2024-01-09 22:07:49,1
962,944,860,824,14,12,34,5,28,26,27,27,15,28,6,6,28,3,3,3,2,2,3,2,2,2,9,1,8,5,1,0,0,4,2,0,0,0,3,0,0,0,0,0,0,1,0,2024-01-09 22:09:49,2
952,934,1272,896,18,15,37,6,23,24,21,21,45,21,10,10,27,3,3,3,3,3,3,3,3,3,19,8,9,4,2,8,6,4,2,0,0,2,2,0,1,1,1,2,1,0,0,2024-01-09 22:11:49,2
952,941,874,847,6,5,31,2,19,18,19,19,30,19,12,12,19,1,1,1,1,1,1,1,1,1,9,4,4,6,0,0,0,4,2,0,0,0,0,0,0,0,0,0,0,0,1,2024-01-09 22:13:49,1
1002,929,1361,837,30,25,183,11,158,168,155,155,30,154,9,9,174,6,6,6,5,5,6,5,5,5,3,3,7,38,3,4,6,4,2,1,0,2,0,0,1,1,1,2,1,0,1,2024-01-09 22:15:49,4
957,928,883,836,24,20,46,8,46,30,44,44,45,45,12,12,34,5,5,5,4,4,4,4,4,4,12,3,9,12,2,9,6,4,2,0,1,2,2,0,1,1,1,2,1,1,2,2024-01-09 22:17:49,1
950,945,886,867,6,5,23,2,8,6,8,8,15,9,16,16,7,1,1,1,1,1,1,1,1,1,3,6,3,1,0,0,0,4,2,0,0,0,0,2,0,0,0,0,0,1,0,2024-01-09 22:19:49,0
939,923,1227,842,18,15,45,6,30,33,30,30,45,28,6,6,39,3,3,3,3,3,3,3,3,3,7,0,7,8,1,6,6,4,2,3,0,2,1,0,1,1,1,2,1,1,0,2024-01-09 22:21:49,1
957,942,925,888,18,15,39,6,23,22,22,22,30,21,13,13,26,3,3,3,3,3,3,3,3,3,7,1,2,8,1,0,0,4,2,1,0,0,1,0,0,0,0,0,0,0,1,2024-01-09 22:23:49,2
919,906,1245,870,12,10,34,4,21,22,21,21,30,21,10,10,24,2,2,2,2,2,2,2,2,2,10,1,5,6,0,7,6,4,2,0,0,2,0,0,1,1,1,2,1,0,1,2024-01-09 22:25:49,0
944,930,879,835,12,10,44,4,31,30,31,31,45,30,11,11,33,2,2,2,2,2,2,2,2,2,13,0,3,4,0,8,6,4,2,1,0,2,2,1,1,1,1,2,1,0,2,2024-01-09 22:27:49,0
961,949,935,890,30,25,45,10,28,25,26,26,15,27,15,15,30,6,6,6,5,5,5,5,5,5,3,3,6,2,2,0,0,4,2,0,1,0,2,0,0,0,0,0,0,1,0,2024-01-09 22:29:49,0
937,921,1349,967,12,10,35,4,26,26,26,26,45,27,6,6,29,4,4,4,2,2,2,2,2,2,11,0,2,8,1,8,6,4,2,1,2,2,0,1,1,1,1,2,1,2,0,2024-01-09 22:31:49,5
961,939,1032,970,40,33,56,21,56,36,55,55,30,55,13,13,43,15,15,16,7,7,14,7,7,7,11,0,8,8,1,0,0,4,2,0,2,0,2,0,0,0,0,0,0,1,1,2024-01-09 22:33:49,1
941,930,1024,656,2,2,28,2,12,12,12,12,30,12,16,16,12,3,3,2,0,0,2,0,0,0,4,3,7,2,0,9,6,4,2,0,0,2,0,1,1,1,1,2,1,0,1,2024-01-09 22:35:49,0
942,928,42,0,6,5,39,2,28,27,27,27,45,27,11,11,28,1,1,1,1,1,1,1,1,1,7,0,3,7,1,8,6,4,2,0,0,2,2,0,1,1,1,2,1,0,2,2024-01-09 22:37:49,0
946,936,36,0,6,5,37,2,26,26,26,26,15,27,10,10,27,1,1,1,1,1,1,1,1,1,3,2,2,7,0,0,0,4,2,0,0,0,0,0,0,0,0,0,0,1,0,2024-01-09 22:39:49,0
942,925,385,0,24,20,42,8,28,33,28,28,45,29,5,5,37,5,5,5,4,4,4,4,4,4,12,2,7,7,0,7,6,4,2,0,1,2,3,0,1,1,1,2,1,1,0,2024-01-09 22:41:49,1
952,934,51,0,18,15,51,6,35,33,35,35,30,36,15,15,36,3,3,3,3,3,3,3,3,3,13,2,7,8,0,0,0,4,2,0,0,0,1,1,0,0,0,0,0,1,1,2024-01-09 22:43:49,0
941,926,386,0,12,10,46,4,28,28,28,28,30,27,15,15,31,2,2,2,2,2,2,2,2,2,9,1,5,7,1,7,6,4,2,1,0,2,2,1,1,1,1,2,1,0,1,2024-01-09 22:45:49,1
950,936,887,845,18,15,43,6,31,28,30,30,30,29,11,11,32,3,3,3,3,3,3,3,3,3,10,1,6,6,1,0,0,4,2,1,0,0,0,0,0,0,0,0,0,0,2,2024-01-09 22:47:49,1
959,945,921,880,18,15,31,6,15,14,14,14,30,14,14,14,17,4,4,4,3,3,3,3,3,3,9,1,10,1,1,9,6,4,2,0,1,2,0,0,1,1,1,2,1,0,0,2024-01-09 22:49:49,1
940,924,1282,877,8,6,48,3,35,35,35,35,45,35,10,10,38,1,1,1,2,2,1,2,2,2,10,0,5,7,0,9,6,4,2,1,0,2,3,0,1,1,1,2,1,1,0,2024-01-09 22:51:49,2
933,923,849,824,28,24,24,12,11,9,10,10,30,10,11,11,13,8,8,8,4,4,8,4,4,4,7,0,5,1,1,0,0,4,2,0,0,0,0,0,0,0,0,0,0,1,1,2024-01-09 22:53:49,0
940,931,1199,821,6,5,39,2,24,25,24,24,30,24,12,12,27,1,1,1,1,1,1,1,1,1,7,5,0,3,0,8,6,4,2,1,0,2,4,0,1,1,1,2,1,1,1,2024-01-09 22:55:49,0
945,932,876,830,6,5,40,2,25,25,24,24,30,24,13,13,27,1,1,1,1,1,1,1,1,1,9,3,4,4,1,0,0,4,2,0,0,0,2,0,0,0,0,0,0,0,2,2024-01-09 22:57:49,1
959,953,894,864,36,30,29,12,13,12,13,13,30,12,10,10,19,7,7,7,6,6,6,6,6,6,4,2,1,2,0,3,6,4,2,1,1,2,0,1,1,1,1,2,1,0,0,2024-01-09 22:59:49,0
930,920,1191,818,6,5,30,2,18,23,18,18,45,17,5,5,25,3,3,3,1,1,1,1,1,1,11,4,6,3,0,8,6,4,2,1,2,2,0,0,1,1,1,2,1,0,0,2024-01-09 23:01:49,0
967,950,919,866,54,45,54,21,28,31,28,28,30,30,14,14,40,14,14,14,9,9,12,9,9,9,6,3,3,7,0,0,0,4,2,0,2,0,4,0,0,0,0,0,0,2,1,2024-01-09 23:03:49,0
953,934,1264,876,28,23,54,9,32,29,33,33,30,32,16,16,38,8,8,8,5,5,4,5,5,5,9,6,4,6,0,9,6,4,2,2,4,2,3,0,1,1,1,2,1,1,1,2024-01-09 23:05:49,6
937,931,871,841,20,17,32,7,19,17,19,19,30,20,12,12,20,4,4,4,3,3,4,3,3,3,2,4,2,3,0,0,0,4,2,0,0,0,0,0,0,0,0,0,0,1,2,2024-01-09 23:07:49,1
954,944,910,881,0,0,31,0,23,25,23,23,30,22,5,5,26,0,0,0,0,0,0,0,0,0,6,1,2,6,0,8,6,4,2,1,0,2,2,0,1,1,1,2,1,0,0,2024-01-09 23:09:49,0
949,928,1338,959,18,15,42,6,43,29,43,43,45,43,10,10,32,4,4,4,3,3,3,3,3,3,11,6,5,10,0,8,6,4,2,0,1,2,2,0,1,1,1,2,1,0,0,2024-01-09 23:11:49,0
944,928,991,956,12,10,38,4,31,26,29,29,30,27,8,8,30,2,2,2,2,2,2,2,2,2,1,1,5,6,2,0,0,4,2,2,0,0,1,0,0,0,0,0,0,0,1,2024-01-09 23:13:49,5
943,935,1113,744,36,30,24,13,12,10,13,13,30,13,8,8,16,7,7,7,6,6,7,6,6,6,3,1,5,2,0,9,6,4,2,0,0,2,0,0,1,1,1,2,1,2,1,2024-01-09 23:15:49,1
931,924,26,0,0,0,26,0,18,18,18,18,30,18,8,8,18,1,1,1,0,0,0,0,0,0,1,0,0,5,0,0,0,4,2,0,1,0,0,0,0,0,0,0,0,0,2,2024-01-09 23:17:49,0
953,946,24,0,24,20,24,9,13,9,11,11,30,10,9,9,15,5,5,5,4,4,5,4,4,4,1,1,3,2,2,9,6,4,2,2,0,2,0,0,1,1,1,2,1,1,0,2024-01-09 23:19:49,1
933,925,367,0,12,10,26,4,18,19,18,18,45,18,5,5,21,2,2,2,2,2,2,2,2,2,5,2,4,5,0,8,6,4,2,0,0,2,0,0,1,1,1,2,1,0,0,2024-01-09 23:21:49,0
938,919,46,0,12,10,47,4,35,34,34,34,30,34,11,11,36,2,2,2,2,2,2,2,2,2,3,1,4,10,1,0,0,4,2,0,0,0,3,0,0,0,0,0,0,0,1,2024-01-09 23:23:49,0
933,922,376,0,6,5,32,2,23,21,22,22,30,21,9,9,23,1,1,1,1,1,1,1,1,1,7,0,3,4,1,7,6,4,2,1,0,2,0,0,1,1,1,2,1,0,1,2024-01-09 23:25:49,0
947,939,910,873,18,15,36,6,20,23,19,19,30,21,10,10,26,3,3,3,3,3,3,3,3,3,5,1,3,2,1,0,0,4,2,0,0,0,1,0,0,0,0,0,0,2,2,2024-01-09 23:27:49,0
955,948,895,871,12,10,25,4,7,7,6,6,30,6,16,16,9,3,3,3,2,2,2,2,2,2,5,6,3,2,1,7,6,4,2,0,1,2,0,0,1,1,1,2,1,0,0,2024-01-09 23:29:49,1
940,929,1255,880,6,5,31,2,19,21,19,19,30,20,9,9,22,3,3,3,1,1,1,1,1,1,2,4,3,6,0,0,0,4,2,0,2,0,1,0,0,0,0,0,0,1,0,2024-01-09 23:31:49,0
961,946,919,864,54,45,55,21,29,30,29,29,45,30,16,16,39,14,14,14,9,9,12,9,9,9,4,4,2,8,0,8,6,4,2,0,2,2,1,0,1,1,1,2,1,1,1,2024-01-09 23:33:49,1
935,927,1212,832,0,0,44,0,23,21,22,22,30,22,23,23,21,0,0,0,0,0,0,0,0,0,2,10,2,5,1,9,6,4,2,0,0,2,0,0,1,1,1,2,1,0,1,2024-01-09 23:35:49,0
940,935,865,850,6,5,22,2,10,5,9,9,30,9,16,16,6,1,1,1,1,1,1,1,1,1,1,7,3,0,1,0,0,4,2,0,0,0,0,0,0,0,0,0,0,0,2,2024-01-09 23:37:49,1
958,948,881,839,18,15,41,8,24,27,24,24,30,26,11,11,30,6,6,6,3,3,5,3,3,3,6,2,1,5,0,2,6,4,2,0,1,2,3,0,1,1,1,2,1,2,0,2024-01-09 23:39:49,0
909,903,1213,855,0,0,16,0,11,12,11,11,30,11,4,4,12,0,0,0,0,0,0,0,0,0,3,1,2,4,0,0,0,4,2,0,0,0,1,0,0,0,0,0,0,0,0,2024-01-09 23:41:49,0
960,943,955,902,20,16,48,6,36,34,34,34,45,35,10,10,38,2,2,2,4,4,2,4,4,4,5,2,6,6,2,8,6,4,2,0,0,2,3,0,1,1,1,2,1,1,1,2024-01-09 23:43:49,0
931,923,1232,862,16,14,27,6,15,14,14,14,30,14,11,11,16,4,4,4,2,2,4,2,2,2,3,0,4,2,1,8,6,4,2,0,0,2,0,0,1,1,1,2,1,0,1,2024-01-09 23:45:49,4
944,933,872,825,18,15,47,7,27,30,27,27,30,26,13,13,34,4,4,4,3,3,4,3,3,3,3,0,2,8,0,0,0,4,2,1,0,0,1,0,0,0,0,0,0,0,2,2024-01-09 23:47:49,3
930,925,931,902,6,5,17,2,4,5,4,4,30,4,11,11,6,2,2,2,1,1,1,1,1,1,3,0,3,1,0,9,6,4,1,0,1,2,0,0,1,1,1,2,1,0,0,2024-01-09 23:49:49,0
929,919,1357,964,18,15,37,6,22,21,21,21,30,22,12,12,25,3,3,3,3,3,3,3,3,3,6,2,5,4,1,0,0,4,2,1,0,0,1,0,0,0,0,0,0,2,0,2024-01-09 23:51:49,1
957,947,977,940,12,10,33,4,23,26,23,23,45,23,4,4,29,2,2,2,2,2,2,2,2,2,4,0,3,7,0,7,6,4,2,1,0,2,1,0,1,1,1,2,1,1,1,2024-01-09 23:53:49,3
938,923,1004,623,5,4,41,2,26,29,29,29,30,29,11,11,30,1,1,1,1,1,1,1,1,1,4,4,1,10,0,7,6,4,2,0,0,2,0,0,1,1,1,2,1,0,1,2024-01-09 23:55:49,3
946,932,45,0,13,11,43,4,24,21,23,23,30,22,18,18,25,2,2,2,2,2,2,2,2,2,4,6,2,6,2,0,0,4,2,1,0,0,3,0,0,0,0,0,0,0,2,2024-01-09 23:57:49,4
948,932,35,0,12,10,39,4,29,24,30,30,30,29,11,11,28,3,3,3,2,2,2,2,2,2,5,2,1,9,0,7,6,4,2,1,1,2,3,0,1,1,1,2,1,0,0,2024-01-09 23:59:49,13
959,928,415,0,26,22,74,8,37,61,37,37,30,34,8,8,66,6,6,6,4,4,4,4,4,4,42,7,6,22,8,0,0,4,2,1,2,0,0,0,0,0,0,0,0,0,0,2024-01-10 00:01:49,10
973,963,34,0,28,24,40,9,23,20,23,23,45,24,14,14,26,7,7,7,4,4,5,4,4,4,6,9,6,3,12,8,6,4,2,1,2,2,2,0,1,1,1,2,1,2,1,2024-01-10 00:03:49,9
945,933,368,0,12,10,37,4,22,12,23,23,15,25,23,23,14,6,6,6,2,2,2,2,2,2,6,14,2,3,0,0,0,4,2,0,4,0,0,0,0,0,0,0,0,2,1,2024-01-10 00:05:49,9
925,913,867,840,6,5,29,2,22,21,21,21,45,21,7,7,22,1,1,1,1,1,1,1,1,1,4,2,4,5,1,9,6,4,2,0,0,2,1,0,1,1,1,2,1,0,2,2024-01-10 00:07:49,0
965,949,856,824,24,20,34,8,24,21,21,21,30,21,9,9,25,5,5,5,4,4,4,4,4,4,2,2,7,4,3,4,6,4,2,0,1,2,1,0,1,1,1,2,1,0,0,2024-01-10 00:09:49,3
939,921,1246,871,6,5,36,2,26,28,26,26,30,26,7,7,29,5,5,5,1,1,1,1,1,1,3,4,0,11,0,0,0,4,2,0,4,0,1,0,0,0,0,0,0,0,0,2024-01-10 00:11:49,0
952,946,831,813,12,10,17,4,6,5,6,6,45,7,10,10,7,5,5,5,2,2,2,2,2,2,0,4,0,3,0,9,6,4,2,0,3,2,0,0,1,1,1,2,1,1,1,2024-01-10 00:13:49,0
947,939,1200,822,36,30,39,14,19,20,19,19,15,20,13,13,26,8,8,8,6,6,8,6,6,6,1,5,1,6,0,0,0,4,2,0,0,0,1,0,0,0,0,0,0,1,1,2024-01-10 00:15:49,1
924,916,813,795,12,10,17,4,11,8,11,11,45,12,7,7,10,2,2,2,2,2,2,2,2,2,2,0,3,4,0,8,6,4,2,0,0,2,0,0,1,1,1,2,1,1,2,2024-01-10 00:17:49,0
949,937,841,813,0,0,28,0,18,19,18,18,30,18,9,9,19,1,1,1,0,0,0,0,0,0,8,0,3,7,0,8,6,4,2,0,1,2,1,0,1,1,1,2,1,0,0,2024-01-10 00:19:49,0
952,945,1213,836,72,60,34,29,13,16,13,13,30,13,6,6,28,17,17,17,12,12,17,12,12,12,8,2,1,4,0,0,0,4,2,0,0,0,0,0,0,0,0,0,0,0,0,2024-01-10 00:21:49,1
954,942,841,810,6,5,29,2,19,16,18,18,45,17,11,11,18,1,1,1,1,1,1,1,1,1,3,1,3,4,1,8,6,4,2,1,0,2,3,0,1,1,1,2,1,0,1,2024-01-10 00:23:49,3
927,918,1250,879,24,20,33,9,15,16,13,13,15,13,12,12,21,5,5,5,4,4,5,4,4,4,7,5,7,0,2,0,0,4,2,1,0,0,1,0,0,0,0,0,0,1,1,2024-01-10 00:25:49,0
941,928,897,871,12,10,26,4,17,12,16,16,45,18,12,12,14,2,2,2,2,2,2,2,2,2,3,2,4,4,1,7,6,4,2,0,0,2,1,0,1,1,1,2,1,2,2,2024-01-10 00:27:49,0
956,950,867,840,12,10,30,4,14,12,13,13,30,13,16,16,14,2,2,2,2,2,2,2,2,2,5,5,2,0,1,9,6,4,2,0,0,2,0,0,1,1,1,2,1,0,0,2024-01-10 00:29:49,0
933,923,1321,952,6,5,22,10,15,15,15,15,30,15,6,6,16,12,12,12,1,1,9,1,1,1,4,1,4,2,0,0,0,4,2,0,3,0,0,0,0,0,0,0,0,0,0,2024-01-10 00:31:49,1
950,935,1011,975,12,10,31,4,23,22,21,21,45,21,7,7,24,4,4,4,2,2,2,2,2,2,3,2,4,5,2,8,6,4,2,0,2,2,2,0,1,1,1,2,1,0,1,2024-01-10 00:33:49,0
925,921,1243,875,18,15,26,6,8,10,8,8,15,9,13,13,13,3,3,3,3,3,3,3,3,3,1,3,2,1,0,0,0,4,2,0,0,0,1,0,0,0,0,0,0,1,1,2024-01-10 00:35:49,0
942,935,94,66,12,10,27,4,13,13,12,12,45,14,12,12,15,2,2,2,2,2,2,2,2,2,3,0,2,4,2,8,6,4,2,0,0,2,0,0,1,1,1,2,1,2,2,2024-01-10 00:37:49,5
945,936,24,0,6,5,25,2,13,12,12,12,30,13,12,12,13,2,2,2,1,1,1,1,1,1,6,2,3,3,0,7,6,4,2,0,1,2,0,0,1,1,1,2,1,1,0,2024-01-10 00:39:49,0
907,899,378,0,10,8,34,3,26,29,27,27,30,27,3,3,31,1,1,1,2,2,1,2,2,2,8,0,4,3,0,0,0,4,2,0,0,0,1,0,0,0,0,0,0,0,0,2024-01-10 00:41:49,0
957,954,20,0,2,2,16,1,3,4,3,3,45,3,12,12,4,1,1,1,0,0,1,0,0,0,3,4,1,1,0,8,6,4,2,0,0,2,0,0,1,1,1,2,1,0,1,2024-01-10 00:43:49,2
929,925,368,0,6,5,30,2,12,11,12,12,15,12,18,18,12,1,1,1,1,1,1,1,1,1,1,6,0,3,0,0,0,4,2,0,0,0,0,0,0,0,0,0,0,0,1,2024-01-10 00:45:49,1
934,928,890,863,6,5,28,2,10,17,10,10,45,11,10,10,18,1,1,1,1,1,1,1,1,1,5,5,3,4,0,7,6,4,2,0,0,2,0,0,1,1,1,2,1,1,2,2024-01-10 00:47:49,0
946,942,907,876,6,5,19,2,5,2,5,5,15,6,16,16,3,2,2,2,1,1,1,1,1,1,0,0,0,2,0,0,0,4,2,0,1,0,0,0,0,0,0,0,0,1,0,2024-01-10 00:49:49,0
916,913,1258,875,12,10,25,4,8,11,8,8,45,9,12,12,13,2,2,2,2,2,2,2,2,2,3,3,3,1,0,8,6,4,2,0,0,2,1,0,1,1,1,2,1,1,0,2024-01-10 00:51:49,0
942,939,854,845,0,0,9,0,8,4,8,8,45,8,5,5,4,0,0,0,0,0,0,0,0,0,1,0,1,2,0,9,6,4,2,0,0,2,0,0,1,1,1,2,1,0,1,2024-01-10 00:53:49,0
928,921,1194,833,12,10,21,4,12,8,11,11,15,10,10,10,11,2,2,2,2,2,2,2,2,2,0,3,1,3,1,0,0,4,2,1,0,0,0,1,0,0,0,0,0,0,1,2024-01-10 00:55:49,0
938,933,878,834,12,10,34,7,13,15,13,13,45,13,17,17,17,5,5,5,2,2,5,2,2,2,3,4,3,2,0,3,6,4,2,0,0,2,0,0,1,1,1,2,1,0,2,2024-01-10 00:57:49,0
940,937,887,869,24,20,15,8,4,2,3,3,15,5,9,9,6,4,4,4,4,4,4,4,4,4,1,0,1,0,1,0,0,4,2,0,0,0,0,0,0,0,0,0,0,2,0,2024-01-10 00:59:49,0
934,924,1200,832,6,5,23,2,16,17,16,16,45,17,5,5,18,4,4,4,1,1,1,1,1,1,5,3,2,5,0,9,6,4,2,0,3,2,1,0,1,1,1,2,1,1,0,2024-01-10 01:01:49,0
950,943,902,890,0,0,22,0,7,7,6,6,45,6,15,15,7,2,2,2,0,0,0,0,0,0,2,10,2,1,1,8,6,4,2,0,2,2,1,0,1,1,1,2,1,0,1,2024-01-10 01:03:49,0
929,924,1231,875,0,0,17,0,5,5,5,5,15,5,12,12,5,4,4,4,0,0,0,0,0,0,0,3,0,0,0,0,0,4,2,0,4,0,1,0,0,0,0,0,0,0,1,2024-01-10 01:05:49,0
935,932,840,826,6,5,16,2,6,8,6,6,45,6,7,7,9,2,2,2,1,1,1,1,1,1,3,2,3,1,0,3,6,4,2,0,1,2,0,0,1,1,1,2,1,0,2,2024-01-10 01:07:49,0
936,929,909,890,18,15,23,6,9,10,8,8,15,10,10,10,13,3,3,3,3,3,3,3,3,3,1,7,2,2,1,0,0,4,2,0,0,0,2,0,0,0,0,0,0,2,0,2024-01-10 01:09:49,0
935,929,1330,973,6,5,21,2,10,9,10,10,45,11,8,8,13,1,1,1,1,1,1,1,1,1,6,5,3,2,0,8,6,4,2,0,0,2,0,0,1,1,1,2,1,1,0,2024-01-10 01:11:49,3
959,948,970,950,12,10,24,4,13,10,16,16,45,15,10,10,14,2,2,2,2,2,2,2,2,2,3,4,0,4,0,8,6,4,2,2,0,2,3,0,1,1,1,2,1,1,1,2024-01-10 01:13:49,10
920,918,1005,651,0,0,13,0,6,8,6,6,15,6,5,5,8,0,0,0,0,0,0,0,0,0,2,1,2,1,0,0,0,4,2,0,0,0,0,0,0,0,0,0,0,0,1,2024-01-10 01:15:49,0
930,924,16,0,0,0,16,0,9,9,9,9,45,9,7,7,9,1,1,1,0,0,0,0,0,0,3,0,3,2,0,7,6,4,2,0,1,2,0,0,1,1,1,2,1,0,2,2024-01-10 01:17:49,0
939,938,10,0,0,0,10,0,1,2,1,1,15,1,8,8,2,0,0,0,0,0,0,0,0,0,1,0,2,0,0,0,0,4,2,0,0,0,0,0,0,0,0,0,0,0,0,2024-01-10 01:19:49,0
901,895,352,0,6,5,10,2,8,6,8,8,45,9,3,3,7,1,1,1,1,1,1,1,1,1,3,1,2,1,0,8,6,4,2,0,0,2,0,0,1,1,1,2,1,1,0,2024-01-10 01:21:49,0
951,946,20,0,6,5,19,2,9,7,9,9,30,10,11,11,8,1,1,1,1,1,1,1,1,1,2,0,0,5,0,0,0,4,2,0,0,0,0,0,0,0,0,0,0,1,1,2024-01-10 01:23:49,0
924,922,356,0,6,5,16,2,7,7,7,7,30,8,8,8,8,1,1,1,1,1,1,1,1,1,0,3,0,2,0,8,6,4,2,0,0,2,0,0,1,1,1,2,1,1,1,2024-01-10 01:25:49,3
934,930,886,865,12,10,20,4,8,7,7,7,45,6,10,10,10,2,2,2,2,2,2,2,2,2,0,0,1,2,1,9,6,4,2,1,0,2,0,0,1,1,1,2,1,0,2,2024-01-10 01:27:49,0
945,935,883,869,0,0,15,0,10,6,9,9,15,9,9,9,6,1,1,1,0,0,0,0,0,0,2,3,0,4,1,0,0,4,2,0,1,0,0,0,0,0,0,0,0,0,0,2024-01-10 01:29:49,0
914,909,1251,890,0,0,17,0,4,5,4,4,45,4,12,12,5,2,2,2,0,0,0,0,0,0,3,3,2,1,0,8,6,4,2,0,2,2,0,0,1,1,1,2,1,0,0,2024-01-10 01:31:49,0
951,946,877,858,6,5,15,2,9,9,9,9,30,10,5,5,10,3,3,3,1,1,1,1,1,1,1,1,1,1,0,0,0,4,2,0,2,0,0,0,0,0,0,0,0,1,1,2024-01-10 01:33:49,0
922,921,1195,833,12,10,19,4,5,4,5,5,30,7,13,13,6,2,2,2,2,2,2,2,2,2,1,2,1,0,0,3,6,4,2,0,0,2,0,0,1,1,1,2,1,2,1,2024-01-10 01:35:49,0
931,927,864,847,0,0,18,0,9,10,9,9,45,9,8,8,10,0,0,0,0,0,0,0,0,0,0,1,1,3,0,9,6,4,2,0,0,2,0,0,1,1,1,2,1,0,2,2024-01-10 01:37:49,0
947,942,871,845,12,10,29,4,11,12,10,10,15,11,15,15,14,3,3,3,2,2,2,2,2,2,1,5,2,2,1,0,0,4,2,0,1,0,0,0,0,0,0,0,0,1,0,2024-01-10 01:39:49,0
914,908,1190,836,0,0,11,0,5,6,6,6,45,6,5,5,6,0,0,0,0,0,0,0,0,0,3,1,4,0,0,9,6,4,1,0,0,2,1,0,1,1,1,2,1,0,0,2024-01-10 01:41:49,3
941,938,913,898,0,0,15,0,5,6,5,5,30,5,9,9,6,0,0,0,0,0,0,0,0,0,1,2,0,3,0,0,0,4,2,0,0,0,0,0,0,0,0,0,0,0,1,2024-01-10 01:43:49,0
928,924,1248,883,12,10,16,4,7,7,7,7,30,9,7,7,9,2,2,2,2,2,2,2,2,2,1,0,0,4,0,9,6,4,2,0,0,2,0,0,1,1,1,2,1,2,1,2024-01-10 01:45:49,0
930,927,822,804,6,5,15,2,5,5,5,5,45,6,9,9,6,1,1,1,1,1,1,1,1,1,0,0,0,3,0,9,6,4,2,0,0,2,0,0,1,1,1,2,1,1,2,2024-01-10 01:47:49,0
951,946,943,903,12,10,27,7,11,11,11,11,15,11,14,14,13,5,5,5,2,2,5,2,2,2,6,0,1,3,0,0,0,4,2,0,0,0,0,0,0,0,0,0,0,0,0,2024-01-10 01:49:49,0
909,902,1335,957,6,5,20,2,9,10,9,9,45,8,8,8,12,2,2,2,1,1,1,1,1,1,7,1,1,3,0,7,6,4,2,1,1,2,0,0,1,1,1,2,1,0,0,2024-01-10 01:51:49,0
943,941,968,959,6,5,9,2,3,3,3,3,30,3,5,5,4,1,1,1,1,1,1,1,1,1,0,0,0,1,0,0,0,4,2,0,0,0,0,0,0,0,0,0,0,0,1,2024-01-10 01:53:49,0
920,919,988,635,0,0,10,0,3,3,3,3,30,3,7,7,3,0,0,0,0,0,0,0,0,0,0,2,0,1,0,9,6,4,2,0,0,2,0,0,1,1,1,2,1,0,1,2024-01-10 01:55:49,0
932,931,27,0,12,10,15,4,1,1,1,1,45,3,12,12,3,2,2,2,2,2,2,2,2,2,1,1,1,0,0,7,6,4,2,0,0,2,0,0,1,1,1,2,1,2,2,2024-01-10 01:57:49,0
947,942,14,0,12,10,14,4,6,4,5,5,15,5,7,7,7,2,2,2,2,2,2,2,2,2,1,0,3,0,1,0,0,4,2,1,0,0,0,0,0,0,0,0,0,1,0,2024-01-10 01:59:49,0
911,903,353,0,0,0,10,0,6,4,6,6,45,5,6,6,4,3,3,3,0,0,0,0,0,0,1,3,1,2,0,8,6,4,2,0,3,2,0,0,1,1,1,2,1,0,0,2024-01-10 02:01:49,0
937,933,7,0,0,0,14,0,4,3,4,4,30,4,11,11,3,2,2,2,0,0,0,0,0,0,0,7,0,1,0,0,0,4,2,0,2,0,0,0,0,0,0,0,0,0,1,2024-01-10 02:03:49,0
929,926,351,0,0,0,12,0,3,4,3,3,30,3,8,8,4,0,0,0,0,0,0,0,0,0,1,3,1,2,0,8,6,4,2,0,0,2,0,0,1,1,1,2,1,0,1,2024-01-10 02:05:49,0
957,955,893,861,70,58,34,25,6,12,7,7,30,7,8,8,26,13,13,13,12,12,13,12,12,12,0,2,0,0,0,0,0,4,2,2,0,0,0,0,0,0,0,0,0,2,2,2024-01-10 02:07:49,1
939,933,897,869,8,7,16,3,13,6,12,12,30,13,9,9,7,2,2,2,1,1,2,1,1,1,2,1,1,5,0,8,6,4,2,0,0,2,0,0,1,1,1,2,1,1,0,2024-01-10 02:09:49,1
923,918,1252,892,12,10,15,4,7,8,7,7,45,8,5,5,10,3,3,3,2,2,2,2,2,2,1,3,1,4,0,8,6,4,2,0,1,2,0,0,1,1,1,2,1,1,0,2024-01-10 02:11:49,0
948,945,883,872,0,0,13,0,4,4,4,4,30,4,9,9,4,0,0,0,0,0,0,0,0,0,1,2,0,3,0,0,0,4,2,0,0,0,0,0,0,0,0,0,0,0,1,2024-01-10 02:13:49,0
916,915,1155,806,0,0,7,0,2,1,2,2,30,2,6,6,1,0,0,0,0,0,0,0,0,0,0,3,0,1,0,7,6,4,2,0,0,2,0,0,1,1,1,2,1,0,1,2024-01-10 02:15:49,0
925,924,852,839,0,0,13,0,8,8,8,8,30,8,5,5,8,0,0,0,0,0,0,0,0,0,0,0,0,0,0,0,0,4,2,0,0,0,1,0,0,0,0,0,0,0,2,2024-01-10 02:17:49,0
939,938,870,857,12,10,11,4,1,0,1,1,30,3,9,9,2,3,3,3,2,2,2,2,2,2,0,0,0,0,0,8,6,4,2,0,1,2,0,0,1,1,1,2,1,2,0,2024-01-10 02:19:49,0
920,919,1189,840,6,5,8,2,1,1,1,1,45,2,6,6,2,2,2,2,1,1,1,1,1,1,0,2,0,0,0,8,6,4,2,0,1,2,0,0,1,1,1,2,1,1,0,2024-01-10 02:21:49,0
944,942,933,915,0,0,20,0,8,9,8,8,30,7,10,10,10,0,0,0,0,0,0,0,0,0,0,1,0,1,1,0,0,4,2,1,0,0,0,0,0,0,0,0,0,0,1,2024-01-10 02:23:49,1
920,918,1239,881,0,0,16,0,6,7,6,6,30,6,9,9,7,0,0,0,0,0,0,0,0,0,0,3,0,2,0,9,6,4,2,0,0,2,0,0,1,1,1,2,1,0,1,2024-01-10 02:25:49,0
936,931,869,847,6,5,21,2,6,7,6,6,30,6,13,13,8,1,1,1,1,1,1,1,1,1,2,1,2,3,0,0,0,4,2,0,0,0,0,0,0,0,0,0,0,0,2,2024-01-10 02:27:49,0
927,924,902,892,6,5,12,2,5,3,6,6,30,3,7,7,5,2,2,2,1,1,1,1,1,1,0,3,1,0,0,8,6,4,2,1,1,2,0,0,1,1,1,2,1,0,0,2024-01-10 02:29:49,1
933,921,1331,957,18,15,25,7,11,9,9,9,45,11,13,13,12,6,6,6,3,3,4,3,3,3,0,3,3,4,2,8,6,4,2,0,2,2,1,0,1,1,1,2,1,2,0,2024-01-10 02:31:49,0
969,961,985,957,48,40,29,16,9,14,8,8,30,9,7,7,22,10,10,10,8,8,8,8,8,8,2,5,6,3,1,0,0,4,2,0,2,0,0,0,0,0,0,0,0,1,1,2024-01-10 02:33:49,9
923,922,960,597,6,5,16,2,2,2,2,2,30,2,13,13,3,1,1,1,1,1,1,1,1,1,1,2,0,0,0,7,6,4,2,0,0,2,0,0,1,1,1,2,1,0,1,2024-01-10 02:35:49,0
936,932,15,0,0,0,20,0,8,7,7,7,30,7,13,13,7,0,0,0,0,0,0,0,0,0,0,5,0,1,1,0,0,4,2,0,0,0,0,0,0,0,0,0,0,0,2,2024-01-10 02:37:49,0
931,929,13,0,0,0,17,0,1,1,1,1,30,1,16,16,1,1,1,1,0,0,0,0,0,0,0,6,0,1,0,8,6,4,2,0,1,2,0,0,1,1,1,2,1,0,0,2024-01-10 02:39:49,0
936,935,365,0,36,30,31,12,3,15,3,3,30,3,10,10,21,6,6,6,6,6,6,6,6,6,1,4,1,0,0,0,0,4,2,0,0,0,0,0,0,0,0,0,0,0,0,2024-01-10 02:41:49,18
949,948,19,0,30,25,18,10,1,2,1,1,45,4,11,11,7,5,5,5,5,5,5,5,5,5,0,5,1,1,0,7,6,4,2,0,0,2,0,0,1,1,1,2,1,3,1,2024-01-10 02:43:49,0
929,929,358,0,6,5,13,2,1,1,1,1,30,2,11,11,2,1,1,1,1,1,1,1,1,1,0,3,0,0,0,8,6,4,2,0,0,2,0,0,1,1,1,2,1,1,1,2024-01-10 02:45:49,0
930,926,883,868,0,0,14,0,6,4,6,6,30,5,9,9,5,0,0,0,0,0,0,0,0,0,0,0,0,2,0,0,0,4,2,1,0,0,2,0,0,0,0,0,0,0,2,2024-01-10 02:47:49,0
927,925,886,858,6,5,18,1,1,3,1,1,30,1,14,14,4,2,2,2,1,1,1,1,1,1,0,0,0,0,0,8,6,4,2,0,1,2,1,0,1,1,1,2,1,0,0,2024-01-10 02:49:49,3
913,913,1236,869,0,0,10,1,3,3,3,3,30,3,7,7,3,0,0,0,0,0,0,0,0,0,0,0,0,0,0,0,0,4,2,0,0,0,0,0,0,0,0,0,0,0,0,2024-01-10 02:51:49,0
948,946,880,864,6,5,11,2,3,3,3,3,45,4,7,7,4,1,1,1,1,1,1,1,1,1,0,2,1,1,0,8,6,4,2,0,0,2,0,0,1,1,1,2,1,1,1,2024-01-10 02:53:49,0
927,920,1183,820,6,5,20,2,12,12,12,12,30,13,7,7,13,5,5,5,1,1,1,1,1,1,1,2,1,1,0,8,6,4,2,0,4,2,1,0,1,1,1,2,1,1,1,2024-01-10 02:55:49,0
941,931,866,832,12,10,23,4,7,8,7,7,30,7,12,12,11,6,6,6,2,2,2,2,2,2,2,2,2,2,1,0,0,4,2,1,4,0,2,0,0,0,0,0,0,1,2,2024-01-10 02:57:49,4
931,922,879,865,0,0,15,0,8,7,8,8,30,7,7,7,8,5,5,5,0,0,0,0,0,0,1,0,0,2,0,8,6,4,2,1,5,2,1,0,1,1,1,2,1,0,0,2024-01-10 02:59:49,0
931,920,1202,842,12,10,21,4,9,9,9,9,30,8,9,9,12,6,6,6,2,2,2,2,2,2,4,6,1,2,1,0,0,4,2,1,4,0,1,0,0,0,0,0,0,0,0,2024-01-10 03:01:49,3
960,952,875,866,6,5,15,2,3,4,3,3,45,3,10,10,5,5,5,5,1,1,1,1,1,1,3,6,2,0,1,8,6,4,2,0,4,2,0,0,1,1,1,2,1,0,1,2024-01-10 03:03:49,3
925,923,1219,868,6,5,15,2,1,2,1,1,30,2,12,12,3,3,3,3,1,1,1,1,1,1,0,7,0,0,0,8,6,4,2,0,2,2,0,0,1,1,1,2,1,1,1,2024-01-10 03:05:49,0
943,936,855,838,18,15,19,6,7,6,7,7,30,9,10,10,9,7,7,7,3,3,3,3,3,3,1,4,0,2,0,0,0,4,2,0,4,0,0,0,0,0,0,0,0,2,2,2024-01-10 03:07:49,0
929,922,893,881,0,0,11,0,2,2,2,2,30,2,9,9,2,5,5,5,0,0,0,0,0,0,1,1,1,1,0,7,6,4,2,0,5,2,0,0,1,1,1,2,1,0,0,2024-01-10 03:09:49,0
917,913,1310,962,0,0,7,0,2,3,2,2,30,2,4,4,3,2,2,2,0,0,0,0,0,0,1,2,0,2,0,0,0,4,2,0,2,0,0,0,0,0,0,0,0,0,0,2024-01-10 03:11:49,0
958,950,970,954,6,5,14,2,3,5,3,3,45,3,8,8,6,8,8,8,1,1,1,1,1,1,0,1,1,0,0,9,6,4,2,0,7,2,0,0,1,1,1,2,1,0,1,2024-01-10 03:13:49,1
930,922,1044,695,12,10,13,4,4,2,3,3,30,4,8,8,5,6,6,6,2,2,2,2,2,2,1,6,2,0,1,7,6,4,2,0,4,2,1,0,1,1,1,2,1,1,1,2024-01-10 03:15:49,1
941,935,17,0,12,10,15,5,7,7,7,7,30,8,6,6,9,5,5,5,2,2,3,2,2,2,1,1,1,2,0,0,0,4,2,0,2,0,1,0,0,0,0,0,0,1,2,2024-01-10 03:17:49,0
944,938,16,0,12,10,16,4,2,3,3,3,30,5,11,11,5,5,5,5,2,2,2,2,2,2,3,2,2,0,0,8,6,4,2,0,3,2,0,0,1,1,1,2,1,2,0,2024-01-10 03:19:49,3
921,918,354,0,12,10,12,5,6,5,6,6,30,4,4,4,8,3,3,3,2,2,3,2,2,2,0,0,2,2,1,0,0,4,1,1,0,0,0,0,0,0,0,0,0,0,0,2024-01-10 03:21:49,4
936,935,12,0,6,5,11,2,1,1,1,1,45,1,9,9,2,1,1,1,1,1,1,1,1,1,0,0,0,0,0,7,6,4,2,0,0,2,0,0,1,1,1,2,1,0,1,2024-01-10 03:23:49,0
925,924,351,0,0,0,10,0,3,3,3,3,15,3,7,7,3,0,0,0,0,0,0,0,0,0,2,1,1,0,0,0,0,4,2,0,0,0,0,0,0,0,0,0,0,0,1,2024-01-10 03:25:49,0
930,925,880,855,6,5,17,2,4,4,4,4,45,5,12,12,5,3,3,3,1,1,1,1,1,1,2,0,0,2,0,7,6,4,2,0,2,2,0,0,1,1,1,2,1,1,2,2024-01-10 03:27:49,0
948,947,877,868,0,0,11,0,3,3,3,3,30,2,7,7,4,1,1,1,0,0,0,0,0,0,1,3,0,0,0,8,6,4,2,1,1,2,0,0,1,1,1,2,1,0,0,2024-01-10 03:29:49,0
904,900,1249,885,18,15,15,6,1,2,1,1,30,3,10,10,5,7,7,7,3,3,3,3,3,3,0,0,1,0,0,0,0,4,2,0,4,0,0,0,0,0,0,0,0,2,0,2024-01-10 03:31:49,0
948,944,853,844,0,0,2,0,1,0,1,1,45,1,2,2,0,4,4,4,0,0,0,0,0,0,0,0,0,0,0,9,6,4,2,0,4,2,0,0,1,1,1,2,1,0,1,2024-01-10 03:33:49,0
926,924,1190,833,6,5,15,5,1,1,1,1,15,1,13,13,2,6,6,6,1,1,4,1,1,1,0,2,0,0,0,0,0,4,2,0,2,0,0,0,0,0,0,0,0,0,1,2024-01-10 03:35:49,0
927,922,847,835,6,5,13,2,2,3,2,2,45,2,9,9,4,5,5,5,1,1,1,1,1,1,0,1,1,1,0,7,6,4,2,0,4,2,0,0,1,1,1,2,1,0,2,2024-01-10 03:37:49,1
946,940,873,854,12,10,18,6,4,4,4,4,30,5,12,12,6,8,8,8,2,2,4,2,2,2,1,2,0,0,0,9,6,4,2,0,4,2,1,0,1,1,1,2,1,1,0,2024-01-10 03:39:49,0
926,920,1180,826,6,5,15,2,4,4,4,4,30,4,10,10,5,4,4,4,1,1,1,1,1,1,2,4,0,2,0,0,0,4,2,0,3,0,0,0,0,0,0,0,0,0,0,2024-01-10 03:41:49,0
953,949,911,892,18,15,15,6,7,4,5,5,45,7,8,8,7,3,3,3,3,3,3,3,3,3,0,2,1,0,2,8,6,4,2,0,0,2,0,0,1,1,1,2,1,2,1,2024-01-10 03:43:49,0
922,921,1231,872,12,10,15,4,2,4,2,2,15,2,9,9,6,2,2,2,2,2,2,2,2,2,0,1,2,1,0,0,0,4,2,0,0,0,0,0,0,0,0,0,0,0,1,2024-01-10 03:45:49,1
939,933,869,840,12,10,27,4,14,14,14,14,45,15,11,11,16,2,2,2,2,2,2,2,2,2,1,2,0,6,0,9,6,4,2,0,0,2,0,0,1,1,1,2,1,1,2,2024-01-10 03:47:49,2
936,933,923,886,6,5,24,3,4,4,5,5,30,5,18,18,6,2,2,2,1,1,2,1,1,1,1,4,0,2,0,5,6,4,2,0,0,2,0,0,1,1,1,2,1,0,0,2024-01-10 03:49:49,4
914,913,1335,969,6,5,9,2,0,0,0,0,30,1,8,8,1,2,2,2,1,1,1,1,1,1,0,1,0,0,0,0,0,4,2,0,1,0,0,0,0,0,0,0,0,1,0,2024-01-10 03:51:49,0
945,943,981,969,12,10,11,4,3,4,3,3,45,4,5,5,6,2,2,2,2,2,2,2,2,2,1,0,2,2,0,8,6,4,2,0,0,2,0,0,1,1,1,2,1,1,1,2024-01-10 03:53:49,1
922,920,1007,654,6,5,9,2,2,1,2,2,15,3,7,7,2,1,1,1,1,1,1,1,1,1,0,2,0,1,0,0,0,4,2,0,0,0,0,0,0,0,0,0,0,1,1,2024-01-10 03:55:49,0
921,918,26,0,0,0,17,0,5,5,5,5,45,4,11,11,6,0,0,0,0,0,0,0,0,0,3,1,2,2,0,8,6,4,2,1,0,2,0,0,1,1,1,2,1,0,2,2024-01-10 03:57:49,0
934,933,10,0,0,0,8,0,2,0,2,2,15,1,7,7,1,0,0,0,0,0,0,0,0,0,1,0,0,0,0,0,0,4,2,1,0,0,0,0,0,0,0,0,0,0,0,2024-01-10 03:59:49,0
927,921,358,0,12,10,12,4,5,5,5,5,45,6,5,5,7,7,7,7,2,2,2,2,2,2,1,2,0,0,0,8,6,4,2,0,5,2,0,0,1,1,1,2,1,1,0,2024-01-10 04:01:49,0
953,946,8,0,12,10,15,5,4,2,3,3,45,2,10,10,5,7,7,7,2,2,3,2,2,2,0,6,1,1,1,8,6,4,2,1,4,2,0,0,1,1,1,2,1,0,1,2024-01-10 04:03:49,0
927,927,352,0,6,5,13,2,1,2,1,1,15,2,10,10,3,1,1,1,1,1,1,1,1,1,1,5,1,0,0,0,0,4,2,0,0,0,0,0,0,0,0,0,0,1,1,2024-01-10 04:05:49,0
930,929,878,869,6,5,10,2,2,1,2,2,45,3,8,8,2,1,1,1,1,1,1,1,1,1,0,2,0,0,0,8,6,4,2,0,0,2,0,0,1,1,1,2,1,1,2,2024-01-10 04:07:49,0
937,934,874,863,6,5,11,2,2,1,1,1,15,1,9,9,2,2,2,2,1,1,1,1,1,1,0,1,1,0,1,0,0,4,2,0,1,0,0,0,0,0,0,0,0,0,0,2024-01-10 04:09:49,1
909,909,1217,872,0,0,4,0,0,0,0,0,45,0,4,4,0,0,0,0,0,0,0,0,0,0,0,2,0,0,0,3,6,4,2,0,0,2,0,0,1,1,1,2,1,0,0,2024-01-10 04:11:49,0
941,941,859,845,11,9,14,3,1,4,1,1,45,2,8,8,6,1,1,1,2,2,1,2,2,2,0,1,0,0,0,7,6,4,2,0,0,2,0,0,1,1,1,2,1,1,1,2024-01-10 04:13:49,0
926,922,1195,848,3,3,4,1,4,2,4,4,15,4,2,2,2,3,3,3,0,0,1,0,0,0,0,0,0,1,0,0,0,4,2,0,2,0,0,0,0,0,0,0,0,0,1,2024-01-10 04:15:49,0
929,929,844,829,27,22,12,9,1,2,1,1,45,3,5,5,7,4,4,4,5,5,4,5,5,5,0,0,2,0,0,9,6,4,2,0,0,2,0,0,1,1,1,2,1,2,2,2024-01-10 04:17:49,1
944,942,867,854,7,6,15,3,4,2,4,4,15,5,12,12,3,3,3,3,1,1,2,1,1,1,0,3,0,1,1,0,0,4,2,0,1,0,0,0,0,0,0,0,0,1,0,2024-01-10 04:19:49,1
918,915,1195,841,0,0,14,0,6,8,6,6,45,6,6,6,8,0,0,0,0,0,0,0,0,0,0,2,0,1,0,9,6,4,2,0,0,2,1,0,1,1,1,2,1,0,0,2024-01-10 04:21:49,0
940,939,913,900,0,0,10,0,1,1,1,1,45,1,9,9,1,0,0,0,0,0,0,0,0,0,0,0,0,1,0,8,6,4,2,0,0,2,0,0,1,1,1,2,1,0,1,2024-01-10 04:23:49,0
928,928,1226,876,6,5,10,2,0,0,0,0,15,1,9,9,1,1,1,1,1,1,1,1,1,1,0,3,0,0,0,0,0,4,2,0,0,0,0,0,0,0,0,0,0,1,1,2024-01-10 04:25:49,0
932,931,859,836,12,10,17,5,3,3,3,3,45,4,12,12,5,3,3,3,2,2,3,2,2,2,0,0,0,1,0,9,6,4,2,0,0,2,0,0,1,1,1,2,1,1,2,2024-01-10 04:27:49,0
928,927,912,902,0,0,15,0,3,4,3,3,15,3,11,11,4,1,1,1,0,0,0,0,0,0,0,7,0,0,0,0,0,4,2,0,1,0,0,0,0,0,0,0,0,0,0,2024-01-10 04:29:49,0
932,925,1339,971,6,5,22,2,6,6,6,6,45,7,15,15,7,5,5,5,1,1,1,1,1,1,1,5,0,3,0,8,6,4,2,0,4,2,0,0,1,1,1,2,1,1,0,2024-01-10 04:31:49,0
953,948,964,951,12,10,13,4,5,4,6,6,45,3,6,6,7,4,4,4,2,2,2,2,2,2,0,3,2,0,0,8,6,4,2,1,2,2,0,1,1,1,1,2,1,0,1,2024-01-10 04:33:49,2
918,918,986,625,0,0,14,0,1,1,1,1,15,1,13,13,1,0,0,0,0,0,0,0,0,0,0,2,0,0,0,0,0,4,2,0,0,0,0,0,0,0,0,0,0,0,1,2024-01-10 04:35:49,0
933,931,16,0,12,10,15,4,3,4,3,3,45,4,9,9,6,3,3,3,2,2,2,2,2,2,0,1,0,1,0,8,6,4,2,0,1,2,0,0,1,1,1,2,1,1,2,2024-01-10 04:37:49,0
930,930,14,0,6,5,14,2,1,1,1,1,15,2,12,12,2,1,1,1,1,1,1,1,1,1,0,2,0,0,0,0,0,4,2,0,0,0,0,0,0,0,0,0,0,1,0,2024-01-10 04:39:49,0
921,920,354,0,12,10,15,4,1,2,1,1,45,2,11,11,4,2,2,2,2,2,2,2,2,2,0,5,1,1,0,8,6,4,2,0,0,2,0,0,1,1,1,2,1,1,0,2024-01-10 04:41:49,1
942,940,17,0,6,5,16,2,7,7,7,7,30,7,8,8,8,1,1,1,1,1,1,1,1,1,0,2,0,1,0,0,0,4,2,0,0,0,0,0,0,0,0,0,0,0,1,2024-01-10 04:43:49,0
925,921,360,0,0,0,13,0,5,5,5,5,30,5,8,8,5,0,0,0,0,0,0,0,0,0,2,0,0,2,0,7,6,4,2,0,0,2,1,0,1,1,1,2,1,0,1,2024-01-10 04:45:49,0
920,918,874,858,6,5,13,2,3,3,3,3,45,4,9,9,4,1,1,1,1,1,1,1,1,1,0,0,0,1,0,8,6,4,2,0,0,2,1,0,1,1,1,2,1,1,2,2024-01-10 04:47:49,0
959,958,916,883,24,20,20,8,0,2,0,0,15,2,14,14,6,5,5,5,4,4,4,4,4,4,0,0,2,0,0,0,0,4,2,0,1,0,0,0,0,0,0,0,0,2,0,2024-01-10 04:49:49,1
898,897,1244,878,0,0,12,0,3,2,3,3,45,2,9,9,3,0,0,0,0,0,0,0,0,0,1,2,0,1,1,7,6,4,2,1,0,2,0,0,1,1,1,2,1,0,0,2024-01-10 04:51:49,1
940,938,854,847,6,5,7,2,2,0,1,1,30,2,6,6,1,1,1,1,1,1,1,1,1,1,0,1,0,0,1,0,0,4,2,0,0,0,0,0,0,0,0,0,0,1,1,2024-01-10 04:53:49,0
925,923,1187,836,0,0,9,0,2,2,2,2,30,2,7,7,2,0,0,0,0,0,0,0,0,0,0,2,0,1,0,8,6,4,2,0,0,2,1,0,1,1,1,2,1,0,1,2024-01-10 04:55:49,0
920,919,858,834,0,0,13,0,2,3,2,2,45,2,10,10,3,0,0,0,0,0,0,0,0,0,1,0,0,1,0,8,6,4,2,0,0,2,0,0,1,1,1,2,1,0,2,2024-01-10 04:57:49,0
972,949,877,860,12,10,16,4,8,6,8,8,15,8,7,7,9,18,18,19,2,2,2,2,2,2,2,0,1,3,0,0,0,4,2,1,17,0,1,0,0,0,0,0,0,1,0,2024-01-10 04:59:49,6
916,911,1150,796,12,10,7,4,2,1,2,2,45,3,4,4,3,7,7,6,2,2,2,2,2,2,0,1,0,1,0,8,6,4,2,0,4,2,0,0,1,1,1,2,1,1,0,2024-01-10 05:01:49,0
935,934,795,788,6,5,9,2,1,1,1,1,30,2,7,7,2,1,1,1,1,1,1,1,1,1,0,3,1,0,0,0,0,4,2,0,0,0,0,0,0,0,0,0,0,1,1,2024-01-10 05:03:49,0
935,931,1235,882,12,10,16,4,5,4,4,4,30,3,9,9,7,2,2,2,2,2,2,2,2,2,0,4,2,2,1,7,6,4,2,1,0,2,0,0,1,1,1,2,1,0,1,2024-01-10 05:05:49,1
921,921,839,832,0,0,9,0,1,1,1,1,45,1,8,8,1,0,0,0,0,0,0,0,0,0,0,2,0,0,0,7,6,4,2,0,0,2,0,0,1,1,1,2,1,0,2,2024-01-10 05:07:49,0
931,928,897,884,0,0,14,0,4,4,4,4,15,4,10,10,4,1,1,1,0,0,0,0,0,0,1,2,1,1,0,0,0,4,2,0,1,0,0,0,0,0,0,0,0,0,0,2024-01-10 05:09:49,0
932,930,1329,977,12,10,11,6,3,4,3,3,45,3,5,5,6,4,4,4,2,2,4,2,2,2,0,3,0,0,0,8,6,4,2,0,0,2,0,0,1,1,1,2,1,1,0,2024-01-10 05:11:49,0
950,948,970,955,18,15,15,6,5,3,5,5,30,6,9,9,6,3,3,3,3,3,3,3,3,3,0,2,1,0,0,0,0,4,1,0,0,0,0,0,0,0,0,0,0,1,1,2024-01-10 05:13:49,2
921,921,1126,772,6,5,4,2,0,0,0,0,30,1,3,3,1,1,1,1,1,1,1,1,1,1,0,0,0,0,0,8,6,4,2,0,0,2,0,0,1,1,1,2,1,1,1,2024-01-10 05:15:49,0
919,919,5,0,0,0,11,0,0,0,0,0,30,0,11,11,0,0,0,0,0,0,0,0,0,0,0,6,0,0,0,0,0,4,2,0,0,0,0,0,0,0,0,0,0,0,2,2024-01-10 05:17:49,0
954,950,15,0,0,0,19,0,8,6,7,7,30,7,13,13,6,1,1,1,0,0,0,0,0,0,0,4,0,1,1,8,6,4,2,0,1,2,0,0,1,1,1,2,1,0,0,2024-01-10 05:19:49,0
914,914,352,0,18,15,10,6,0,1,0,0,45,2,6,6,4,3,3,3,3,3,3,3,3,3,0,2,1,0,0,8,6,4,2,0,0,2,0,0,1,1,1,2,1,2,0,2024-01-10 05:21:49,0
938,938,9,0,0,0,11,0,0,0,0,0,30,0,11,11,0,0,0,0,0,0,0,0,0,0,0,2,0,0,0,0,0,4,2,0,0,0,0,0,0,0,0,0,0,0,1,2024-01-10 05:23:49,0
924,923,352,0,6,5,10,2,2,2,2,2,30,3,7,7,3,1,1,1,1,1,1,1,1,1,0,1,0,1,0,8,6,4,2,0,0,2,0,0,1,1,1,2,1,1,1,2024-01-10 05:25:49,0
935,932,879,861,12,10,15,4,3,1,3,3,30,4,12,12,3,2,2,2,2,2,2,2,2,2,0,0,0,2,0,0,0,4,2,0,0,0,0,0,0,0,0,0,0,1,2,2024-01-10 05:27:49,0
925,923,879,866,6,5,11,2,4,3,3,3,30,3,7,7,4,1,1,1,1,1,1,1,1,1,0,3,1,0,1,9,6,4,2,0,0,2,0,0,1,1,1,2,1,0,0,2024-01-10 05:29:49,1
919,913,1228,868,0,0,14,0,3,3,3,3,45,3,11,11,3,5,5,5,0,0,0,0,0,0,0,1,1,0,0,5,6,4,2,0,5,2,0,0,1,1,1,2,1,0,0,2024-01-10 05:31:49,0
948,948,855,847,6,5,4,2,0,0,0,0,30,1,3,3,1,1,1,1,1,1,1,1,1,1,0,1,0,0,0,0,0,4,2,0,0,0,0,0,0,0,0,0,0,1,1,2024-01-10 05:33:49,0
922,921,1201,843,6,5,16,2,2,2,2,2,30,3,13,13,3,1,1,1,1,1,1,1,1,1,0,2,0,0,0,9,6,4,2,0,0,2,1,0,1,1,1,2,1,1,1,2024-01-10 05:35:49,0
937,933,843,828,12,10,17,4,5,5,5,5,30,4,9,9,8,2,2,2,2,2,2,2,2,2,1,1,2,1,1,0,0,4,2,1,0,0,0,0,0,0,0,0,0,0,2,2024-01-10 05:37:49,4
934,932,877,862,6,5,15,2,3,2,3,3,30,4,12,12,3,2,2,2,1,1,1,1,1,1,0,2,0,0,0,9,6,4,2,0,1,2,1,0,1,1,1,2,1,1,0,2024-01-10 05:39:49,0
908,906,1189,837,0,0,12,0,3,2,3,3,45,3,10,10,2,0,0,0,0,0,0,0,0,0,0,4,0,2,0,8,6,4,2,0,0,2,0,0,1,1,1,2,1,0,0,2024-01-10 05:41:49,0
956,956,924,911,0,0,11,0,1,1,1,1,30,1,10,10,1,0,0,0,0,0,0,0,0,0,0,4,0,0,0,0,0,4,2,0,0,0,0,0,0,0,0,0,0,0,1,2024-01-10 05:43:49,0
916,916,1211,856,12,10,12,4,0,1,0,0,30,1,9,9,3,2,2,2,2,2,2,2,2,2,0,1,1,0,0,8,6,4,2,0,0,2,0,0,1,1,1,2,1,1,1,2024-01-10 05:45:49,1
910,908,836,817,12,10,13,4,3,2,3,3,30,3,9,9,4,2,2,2,2,2,2,2,2,2,2,0,0,2,0,0,0,4,2,0,0,0,0,0,0,0,0,0,0,1,2,2024-01-10 05:47:49,2
961,955,936,903,6,5,21,4,6,6,6,6,30,6,14,14,7,4,4,4,1,1,3,1,1,1,0,0,0,2,0,3,6,4,2,0,1,2,1,0,1,1,1,2,1,0,0,2024-01-10 05:49:49,0
923,922,1326,956,12,10,12,4,3,2,3,3,45,5,8,8,4,2,2,2,2,2,2,2,2,2,0,1,0,1,0,8,6,4,2,0,0,2,0,0,1,1,1,2,1,2,0,2024-01-10 05:51:49,0
940,940,973,965,6,5,9,2,1,2,1,1,30,1,6,6,3,1,1,1,1,1,1,1,1,1,0,1,1,0,0,0,0,4,2,0,0,0,0,0,0,0,0,0,0,0,1,2024-01-10 05:53:49,0
899,896,1018,662,6,5,15,2,7,5,6,6,30,6,9,9,6,1,1,1,1,1,1,1,1,1,0,4,0,1,1,8,6,4,2,0,0,2,0,0,1,1,1,2,1,0,1,2024-01-10 05:55:49,0
928,927,26,0,6,5,14,2,3,3,3,3,30,4,10,10,4,1,1,1,1,1,1,1,1,1,0,0,0,1,0,0,0,4,2,0,0,0,0,0,0,0,0,0,0,1,2,2024-01-10 05:57:49,0
945,943,15,0,6,5,12,2,1,3,2,2,30,3,8,8,4,2,2,2,1,1,1,1,1,1,2,1,1,0,0,2,6,4,2,0,1,2,0,0,1,1,1,2,1,1,0,2024-01-10 05:59:49,3
933,928,365,0,18,15,22,12,2,2,2,2,30,2,17,17,5,13,13,13,3,3,9,3,3,3,0,3,1,0,0,0,0,4,2,0,4,0,0,0,0,0,0,0,0,0,0,2024-01-10 06:01:49,1
951,949,37,0,6,5,41,2,0,0,0,0,45,1,40,40,1,3,3,3,1,1,1,1,1,1,0,5,0,0,0,8,6,4,2,0,2,2,0,0,1,1,1,2,1,1,1,2024-01-10 06:03:49,0
915,913,356,0,0,0,19,0,5,7,5,5,30,5,12,12,7,0,0,0,0,0,0,0,0,0,3,5,1,2,0,8,6,4,2,0,0,2,0,0,1,1,1,2,1,0,1,2024-01-10 06:05:49,0
928,925,863,851,0,0,13,0,5,5,5,5,30,5,8,8,5,0,0,0,0,0,0,0,0,0,0,2,0,3,0,0,0,4,2,0,0,0,0,0,0,0,0,0,0,0,2,2024-01-10 06:07:49,0
983,972,905,857,76,63,42,27,16,15,16,16,30,14,10,10,32,15,15,15,13,13,14,13,13,13,2,2,2,5,1,7,6,4,2,3,1,2,0,0,1,1,1,2,1,1,0,2024-01-10 06:09:49,6
918,917,1250,901,8,7,4,3,1,0,1,1,30,2,3,3,1,2,2,2,1,1,2,1,1,1,0,1,0,0,0,0,0,4,2,0,0,0,1,0,0,0,0,0,0,1,0,2024-01-10 06:11:49,1
935,933,860,848,6,5,11,2,2,0,1,1,45,2,10,10,1,1,1,1,1,1,1,1,1,1,0,3,0,0,1,8,6,4,2,0,0,2,0,0,1,1,1,2,1,1,1,2024-01-10 06:13:49,0
923,918,1194,845,0,0,8,0,4,2,4,4,30,3,4,4,4,0,0,0,0,0,0,0,0,0,2,2,1,1,1,8,6,4,2,1,0,2,1,0,1,1,1,2,1,0,1,2024-01-10 06:15:49,4
927,925,851,844,0,0,7,0,1,2,1,1,30,1,5,5,2,1,1,1,0,0,0,0,0,0,2,0,1,0,0,0,0,4,2,0,1,0,0,0,0,0,0,0,0,0,2,2024-01-10 06:17:49,0
947,942,871,856,0,0,18,0,6,6,7,7,30,6,10,10,8,0,0,0,0,0,0,0,0,0,2,1,0,3,0,8,6,4,2,1,0,2,1,0,1,1,1,2,1,0,0,2024-01-10 06:19:49,4
902,901,1182,834,6,5,6,2,1,0,1,1,30,2,5,5,1,1,1,1,1,1,1,1,1,1,0,1,0,0,0,0,0,4,2,0,0,0,1,0,0,0,0,0,0,1,0,2024-01-10 06:21:49,0
946,943,912,894,12,10,18,4,6,5,6,6,45,6,9,9,9,2,2,2,2,2,2,2,2,2,0,0,0,2,1,7,6,4,2,2,0,2,0,0,1,1,1,2,1,2,1,2024-01-10 06:23:49,1
944,938,1210,855,18,15,28,6,4,3,6,6,30,5,17,17,11,3,3,3,3,3,3,3,3,3,5,11,3,0,0,9,6,4,2,2,0,2,3,0,1,1,1,2,1,1,1,2024-01-10 06:25:49,10
931,929,863,848,0,0,14,0,3,2,2,2,30,2,12,12,2,0,0,0,0,0,0,0,0,0,0,0,1,0,1,0,0,4,2,0,0,0,0,0,0,0,0,0,0,0,2,2024-01-10 06:27:49,0
944,941,906,888,6,5,13,2,5,4,5,5,30,5,8,8,5,2,2,2,1,1,1,1,1,1,1,4,0,1,0,8,6,4,2,0,1,2,0,0,1,1,1,2,1,0,0,2024-01-10 06:29:49,0
914,907,1332,968,6,5,19,2,6,6,6,6,30,6,12,12,7,5,5,5,1,1,1,1,1,1,2,2,2,1,0,0,0,4,2,0,4,0,0,0,0,0,0,0,0,0,0,2024-01-10 06:31:49,0
954,950,972,957,12,10,10,4,7,6,7,7,45,8,2,2,8,2,2,2,2,2,2,2,2,2,3,0,0,2,0,9,6,4,2,0,0,2,2,0,1,1,1,2,1,1,1,2024-01-10 06:33:49,0
930,928,1006,636,24,20,21,10,2,3,2,2,15,4,14,14,7,6,6,6,4,4,6,4,4,4,1,3,2,1,0,0,0,4,2,0,0,0,0,0,0,0,0,0,0,2,1,2024-01-10 06:35:49,1
927,927,8,0,0,0,9,0,0,0,0,0,45,0,9,9,0,0,0,0,0,0,0,0,0,0,0,1,0,0,0,7,6,4,2,0,0,2,0,0,1,1,1,2,1,0,2,2024-01-10 06:37:49,0
945,941,16,0,0,0,18,0,6,5,6,6,30,5,13,13,5,0,0,0,0,0,0,0,0,0,0,3,0,2,0,6,6,4,2,0,0,2,0,0,1,1,1,2,1,0,0,2024-01-10 06:39:49,0
909,907,355,0,12,10,15,4,2,4,2,2,30,2,9,9,6,3,3,3,2,2,2,2,2,2,1,3,2,0,0,0,0,4,2,0,1,0,0,0,0,0,0,0,0,0,0,2024-01-10 06:41:49,1
948,947,20,0,12,10,14,4,4,4,4,4,45,5,8,8,6,2,2,2,2,2,2,2,2,2,0,2,0,0,0,3,6,4,2,0,0,2,1,0,1,1,1,2,1,1,1,2024-01-10 06:43:49,0
925,922,363,0,6,5,22,2,10,10,10,10,15,11,11,11,11,1,1,1,1,1,1,1,1,1,0,3,0,3,0,0,0,4,2,0,0,0,0,0,0,0,0,0,0,1,1,2024-01-10 06:45:49,0
929,929,875,857,6,5,12,2,3,2,3,3,45,4,9,9,3,1,1,1,1,1,1,1,1,1,0,0,0,0,0,7,6,4,2,0,0,2,0,0,1,1,1,2,1,1,2,2024-01-10 06:47:49,0
927,925,898,871,0,0,17,0,3,2,3,3,30,3,15,15,2,0,0,0,0,0,0,0,0,0,0,1,0,2,0,7,6,4,2,0,0,2,0,0,1,1,1,2,1,0,0,2024-01-10 06:49:49,3
916,914,1253,884,0,0,13,0,8,5,8,8,30,8,8,8,5,1,1,1,0,0,0,0,0,0,0,1,0,1,0,0,0,4,2,0,1,0,0,0,0,0,0,0,0,0,0,2024-01-10 06:51:49,0
939,939,850,844,0,0,6,0,1,1,1,1,45,1,5,5,1,0,0,0,0,0,0,0,0,0,0,0,0,0,0,7,6,4,2,0,0,2,0,0,1,1,1,2,1,0,1,2024-01-10 06:53:49,0
926,924,1176,821,12,10,12,4,4,2,3,3,15,5,8,8,4,2,2,2,2,2,2,2,2,2,1,3,0,0,1,0,0,4,2,0,0,0,0,0,0,0,0,0,0,2,1,2024-01-10 06:55:49,0
929,929,851,822,18,15,17,6,2,4,2,2,45,3,10,10,7,3,3,3,3,3,3,3,3,3,0,0,2,0,0,9,6,4,2,0,0,2,0,0,1,1,1,2,1,1,2,2024-01-10 06:57:49,1
933,933,876,859,6,5,17,2,6,8,6,6,30,7,8,8,9,1,1,1,1,1,1,1,1,1,1,1,1,0,0,6,6,4,2,0,0,2,0,0,1,1,1,2,1,1,0,2024-01-10 06:59:49,0
944,914,1190,840,0,0,6,0,33,1,24,24,30,22,5,5,1,5,5,5,0,0,0,0,0,0,0,2,0,0,10,0,0,4,2,0,5,0,0,0,0,0,0,0,0,0,0,2024-01-10 07:01:49,1
978,945,887,881,0,0,9,0,34,2,22,22,45,18,7,7,2,0,0,0,0,0,0,0,0,0,1,3,1,0,13,4,6,4,1,0,0,2,0,0,1,1,1,2,1,0,1,2024-01-10 07:03:49,1
926,925,1219,862,5,4,17,2,4,6,4,4,15,4,10,10,7,1,1,1,1,1,1,1,1,1,0,5,1,1,0,0,0,4,2,0,0,0,0,0,0,0,0,0,0,0,1,2024-01-10 07:05:49,1
934,928,833,818,7,6,16,2,8,7,7,7,45,8,8,8,8,1,1,1,1,1,1,1,1,1,2,2,2,2,1,8,6,4,2,0,0,2,0,0,1,1,1,2,1,1,2,2024-01-10 07:07:49,0
944,940,900,880,18,15,18,6,5,5,5,5,15,7,10,10,8,3,3,3,3,3,3,3,3,3,2,2,0,2,0,0,0,4,2,0,0,0,1,0,0,0,0,0,0,2,0,2024-01-10 07:09:49,0
920,915,1309,959,0,0,9,0,6,5,6,6,45,6,4,4,5,3,3,3,0,0,0,0,0,0,2,2,0,1,0,3,6,4,2,0,3,2,0,0,1,1,1,2,1,0,0,2024-01-10 07:11:49,0
957,949,1006,980,12,10,27,6,14,17,14,14,45,14,8,8,19,6,6,6,2,2,4,2,2,2,1,2,1,5,0,9,6,4,2,0,2,2,0,1,1,1,1,2,1,0,1,2024-01-10 07:13:49,0
916,910,1057,704,0,0,13,0,7,6,7,7,15,7,7,7,6,2,2,2,0,0,0,0,0,0,4,2,1,2,0,0,0,4,2,0,2,0,0,1,0,0,0,0,0,0,1,2024-01-10 07:15:49,0
925,920,16,0,6,5,15,3,8,8,8,8,45,8,6,6,9,5,5,5,1,1,2,1,1,1,3,1,0,1,0,8,6,4,2,0,3,2,0,0,1,1,1,2,1,0,2,2024-01-10 07:17:49,0
952,947,27,0,18,15,27,6,14,13,14,14,15,15,10,10,17,3,3,3,3,3,3,3,3,3,6,1,0,3,0,0,0,4,2,1,0,0,0,0,0,0,0,0,0,2,0,2024-01-10 07:19:49,2
931,920,359,0,12,10,22,11,15,9,15,15,45,10,6,6,16,11,11,11,2,2,9,2,2,2,1,2,0,5,3,9,6,4,2,5,2,2,0,0,1,1,1,2,1,0,0,2024-01-10 07:21:49,9
961,952,24,0,12,10,23,4,12,11,11,11,45,11,10,10,13,6,6,6,2,2,2,2,2,2,1,1,2,2,1,3,6,4,2,0,4,2,0,0,1,1,1,2,1,0,1,2024-01-10 07:23:49,1
916,916,349,0,0,0,10,0,1,1,1,1,15,1,9,9,1,0,0,0,0,0,0,0,0,0,1,3,0,0,0,0,0,4,2,0,0,0,0,0,0,0,0,0,0,0,1,2024-01-10 07:25:49,0
928,924,882,863,12,10,16,4,2,2,2,2,45,4,12,12,4,5,5,5,2,2,2,2,2,2,1,0,0,1,0,9,6,4,2,0,3,2,0,0,1,1,1,2,1,2,2,2024-01-10 07:27:49,0
955,947,890,867,16,13,22,5,9,10,9,9,15,10,9,9,13,4,4,4,3,3,2,3,3,3,1,5,3,3,1,0,0,4,2,0,2,0,2,0,0,0,0,0,0,1,0,2024-01-10 07:29:49,2
927,920,1245,881,8,7,19,3,7,5,8,8,45,7,13,13,6,4,4,4,1,1,2,1,1,1,3,3,0,1,0,9,6,4,2,0,2,2,0,0,1,1,1,2,1,1,0,2024-01-10 07:31:49,1
952,943,889,876,6,5,8,2,6,5,6,6,45,7,2,2,6,5,5,5,1,1,1,1,1,1,2,0,1,4,0,5,6,4,2,0,4,2,0,0,1,1,1,2,1,1,1,2024-01-10 07:33:49,3
922,922,1178,820,6,5,16,5,2,2,2,2,15,2,13,13,3,4,4,4,1,1,4,1,1,1,0,2,0,0,0,0,0,4,2,0,0,0,0,0,0,0,0,0,0,0,1,2024-01-10 07:35:49,0
920,914,836,823,0,0,15,0,5,5,5,5,45,5,10,10,5,4,4,4,0,0,0,0,0,0,2,2,1,0,0,8,6,4,2,0,4,2,0,0,1,1,1,2,1,0,2,2024-01-10 07:37:49,0
943,938,868,853,0,0,17,0,5,4,5,5,15,5,13,13,4,3,3,3,0,0,0,0,0,0,1,3,0,1,0,0,0,4,2,0,3,0,1,0,0,0,0,0,0,0,0,2024-01-10 07:39:49,0
923,921,1199,839,12,10,18,6,6,6,6,6,45,7,10,10,8,4,4,4,2,2,4,2,2,2,2,4,0,0,0,7,6,4,2,0,0,2,0,0,1,1,1,2,1,1,0,2024-01-10 07:41:49,2
958,950,928,904,18,15,20,6,8,9,8,8,45,10,8,8,12,7,7,7,3,3,3,3,3,3,2,2,2,3,0,2,6,4,2,0,4,2,0,0,1,1,1,2,1,2,1,2024-01-10 07:43:49,0
912,909,1214,857,2,1,14,1,2,3,2,2,15,2,11,11,4,2,2,2,1,1,0,1,1,1,1,3,0,0,0,0,0,4,2,0,2,0,1,0,0,0,0,0,0,0,1,2024-01-10 07:45:49,1
923,911,848,815,10,9,32,3,21,20,20,20,45,20,10,10,21,2,2,2,1,1,2,1,1,1,2,1,3,5,1,8,6,4,2,0,0,2,3,0,1,1,1,2,1,0,2,2024-01-10 07:47:49,2
969,959,909,873,0,0,27,0,11,10,10,10,15,10,17,17,10,3,3,3,0,0,0,0,0,0,1,2,0,4,1,0,0,4,2,0,3,0,1,0,0,0,0,0,0,0,0,2024-01-10 07:49:49,0
920,913,1351,974,6,5,17,3,10,8,11,11,45,9,8,8,9,2,2,2,1,1,2,1,1,1,3,1,1,1,0,7,6,4,2,0,0,2,0,0,1,1,1,2,1,0,0,2024-01-10 07:51:49,1
956,952,1002,970,24,20,24,8,12,15,12,12,30,14,5,5,19,4,4,4,4,4,4,4,4,4,6,0,1,3,0,0,0,4,2,0,0,0,0,0,0,0,0,0,0,2,1,2024-01-10 07:53:49,1
901,897,1024,667,6,5,15,2,10,6,9,9,30,10,8,8,7,1,1,1,1,1,1,1,1,1,2,3,0,0,1,7,6,4,2,0,0,2,1,0,1,1,1,2,1,1,1,2024-01-10 07:55:49,0
938,936,29,0,0,0,18,0,8,8,8,8,45,8,10,10,8,0,0,0,0,0,0,0,0,0,1,0,0,1,0,8,6,4,2,0,0,2,1,0,1,1,1,2,1,0,2,2024-01-10 07:57:49,0
949,941,27,0,12,10,25,4,13,13,13,13,15,13,9,9,16,3,3,3,2,2,2,2,2,2,0,1,0,4,1,0,0,4,2,1,1,0,3,0,0,0,0,0,0,1,0,2024-01-10 07:59:49,1
1249,1195,850,4,610,508,405,275,57,243,56,56,45,56,60,60,345,175,175,175,102,102,173,102,102,102,237,6,2,47,1,8,6,4,2,0,2,2,0,0,1,1,1,2,1,0,0,2024-01-10 08:01:49,55
938,932,8,0,2,2,13,1,6,3,6,6,30,6,10,10,3,3,3,3,0,0,1,0,0,0,0,6,0,4,0,0,0,4,2,0,2,0,0,0,0,0,0,0,0,0,1,2024-01-10 08:03:49,1
966,946,365,0,24,20,41,10,25,12,27,27,30,24,18,18,23,6,6,6,4,4,6,4,4,4,10,13,2,7,1,9,6,4,2,4,0,2,4,0,1,1,1,2,1,1,1,2024-01-10 08:05:49,12
937,930,870,854,6,5,16,2,8,7,8,8,45,9,8,8,8,3,3,3,1,1,1,1,1,1,3,2,0,2,0,9,6,4,2,0,2,2,2,0,1,1,1,2,1,1,2,2024-01-10 08:07:49,0
960,949,880,852,12,10,35,4,21,18,21,21,15,21,15,15,20,3,3,3,2,2,2,2,2,2,6,7,2,7,0,0,0,4,2,0,1,0,1,0,0,0,0,0,0,0,0,2024-01-10 08:09:49,1
909,904,1250,893,12,10,21,4,121,7,120,120,45,119,12,12,9,2,2,2,2,2,2,2,2,2,1,7,1,1,1,6,6,4,2,0,0,2,0,0,1,1,1,2,1,0,0,2024-01-10 08:11:49,0
951,949,842,831,0,0,15,0,4,4,4,4,30,4,11,11,4,0,0,0,0,0,0,0,0,0,3,4,0,0,0,0,0,4,2,0,0,0,0,0,0,0,0,0,0,0,1,2024-01-10 08:13:49,0
939,930,1191,828,24,20,25,9,15,11,16,16,30,13,10,10,15,5,5,5,4,4,5,4,4,4,4,5,2,2,0,3,6,4,2,0,0,2,0,0,1,1,1,2,1,0,1,2024-01-10 08:15:49,1
950,943,863,839,36,30,25,12,9,8,8,8,45,8,10,10,15,6,6,6,6,6,6,6,6,6,2,5,2,3,1,8,6,4,2,1,0,2,1,0,1,1,1,2,1,1,2,2024-01-10 08:17:49,4
953,946,893,867,12,10,29,5,13,12,12,12,15,13,15,15,14,3,3,3,2,2,3,2,2,2,5,4,1,3,1,0,0,4,2,0,0,0,0,0,0,0,0,0,0,1,0,2024-01-10 08:19:49,0
916,903,1220,836,12,10,42,4,23,17,20,20,45,19,23,23,19,3,3,3,2,2,2,2,2,2,2,0,0,8,2,8,6,4,2,0,1,2,0,0,1,1,1,2,1,0,0,2024-01-10 08:21:49,0
972,948,896,874,6,5,25,2,30,12,31,31,30,31,12,12,13,1,1,1,1,1,1,1,1,1,2,3,0,21,0,0,0,4,2,0,0,0,1,0,0,0,0,0,0,0,1,2024-01-10 08:23:49,9
928,920,1235,868,0,0,28,0,14,12,13,13,30,13,16,16,12,0,0,0,0,0,0,0,0,0,1,3,0,4,1,7,6,4,2,0,0,2,0,0,1,1,1,2,1,0,1,2024-01-10 08:25:49,0
931,922,881,856,18,15,25,7,11,7,10,10,30,8,14,14,11,5,5,5,3,3,4,3,3,3,0,1,2,3,1,0,0,4,2,1,1,0,0,0,0,0,0,0,0,0,2,2024-01-10 08:27:49,1
958,955,909,892,6,5,18,2,10,9,10,10,30,11,8,8,10,1,1,1,1,1,1,1,1,1,1,4,0,2,0,3,6,4,2,0,0,2,0,0,1,1,1,2,1,1,0,2024-01-10 08:29:49,0
929,919,1335,953,24,20,35,8,12,14,12,12,45,14,17,17,18,8,8,8,4,4,4,4,4,4,3,2,1,5,0,7,6,4,2,0,4,2,1,0,1,1,1,2,1,2,0,2024-01-10 08:31:49,0
943,936,977,952,12,10,23,5,15,17,15,15,30,15,4,4,19,5,5,5,2,2,3,2,2,2,6,0,2,1,0,0,0,4,2,0,2,0,0,0,0,0,0,0,0,0,1,2024-01-10 08:33:49,1
934,924,1056,687,12,10,29,4,18,13,16,16,30,16,14,14,15,2,2,2,2,2,2,2,2,2,5,3,3,4,2,8,6,4,2,0,0,2,0,0,1,1,1,2,1,0,1,2024-01-10 08:35:49,0
925,922,19,0,6,5,19,2,7,7,7,7,30,7,11,11,8,1,1,1,1,1,1,1,1,1,0,1,1,2,0,0,0,4,2,0,0,0,0,0,0,0,0,0,0,0,2,2024-01-10 08:37:49,0
961,952,27,0,12,10,26,4,23,10,22,22,30,22,13,13,13,3,3,3,2,2,2,2,2,2,0,3,2,0,1,8,6,4,2,1,1,2,0,0,1,1,1,2,1,1,0,2024-01-10 08:39:49,0
918,914,356,0,6,5,14,2,4,6,4,4,45,4,7,7,7,1,1,1,1,1,1,1,1,1,3,1,3,1,0,7,6,4,2,0,0,2,0,0,1,1,1,2,1,0,0,2024-01-10 08:41:49,1
942,936,18,0,12,10,27,4,9,8,12,12,30,13,14,14,13,2,2,2,2,2,2,2,2,2,3,8,1,1,0,0,0,4,1,0,0,0,0,0,0,0,0,0,0,1,1,2024-01-10 08:43:49,12
930,925,362,0,6,5,21,2,8,5,8,8,30,8,15,15,6,1,1,1,1,1,1,1,1,1,1,5,1,2,0,8,6,4,3,0,0,2,1,1,1,1,1,2,1,0,1,2024-01-10 08:45:49,1
964,931,880,840,18,15,40,6,78,27,76,76,30,76,10,10,30,3,3,3,3,3,3,3,3,3,4,0,7,5,3,0,0,4,1,0,0,0,0,0,0,0,0,0,0,0,2,2024-01-10 08:47:49,3
948,939,890,859,0,0,21,0,11,5,9,9,30,9,16,16,5,1,1,1,0,0,0,0,0,0,2,1,2,2,1,9,6,4,2,0,1,2,0,0,1,1,1,2,1,0,0,2024-01-10 08:49:49,0
946,931,1283,891,30,25,35,15,25,21,22,22,45,20,8,8,27,10,10,10,5,5,10,5,5,5,7,0,5,2,4,7,6,4,2,1,0,2,1,0,1,1,1,2,1,1,0,2024-01-10 08:51:49,3
953,937,884,852,12,10,32,4,31,24,30,30,30,27,5,5,27,2,2,2,2,2,2,2,2,2,3,0,3,3,2,0,0,4,2,1,0,0,2,0,0,0,0,0,0,1,1,2024-01-10 08:53:49,1
928,919,1193,832,6,5,22,2,16,11,14,14,30,13,10,10,12,1,1,1,1,1,1,1,1,1,6,5,1,3,2,9,6,4,2,0,0,2,0,0,1,1,1,2,1,0,1,2024-01-10 08:55:49,0
981,966,879,834,82,68,38,38,17,10,12,12,30,11,14,14,24,24,24,25,14,14,24,14,14,14,3,3,5,2,5,0,0,4,2,0,1,0,0,0,0,0,0,0,0,0,2,2024-01-10 08:57:49,28
954,947,869,839,14,12,36,4,14,17,13,13,30,13,17,17,19,3,3,2,2,2,2,2,2,2,3,7,4,3,1,8,6,4,2,0,0,2,0,1,1,1,1,2,1,0,0,2024-01-10 08:59:49,0
1319,1295,1539,822,898,747,309,360,25,21,24,24,45,24,137,137,172,213,213,213,151,151,209,151,151,151,7,17,9,6,4,8,6,4,2,0,4,2,0,5,1,1,1,2,1,1,0,2024-01-10 09:01:49,99
1021,1007,979,872,194,165,98,85,13,10,11,11,30,11,58,58,40,58,58,58,29,29,56,29,29,29,3,5,5,1,38,0,0,4,2,1,2,0,0,1,0,0,0,0,0,1,1,2024-01-10 09:03:49,28
986,977,1268,882,96,80,56,38,16,13,14,14,30,15,27,27,29,22,22,22,16,16,22,16,16,16,6,15,3,2,2,8,6,4,2,0,0,2,0,0,1,1,1,2,1,1,1,2024-01-10 09:05:49,12
952,935,853,829,12,10,29,4,19,14,17,17,30,16,12,12,17,3,3,3,2,2,2,2,2,2,4,4,6,6,2,0,0,4,2,1,1,0,0,0,0,0,0,0,0,0,2,2024-01-10 09:07:49,0
956,940,895,870,18,15,28,6,17,12,13,13,30,13,13,13,15,3,3,3,3,3,3,3,3,3,4,3,7,3,4,9,6,4,2,0,0,2,1,0,1,1,1,2,1,0,0,2024-01-10 09:09:49,0
905,899,1326,971,0,0,14,0,9,9,8,8,30,8,5,5,9,0,0,0,0,0,0,0,0,0,4,2,4,0,1,0,0,4,2,0,0,0,0,0,0,0,0,0,0,0,0,2024-01-10 09:11:49,0
987,960,1047,989,52,40,62,5,39,36,34,34,45,33,14,14,48,2,2,2,12,12,2,12,12,12,9,5,13,5,5,9,6,4,2,0,0,2,0,0,1,1,1,2,1,1,1,2024-01-10 09:13:49,1
956,944,1069,700,38,35,27,27,18,15,17,17,30,16,8,8,19,15,15,15,3,3,15,3,3,3,2,3,4,3,1,7,6,4,2,1,0,2,2,0,1,1,1,2,1,0,1,2024-01-10 09:15:49,1
952,937,34,0,18,15,34,6,22,18,20,20,30,21,13,13,21,3,3,3,3,3,3,3,3,3,5,2,3,3,2,0,0,4,2,0,0,0,2,0,0,0,0,0,0,1,2,2024-01-10 09:17:49,1
960,943,33,0,12,10,36,4,21,17,19,19,30,17,15,15,21,3,3,3,2,2,2,2,2,2,10,4,7,3,2,8,6,4,2,2,1,2,0,0,1,1,1,2,1,0,0,2024-01-10 09:19:49,0
935,914,382,0,18,15,40,6,27,26,24,24,30,23,10,10,30,3,3,3,3,3,3,3,3,3,11,2,9,4,3,0,0,4,2,1,0,0,1,0,0,0,0,0,0,0,0,2024-01-10 09:21:49,0
965,954,41,0,24,20,39,15,17,15,16,16,45,15,19,19,20,11,11,11,4,4,11,4,4,4,5,1,5,4,2,9,6,4,2,1,0,2,0,0,1,1,1,2,1,0,1,2024-01-10 09:23:49,5
951,932,380,0,30,25,41,10,25,21,20,20,30,21,15,15,26,5,5,5,5,5,5,5,5,5,6,4,11,2,5,9,6,4,2,0,0,2,0,0,1,1,1,2,1,1,1,2024-01-10 09:25:49,3
961,936,928,863,36,30,68,10,37,41,36,36,30,34,19,19,49,6,6,6,6,6,5,6,5,5,36,2,5,10,2,0,0,4,2,2,1,0,0,0,0,0,0,0,0,0,2,2024-01-10 09:27:49,5
962,945,881,840,42,35,44,15,38,15,33,33,30,34,22,22,22,9,9,9,7,7,8,7,7,7,7,7,6,4,5,8,6,4,2,0,1,2,0,0,1,1,1,2,1,1,0,2024-01-10 09:29:49,1
968,956,1271,882,18,15,77,8,14,16,14,14,30,13,58,58,19,9,9,9,3,3,5,3,3,3,4,36,6,2,0,0,0,4,2,0,4,0,1,1,0,0,0,0,0,0,0,2024-01-10 09:31:49,2
1058,1040,898,843,42,35,134,16,22,20,21,21,45,22,107,107,27,10,10,10,7,7,9,7,7,7,14,85,5,5,0,9,6,4,2,0,1,2,1,1,1,1,1,2,1,1,1,2024-01-10 09:33:49,1
976,958,1263,851,54,45,73,29,23,32,24,24,30,22,32,32,41,20,20,20,9,9,20,9,9,9,27,7,5,6,0,7,6,4,2,0,0,2,0,0,1,1,1,2,1,0,1,2024-01-10 09:35:49,1
970,948,891,842,62,52,56,24,31,20,28,28,30,23,22,22,34,13,13,13,10,10,13,10,10,10,10,5,7,3,3,0,0,4,2,4,0,0,1,0,0,0,0,0,0,1,2,2024-01-10 09:37:49,1
963,947,896,847,46,38,52,16,27,15,24,24,30,22,29,29,23,9,9,9,8,8,8,8,8,8,7,4,9,0,3,8,6,4,2,0,1,2,0,0,1,1,1,2,1,0,0,2024-01-10 09:39:49,2
968,934,1236,835,44,36,63,15,41,28,33,33,30,28,25,25,38,8,8,8,8,8,8,8,8,8,15,3,9,7,9,0,0,4,2,2,0,0,1,0,0,0,0,0,0,1,0,2024-01-10 09:41:49,2
978,957,952,892,46,39,64,19,33,31,30,30,45,29,26,26,38,12,12,12,7,7,12,7,7,7,17,4,8,5,3,8,6,4,2,0,0,2,0,0,1,1,1,2,1,0,1,2024-01-10 09:43:49,0
937,926,1271,868,30,25,61,12,20,21,22,22,15,20,35,35,26,7,7,7,5,5,7,5,5,5,11,1,5,2,0,0,0,4,2,0,0,0,2,0,0,0,0,0,0,0,1,2024-01-10 09:45:49,1
994,952,903,827,58,48,80,20,48,35,32,32,45,32,35,35,45,10,10,10,10,10,10,10,10,10,10,4,23,0,15,8,6,4,2,0,0,2,1,0,1,1,1,2,1,0,2,2024-01-10 09:47:49,0
1006,972,1020,869,96,80,144,35,45,78,43,43,30,40,49,49,95,20,20,20,16,16,19,16,16,16,62,4,12,12,4,7,6,4,2,1,1,2,0,1,1,1,1,2,1,1,0,2024-01-10 09:49:49,3
1046,944,1491,932,62,52,238,23,148,152,139,139,30,106,48,48,191,17,17,17,10,10,14,10,9,9,150,9,20,39,11,0,0,4,2,29,3,0,0,4,0,0,0,0,0,0,0,2024-01-10 09:51:49,6
1015,986,1036,949,114,95,94,40,78,28,75,75,45,75,45,45,48,21,21,21,19,19,21,19,19,19,13,6,9,8,4,9,6,4,2,1,0,2,0,0,1,1,1,2,1,1,1,2024-01-10 09:53:49,5
990,947,1165,742,114,95,86,38,48,32,32,32,15,30,34,34,52,19,19,19,19,19,19,19,19,19,10,9,13,10,16,0,0,4,2,1,0,0,0,0,0,0,0,0,0,0,1,2024-01-10 09:55:49,3
996,967,91,0,30,25,96,13,36,35,33,33,45,33,56,56,40,8,8,8,5,5,8,5,5,5,7,15,15,5,5,9,6,4,2,0,0,2,1,0,1,1,1,2,1,0,2,2024-01-10 09:57:49,4
1013,973,72,0,54,45,97,22,44,33,35,35,30,34,54,54,43,13,13,13,9,9,13,9,9,9,11,27,18,4,10,3,6,4,2,0,0,2,1,3,1,1,1,2,1,0,0,2024-01-10 09:59:49,9
1095,1059,592,0,212,177,279,72,70,33,65,65,30,105,209,209,70,45,45,45,35,35,37,35,35,35,59,75,9,4,7,0,0,4,2,2,8,0,1,3,0,0,0,0,0,43,0,2024-01-10 10:01:49,10
1041,1013,108,0,60,50,160,23,37,31,35,35,45,35,119,119,41,13,13,13,10,10,13,10,10,10,11,59,11,8,2,8,6,4,2,0,0,2,1,1,1,1,1,2,1,1,1,2024-01-10 10:03:49,3
1066,1032,426,0,84,70,152,35,36,26,27,27,15,27,112,112,40,25,25,25,14,14,21,14,14,14,8,70,13,3,9,0,0,4,2,0,4,0,1,1,0,0,0,0,0,1,1,2024-01-10 10:05:49,3
984,962,959,850,90,75,117,36,35,31,31,31,45,31,71,71,46,20,20,20,15,15,20,15,15,15,11,10,12,3,4,3,6,4,2,0,0,2,0,0,1,1,1,2,1,0,2,2024-01-10 10:07:49,1
1020,984,949,848,130,108,107,49,57,43,51,51,30,48,40,40,67,29,29,29,22,22,28,22,22,22,11,7,13,7,7,9,6,4,2,2,1,2,1,0,1,1,1,2,1,0,0,2024-01-10 10:09:49,7
1027,978,1436,888,146,122,114,51,58,47,47,47,30,42,41,41,73,27,27,27,24,24,27,24,24,24,15,7,17,8,13,0,0,4,2,1,0,0,2,1,0,0,0,0,0,0,0,2024-01-10 10:11:49,18
1017,990,926,848,90,75,89,34,46,37,41,41,45,40,35,35,54,19,19,19,15,15,19,15,15,15,14,10,13,6,7,5,6,4,2,2,0,2,0,0,1,1,1,2,1,1,1,2024-01-10 10:13:49,11
988,955,1270,848,76,63,89,29,41,29,37,37,15,36,46,46,43,16,16,16,13,13,16,13,13,13,10,9,15,4,4,0,0,4,2,1,0,0,2,1,0,0,0,0,0,1,1,2024-01-10 10:15:49,0
1026,991,940,807,156,130,140,63,47,52,41,41,45,40,61,61,79,37,37,37,26,26,37,26,26,26,33,8,16,6,6,8,6,4,2,1,0,2,0,0,1,1,1,2,1,0,2,2024-01-10 10:17:49,2
1039,996,947,846,128,107,115,55,57,47,51,51,15,48,44,44,71,36,36,36,21,21,34,21,21,21,32,11,10,16,6,0,0,4,2,3,2,0,1,0,0,0,0,0,0,0,0,2024-01-10 10:19:49,8
1003,980,1240,823,168,140,78,60,45,27,40,40,45,36,23,23,55,32,32,32,28,28,32,28,28,28,12,3,7,5,8,9,6,4,2,0,0,2,0,0,1,1,1,2,1,0,0,2024-01-10 10:21:49,9
1001,969,962,868,90,75,94,30,48,45,41,41,45,39,33,33,61,15,15,15,15,15,15,15,15,15,27,0,15,8,6,8,6,4,2,1,0,2,0,1,1,1,1,2,1,0,1,2024-01-10 10:23:49,0
1067,993,1358,876,197,164,148,72,89,58,59,59,15,56,53,53,95,39,39,39,33,33,39,33,33,33,23,5,28,9,32,0,0,4,2,4,0,0,2,0,0,0,0,0,0,1,1,2024-01-10 10:25:49,5
1004,962,934,827,85,71,113,32,66,51,59,59,45,56,47,47,66,19,19,19,14,14,18,14,14,14,33,10,12,11,9,7,6,4,2,1,1,2,1,1,1,1,1,2,1,1,2,2024-01-10 10:27:49,2
1042,990,975,861,82,68,131,33,74,66,64,64,15,62,49,49,82,20,20,20,14,14,19,14,14,14,47,19,13,15,10,0,0,4,2,2,1,0,0,0,0,0,0,0,0,0,0,2024-01-10 10:29:49,2
1080,1023,1459,963,266,222,170,102,68,70,51,51,45,46,51,51,119,62,62,62,44,44,58,44,44,44,44,13,23,5,18,7,6,4,2,4,4,2,0,1,1,1,1,2,1,0,0,2024-01-10 10:31:49,18
1084,1036,1056,947,252,210,115,94,69,35,56,56,45,53,38,38,77,52,52,52,42,42,52,42,42,42,21,8,12,8,14,8,6,4,2,0,0,2,1,0,1,1,1,2,1,0,1,2024-01-10 10:33:49,14
973,952,1196,781,106,88,73,37,38,22,30,30,15,28,32,32,41,19,19,19,18,18,19,18,18,18,10,2,9,1,8,0,0,4,1,1,0,0,1,0,0,0,0,0,0,1,1,2024-01-10 10:35:49,0
1006,974,86,0,131,110,89,47,38,41,33,33,45,31,28,28,62,27,27,28,21,21,26,21,20,20,21,4,15,6,6,9,6,4,2,0,2,2,1,0,1,1,1,2,1,1,2,2024-01-10 10:37:49,4
1028,984,93,0,91,75,103,33,58,51,51,51,15,48,33,33,70,20,20,19,16,16,18,16,16,16,42,10,12,13,7,0,0,4,2,3,1,0,1,0,0,0,0,0,0,1,0,2024-01-10 10:39:49,7
992,944,442,0,56,47,114,20,74,78,68,68,45,66,24,24,89,11,11,11,9,9,11,9,9,9,58,10,14,18,5,8,6,4,2,2,0,2,1,0,1,1,1,2,1,0,0,2024-01-10 10:41:49,4
998,959,96,0,72,60,98,24,66,58,59,59,45,57,26,26,72,12,12,12,12,12,12,12,12,12,38,3,15,10,7,8,6,4,2,2,0,2,1,0,1,1,1,2,1,0,1,2024-01-10 10:43:49,1
1005,960,416,0,78,65,86,29,77,35,70,70,15,63,35,35,51,16,16,16,13,13,16,13,13,13,23,12,15,12,9,0,0,4,2,3,0,0,0,0,0,0,0,0,0,0,1,2024-01-10 10:45:49,2
953,919,897,842,36,30,58,12,39,30,37,37,45,29,19,19,39,7,7,7,6,6,6,6,6,6,20,1,8,10,4,9,6,4,2,3,1,2,0,0,1,1,1,2,1,0,2,2024-01-10 10:47:49,6
1010,979,930,841,84,70,86,28,38,32,33,33,15,30,38,38,48,14,14,14,14,14,14,14,14,14,18,7,13,8,6,0,0,4,2,2,0,0,0,1,0,0,0,0,0,1,0,2024-01-10 10:49:49,3
1014,962,1305,865,120,100,88,41,61,43,45,45,45,44,25,25,63,21,21,21,20,20,21,20,20,20,13,6,20,7,17,5,6,4,2,0,0,2,0,1,1,1,1,2,1,1,0,2024-01-10 10:51:49,1
998,977,887,837,48,40,71,18,32,26,29,29,45,27,37,37,34,10,10,10,8,8,10,8,8,8,15,21,10,3,3,8,6,4,2,0,0,2,0,1,1,1,1,2,1,0,1,2024-01-10 10:53:49,1
948,929,1229,834,48,40,63,18,30,28,30,30,15,27,27,27,36,10,10,10,8,8,10,8,8,8,14,12,10,4,1,0,0,4,2,0,0,0,0,2,0,0,0,0,0,0,1,2024-01-10 10:55:49,4
1005,970,919,832,108,90,80,40,45,31,37,37,45,36,30,30,49,22,22,22,18,18,22,18,18,18,12,3,17,5,8,9,6,4,3,0,0,2,0,0,1,1,1,2,1,0,2,2024-01-10 10:57:49,2
1045,1016,925,844,114,95,113,42,43,36,36,36,15,34,57,57,56,24,24,24,19,19,23,19,19,19,12,31,14,6,7,0,0,4,4,1,1,0,0,0,0,0,0,0,0,0,0,2024-01-10 10:59:49,0
1094,995,1385,825,141,117,221,54,138,127,125,125,45,112,48,48,173,34,34,34,24,24,30,24,24,24,119,22,26,18,14,7,6,4,4,13,4,2,16,1,1,1,1,2,1,1,0,2024-01-10 11:01:49,56
1070,1027,948,839,217,181,119,84,48,42,37,37,30,33,36,36,83,48,48,48,36,36,48,36,36,36,30,6,15,11,11,0,0,4,4,5,0,0,0,0,0,0,0,0,0,1,1,2024-01-10 11:03:49,0
983,946,1278,864,62,52,88,22,46,39,40,40,30,38,38,38,50,16,16,16,10,10,12,10,10,10,24,15,8,8,6,5,6,4,4,1,4,2,1,1,1,1,1,2,1,0,1,2024-01-10 11:05:49,4
985,956,922,838,92,76,90,29,30,35,32,32,45,33,37,37,53,23,23,24,16,16,17,16,12,12,23,9,11,6,1,9,6,4,4,0,7,2,1,1,1,1,1,2,1,1,2,2024-01-10 11:07:49,13
1022,984,928,852,58,49,96,19,46,46,44,44,15,40,37,37,59,12,12,11,9,9,10,9,9,9,33,16,12,9,2,0,0,4,4,3,1,0,5,0,0,0,0,0,0,0,0,2024-01-10 11:09:49,9
969,936,1365,952,60,50,72,23,45,47,39,39,45,36,12,12,60,13,13,13,10,10,13,10,10,10,27,2,14,8,6,8,6,4,4,3,0,2,1,0,1,1,1,2,1,0,0,2024-01-10 11:11:49,1
1034,979,1039,955,98,82,100,37,101,42,90,90,30,87,39,39,62,22,22,22,16,16,21,16,16,16,20,15,16,9,12,0,0,4,4,2,1,0,2,0,0,0,0,0,0,1,1,2024-01-10 11:13:49,11
996,941,1298,860,52,43,102,22,76,63,67,67,30,67,28,28,73,15,15,15,9,9,13,9,9,9,38,5,20,12,9,8,6,4,3,1,2,2,0,1,1,1,1,2,1,1,1,2024-01-10 11:15:49,3
1061,987,113,0,176,147,124,62,89,65,73,73,45,61,27,27,97,37,37,37,29,29,33,29,29,29,17,6,28,9,18,7,6,4,2,3,4,2,3,1,1,1,1,2,1,0,2,2024-01-10 11:17:49,8
1008,985,66,0,86,72,67,34,37,19,34,34,15,34,34,34,33,22,22,22,14,14,19,14,14,14,11,3,7,4,3,0,0,4,2,0,3,0,0,0,0,0,0,0,0,0,0,2024-01-10 11:19:49,7
1032,999,436,0,210,174,95,77,32,27,26,26,45,24,31,31,64,47,47,47,36,36,42,36,36,36,17,8,8,7,6,7,6,4,2,1,5,2,2,0,1,1,1,2,1,0,0,2024-01-10 11:21:49,9
1044,998,101,0,190,159,100,75,52,43,45,45,30,42,25,25,75,49,49,49,31,31,44,31,31,31,12,1,24,6,8,0,0,4,2,1,5,0,0,0,0,0,0,0,0,0,1,2024-01-10 11:23:49,12
1025,982,441,0,180,150,95,69,47,35,40,40,30,38,30,30,65,39,39,39,30,30,39,30,30,30,18,3,16,5,10,8,6,4,2,0,0,2,2,0,1,1,1,2,1,2,1,2024-01-10 11:25:49,10
1027,1000,954,852,174,145,108,66,37,30,30,30,45,30,49,49,59,39,39,39,29,29,37,29,29,29,16,6,12,5,6,9,6,4,2,0,2,2,0,1,1,1,1,2,1,0,2,2024-01-10 11:27:49,9
1056,1030,962,856,198,165,122,71,37,33,35,35,15,33,54,54,68,38,38,38,33,33,38,33,33,33,21,14,9,10,2,0,0,4,2,2,0,0,1,1,0,0,0,0,0,0,0,2024-01-10 11:29:49,10
1006,971,1305,871,114,95,102,43,42,33,34,34,45,31,44,44,58,29,29,29,19,19,24,19,19,19,20,13,13,2,9,7,6,4,2,3,5,2,1,0,1,1,1,2,1,0,0,2024-01-10 11:31:49,12
1071,996,931,846,178,148,92,63,75,40,43,43,30,40,21,21,71,35,35,35,30,30,33,30,30,30,13,6,26,7,34,0,0,4,2,1,2,0,0,1,0,0,0,0,0,0,1,2024-01-10 11:33:49,11
978,957,1234,835,56,47,77,19,30,25,30,30,30,27,37,37,40,10,10,10,9,9,10,9,9,9,19,15,9,5,1,9,6,4,2,3,0,2,3,0,1,1,1,2,1,0,1,2024-01-10 11:35:49,16
1004,970,917,835,132,110,81,56,50,29,40,40,30,42,30,30,51,36,36,36,22,22,34,22,22,22,9,3,17,2,10,0,0,4,2,0,2,0,0,0,0,0,0,0,0,2,2,2024-01-10 11:37:49,1
1024,995,945,870,102,85,83,38,34,32,30,30,30,28,31,31,52,23,23,23,17,17,21,17,17,17,23,6,9,5,4,8,6,4,2,3,2,2,2,1,1,1,1,2,1,1,0,2024-01-10 11:39:49,1
1053,983,1304,851,150,125,118,61,77,62,56,56,45,51,30,30,88,41,41,41,25,25,36,25,25,25,34,7,25,11,22,9,6,4,2,1,5,2,0,0,1,1,1,2,1,0,0,2024-01-10 11:41:49,2
1001,965,955,886,84,70,78,28,44,41,40,40,30,39,22,22,56,17,17,17,14,14,14,14,14,14,17,6,18,3,5,0,0,4,2,1,3,0,0,2,0,0,0,0,0,0,1,2024-01-10 11:43:49,5
995,959,1290,876,128,106,75,44,63,30,55,55,30,55,23,23,52,24,24,24,22,22,22,22,22,22,15,4,15,6,8,8,6,4,2,0,2,2,2,0,1,1,1,2,1,0,1,2024-01-10 11:45:49,0
1023,979,907,830,148,124,81,53,44,30,29,29,30,31,27,27,54,33,33,33,24,24,29,24,24,24,14,6,16,5,15,0,0,4,2,0,4,0,2,0,0,0,0,0,0,2,2,2024-01-10 11:47:49,1
1019,983,992,893,78,65,104,27,49,46,42,42,30,37,40,40,64,16,16,16,13,13,14,13,13,13,39,12,9,12,7,8,6,4,2,5,2,2,0,1,1,1,1,2,1,0,0,2024-01-10 11:49:49,6
990,940,1422,968,48,40,110,22,79,75,77,77,45,68,19,19,91,21,21,21,8,8,14,8,8,8,64,5,6,21,2,9,6,4,2,8,7,2,1,0,1,1,1,2,1,0,0,2024-01-10 11:51:49,5
998,964,1057,975,48,40,92,16,57,57,53,53,30,52,26,26,66,8,8,8,8,8,8,8,8,8,46,10,14,8,4,0,0,4,2,1,0,0,0,0,0,0,0,0,0,0,1,2024-01-10 11:53:49,3
945,908,1029,636,44,37,57,14,52,34,46,46,30,45,15,15,42,9,9,9,7,7,7,7,7,7,18,7,15,10,6,8,6,4,2,1,2,2,1,0,1,1,1,2,1,0,1,2024-01-10 11:55:49,1
1003,961,65,0,58,48,58,26,42,24,36,36,30,34,22,22,36,32,32,32,10,10,16,10,10,10,15,1,10,4,6,0,0,4,2,2,16,0,0,0,0,0,0,0,0,0,2,2024-01-10 11:57:49,2
1057,1016,87,0,126,105,108,50,47,33,34,34,30,34,52,52,56,30,30,30,21,21,29,21,21,21,18,24,14,6,13,8,6,4,2,2,1,2,1,4,1,1,1,2,1,2,0,2024-01-10 11:59:49,6
1075,1025,465,0,264,220,125,102,53,41,36,36,45,35,40,40,85,60,60,60,44,44,58,44,44,44,15,8,25,5,18,7,6,4,2,0,2,2,0,1,1,1,1,2,1,0,0,2024-01-10 12:01:49,30
1009,968,66,0,66,55,65,26,45,31,32,32,30,29,23,23,42,17,17,17,11,11,15,11,11,11,10,2,15,3,13,0,0,4,2,0,2,0,0,3,0,0,0,0,0,0,1,2024-01-10 12:03:49,6
944,922,396,0,48,40,56,20,39,29,36,36,30,35,19,19,38,16,16,16,8,8,12,8,8,8,11,6,7,5,2,7,6,4,2,1,4,2,1,0,1,1,1,2,1,0,1,2024-01-10 12:05:49,3
1007,960,956,869,96,80,85,35,70,50,53,53,30,51,16,16,68,19,19,19,16,16,19,16,16,16,22,1,15,5,19,0,0,4,2,2,0,0,2,1,0,0,0,0,0,0,2,2024-01-10 12:07:49,3
1000,977,900,852,58,48,53,23,28,21,24,24,30,20,22,22,31,14,14,14,10,10,13,10,10,10,13,5,7,2,5,7,6,4,2,0,1,2,0,1,1,1,1,2,1,0,0,2024-01-10 12:09:49,4
951,935,1262,882,54,45,37,18,20,19,19,19,45,22,9,9,28,9,9,9,9,9,9,9,9,9,13,3,3,8,1,8,6,4,2,0,0,2,0,0,1,1,1,2,1,3,0,2024-01-10 12:11:49,0
996,972,907,855,88,73,55,33,34,25,24,24,30,24,15,15,40,18,18,18,15,15,18,15,15,15,12,4,9,2,10,0,0,4,2,0,0,0,0,1,0,0,0,0,0,0,1,2024-01-10 12:13:49,0
974,939,1231,835,46,38,64,15,41,38,32,32,30,32,18,18,46,9,9,9,8,8,7,8,8,8,20,10,12,5,12,9,6,4,2,0,2,2,2,1,1,1,1,2,1,0,1,2024-01-10 12:15:49,7
971,934,892,841,38,31,57,12,48,36,39,39,30,38,14,14,43,5,5,5,7,7,5,7,7,7,14,7,15,7,9,0,0,4,2,0,0,0,1,0,0,0,0,0,0,0,2,2024-01-10 12:17:49,1
985,965,893,847,38,33,47,16,33,26,26,26,30,24,15,15,32,11,11,11,5,5,11,5,5,5,15,4,9,3,7,9,6,4,2,1,0,2,0,1,1,1,1,2,1,0,0,2024-01-10 12:19:49,9
948,926,1217,839,28,24,37,10,33,24,33,33,30,33,8,8,29,7,7,7,4,4,6,4,4,4,17,2,2,10,0,0,0,4,1,1,1,0,0,0,0,0,0,0,0,1,0,2024-01-10 12:21:49,2
965,949,934,892,24,20,40,8,25,25,22,22,45,23,11,11,29,4,4,4,4,4,4,4,4,4,12,0,11,1,3,8,6,4,3,0,0,2,0,1,1,1,1,2,1,1,1,2024-01-10 12:23:49,0
934,916,1236,867,6,5,33,2,22,18,19,19,30,19,14,14,19,1,1,1,1,1,1,1,1,1,10,6,8,5,3,8,6,4,1,0,0,2,0,0,1,1,1,2,1,0,1,2024-01-10 12:25:49,1
950,934,894,849,38,31,46,13,28,26,28,28,30,28,13,13,33,7,7,7,7,7,6,7,7,7,17,1,7,5,0,0,0,4,2,0,1,0,1,0,0,0,0,0,0,0,2,2024-01-10 12:27:49,3
1028,993,974,903,124,104,82,43,45,40,41,41,30,36,22,22,60,23,23,23,20,20,23,20,20,20,16,8,16,6,7,9,6,4,2,0,0,2,0,1,1,1,1,2,1,0,0,2024-01-10 12:29:49,11
964,938,1371,966,48,40,63,20,29,29,27,27,30,25,24,24,39,16,16,16,8,8,12,8,8,8,18,4,8,9,2,0,0,4,2,2,4,0,0,0,0,0,0,0,0,0,0,2024-01-10 12:31:49,2
968,942,1007,963,46,38,46,15,32,26,27,27,45,28,11,11,35,9,9,9,8,8,7,8,8,8,18,3,7,4,6,8,6,4,2,1,2,2,1,0,1,1,1,2,1,2,1,2024-01-10 12:33:49,5
943,923,1010,620,40,33,53,13,28,26,29,29,30,25,20,20,34,6,6,6,7,7,6,6,6,6,15,6,9,1,2,9,6,4,2,1,0,2,1,0,1,1,1,2,1,0,1,2024-01-10 12:35:49,7
968,945,45,0,50,42,45,22,27,18,24,24,30,22,18,18,26,14,14,14,8,8,14,9,9,9,8,4,12,1,4,0,0,4,2,0,0,0,0,0,0,0,0,0,0,0,2,2024-01-10 12:37:49,1
1004,987,54,0,44,37,62,19,35,29,34,34,30,34,26,26,36,13,13,13,7,7,12,7,7,7,14,10,4,8,1,7,6,4,2,0,1,2,0,1,1,1,1,2,1,0,0,2024-01-10 12:39:49,3
934,921,369,0,18,15,29,6,16,18,15,15,30,15,8,8,21,3,3,3,3,3,3,3,3,3,14,4,5,6,1,0,0,4,2,0,0,0,1,0,0,0,0,0,0,0,0,2024-01-10 12:41:49,0
959,942,39,0,30,25,45,12,21,22,20,20,45,19,15,15,30,7,7,7,5,5,7,5,5,5,18,5,7,5,1,8,6,4,2,3,0,2,1,0,1,1,1,2,1,2,1,2024-01-10 12:43:49,0
947,939,383,0,56,46,43,19,16,18,16,16,30,17,15,15,28,10,10,10,10,10,10,10,10,10,6,5,4,2,0,8,6,4,2,0,0,2,1,0,1,1,1,2,1,1,1,2024-01-10 12:45:49,0
957,941,903,852,10,9,55,9,34,35,31,31,30,31,19,19,36,7,7,7,1,1,7,1,1,1,15,6,11,3,3,0,0,4,2,0,0,0,0,1,0,0,0,0,0,0,2,2024-01-10 12:47:49,0
988,967,910,850,46,38,54,18,38,21,33,33,30,30,24,24,30,11,11,11,8,8,10,8,8,8,13,5,8,2,6,8,6,4,2,1,1,2,0,0,1,1,1,2,1,0,0,2024-01-10 12:49:49,2
927,915,1252,869,2,2,26,1,17,19,16,16,30,16,7,7,19,1,1,1,0,0,1,0,0,0,11,0,6,5,1,0,0,4,2,0,0,0,0,0,0,0,0,0,0,0,0,2024-01-10 12:51:49,0
955,934,864,837,24,20,28,8,26,16,20,20,45,19,7,7,21,6,6,6,4,4,4,4,4,4,7,0,6,3,6,7,6,4,2,1,2,2,1,1,1,1,1,2,1,0,1,2024-01-10 12:53:49,0
944,927,1200,824,18,15,36,6,23,22,21,21,15,22,11,11,25,4,4,4,3,3,3,3,3,3,10,5,9,4,2,0,0,4,2,0,1,0,1,0,0,0,0,0,0,1,1,2024-01-10 12:55:49,0
959,941,910,852,30,25,48,10,22,23,21,21,45,19,18,18,30,6,6,6,5,5,5,5,5,5,15,7,6,5,3,9,6,4,2,1,1,2,0,0,1,1,1,2,1,1,2,2024-01-10 12:57:49,6
963,950,878,849,12,10,32,5,21,19,21,21,30,21,11,11,21,4,4,4,2,2,3,2,2,2,7,3,6,2,0,7,6,4,2,0,1,2,1,0,1,1,1,2,1,0,0,2024-01-10 12:59:49,0
976,945,1239,844,72,60,41,28,38,18,30,30,30,25,11,11,30,21,21,21,12,12,16,12,12,12,8,4,7,4,10,0,0,4,2,0,5,0,0,0,0,0,0,0,0,0,0,2024-01-10 13:01:49,8
968,948,927,876,42,35,51,14,27,23,23,23,45,21,21,21,30,7,7,7,7,7,7,7,7,7,6,4,9,3,4,9,6,4,2,0,0,2,0,0,1,1,1,2,1,0,1,2024-01-10 13:03:49,1
992,954,1266,870,60,50,59,27,41,29,30,30,15,29,19,19,40,21,21,21,10,10,17,10,10,10,8,5,13,4,11,0,0,4,2,1,4,0,1,0,0,0,0,0,0,0,1,2024-01-10 13:05:49,4
932,921,889,850,30,25,39,10,21,25,21,21,45,22,8,8,31,6,6,6,5,5,5,5,5,5,9,1,8,3,0,9,6,4,2,1,1,2,1,0,1,1,1,2,1,2,2,2024-01-10 13:07:49,0
978,960,917,888,12,10,29,4,23,17,20,20,30,20,10,10,19,2,2,2,2,2,2,2,2,2,10,2,8,3,3,8,6,4,2,0,0,2,1,0,1,1,1,2,1,0,0,2024-01-10 13:09:49,0
922,917,1322,960,6,5,21,4,12,12,12,12,30,12,8,8,13,3,3,3,1,1,3,1,1,1,4,2,2,2,0,0,0,4,2,0,0,0,0,1,0,0,0,0,0,0,0,2024-01-10 13:11:49,0
956,935,1005,964,30,25,41,10,29,26,25,25,45,25,10,10,31,5,5,5,5,5,5,5,5,5,3,3,10,6,4,8,6,4,2,0,0,2,2,2,1,1,1,2,1,0,1,2024-01-10 13:13:49,5
953,944,1078,695,66,55,48,27,17,16,16,16,15,16,20,20,28,16,16,16,11,11,16,11,11,11,10,7,4,1,1,0,0,4,2,1,0,0,1,0,0,0,0,0,0,1,1,2024-01-10 13:15:49,1
974,947,48,0,48,40,52,16,36,27,26,26,45,25,15,15,37,8,8,8,8,8,8,8,8,8,8,5,12,5,10,9,6,4,2,2,0,2,0,0,1,1,1,2,1,1,2,2024-01-10 13:17:49,0
1012,982,58,0,78,65,60,32,40,27,28,28,30,27,18,18,42,19,19,19,13,13,19,13,13,13,14,2,9,4,12,8,6,4,2,2,0,2,1,0,1,1,1,2,1,1,0,2024-01-10 13:19:49,0
1092,935,771,0,78,65,436,32,393,410,392,392,30,386,7,7,429,20,20,20,13,13,19,13,13,13,13,1,6,99,2,0,0,4,2,6,1,0,2,0,0,0,0,0,0,0,0,2024-01-10 13:21:49,9
966,950,34,0,42,35,35,15,30,14,29,29,45,28,14,14,21,8,8,8,7,7,8,7,7,7,7,2,6,2,1,8,6,4,2,0,0,2,0,0,1,1,1,2,1,0,1,2024-01-10 13:23:49,0
924,913,370,0,18,15,31,6,16,17,15,15,15,15,11,11,20,3,3,3,3,3,3,3,3,3,9,3,5,3,1,0,0,4,2,0,0,0,1,0,0,0,0,0,0,0,1,2024-01-10 13:25:49,0
986,952,896,843,36,30,53,13,54,36,50,50,45,49,11,11,42,7,7,7,6,6,7,6,6,6,16,0,16,6,4,8,6,4,2,0,0,2,0,0,1,1,1,2,1,0,2,2024-01-10 13:27:49,3
1022,993,932,860,110,92,74,47,42,35,35,35,30,36,20,20,54,27,27,28,18,18,28,18,18,18,10,5,12,10,7,8,6,4,2,1,0,2,1,0,1,1,1,2,1,2,0,2024-01-10 13:29:49,8
969,937,1291,883,94,78,55,32,27,16,19,19,30,18,23,23,32,23,23,22,16,16,17,16,16,16,6,1,11,4,8,0,0,4,2,0,5,0,0,0,0,0,0,0,0,0,0,2024-01-10 13:31:49,11
1030,998,917,842,150,125,77,60,35,26,26,26,45,24,24,24,53,35,35,35,25,25,35,25,25,25,7,0,15,5,9,3,6,4,2,2,0,2,0,0,1,1,1,2,1,0,1,2024-01-10 13:33:49,2
1020,997,1284,834,168,139,112,71,42,44,40,40,15,38,38,37,75,41,41,42,29,29,42,29,29,29,20,4,7,4,3,0,0,4,2,2,0,0,0,1,0,0,0,0,0,0,1,2024-01-10 13:35:49,2
997,953,922,849,84,71,75,28,57,42,44,44,45,41,19,20,55,17,17,16,13,13,15,13,13,13,19,5,16,8,14,4,6,4,2,0,1,2,0,0,1,1,1,2,1,0,2,2024-01-10 13:37:49,2
1065,996,1000,851,126,105,156,50,108,106,103,103,15,97,27,27,129,29,29,29,21,21,29,21,21,21,17,5,12,25,8,0,0,4,2,2,0,0,1,0,0,0,0,0,0,0,0,2024-01-10 13:39:49,3
1007,971,1265,840,158,132,77,59,39,35,31,31,45,33,16,16,61,34,34,33,26,26,33,26,26,26,19,1,12,10,9,8,6,4,2,0,0,2,0,0,1,1,1,2,1,2,0,2024-01-10 13:41:49,8
1103,982,1196,901,118,98,312,43,257,255,249,249,45,243,34,34,278,22,22,23,20,20,23,20,20,20,13,13,14,70,9,4,6,4,2,3,0,2,0,1,1,1,1,2,1,0,1,2024-01-10 13:43:49,9
991,960,1272,868,96,80,67,35,34,27,26,26,15,26,24,24,43,19,19,19,16,16,19,16,16,16,12,6,15,7,8,0,0,4,2,0,0,0,0,0,0,0,0,0,0,0,1,2024-01-10 13:45:49,4
1020,979,916,822,136,113,101,53,51,38,35,35,45,36,40,40,61,32,32,32,23,23,30,23,23,23,11,15,12,8,15,6,6,4,2,0,2,2,2,1,1,1,1,2,1,1,2,2024-01-10 13:47:49,0
1028,994,965,893,56,47,80,23,36,28,25,25,15,25,43,43,37,15,15,15,9,9,14,9,9,9,15,19,13,4,14,0,0,4,2,0,1,0,1,0,0,0,0,0,0,0,0,2024-01-10 13:49:49,10
1031,972,1388,933,174,145,104,62,96,48,72,72,45,71,26,26,78,33,33,33,29,29,33,29,29,29,14,3,22,8,24,8,6,4,2,1,0,2,0,1,1,1,1,2,1,0,0,2024-01-10 13:51:49,7
1050,1015,1089,996,186,155,98,80,47,31,39,39,45,39,35,35,63,49,49,49,31,31,49,31,31,31,16,9,13,5,9,8,6,4,2,1,0,2,0,0,1,1,1,2,1,2,1,2024-01-10 13:53:49,10
999,969,1074,665,114,94,70,43,33,25,24,24,15,24,25,25,45,22,22,23,20,20,23,20,20,20,14,6,13,4,9,0,0,4,2,0,0,0,0,0,0,0,0,0,0,0,1,2024-01-10 13:55:49,1
1020,979,103,0,162,136,97,55,48,37,30,30,45,30,34,34,63,31,31,30,26,26,29,26,26,26,18,6,13,5,18,9,6,4,2,0,1,2,1,1,1,1,1,2,1,0,2,2024-01-10 13:57:49,6
1031,1002,56,0,138,115,65,47,36,22,25,25,15,24,20,20,45,24,24,24,23,23,24,23,23,23,14,9,11,4,11,0,0,4,2,0,0,0,0,0,0,0,0,0,0,0,0,2024-01-10 13:59:49,1
992,951,445,0,72,60,113,25,37,23,30,30,45,26,73,73,40,18,18,18,12,12,13,12,12,12,14,10,12,5,9,5,6,4,2,3,5,2,3,0,1,1,1,2,1,0,0,2024-01-10 14:01:49,6
1006,976,77,0,90,75,100,34,42,35,35,35,45,36,50,50,50,19,19,19,15,15,19,15,15,15,20,25,14,7,7,9,6,4,2,0,0,2,0,1,1,1,1,2,1,1,1,2024-01-10 14:03:49,1
986,948,396,0,60,50,63,18,37,27,32,32,15,33,26,26,37,21,21,21,10,10,12,10,6,6,7,11,12,5,5,0,0,4,2,0,9,0,1,0,0,0,0,0,0,1,1,2024-01-10 14:05:49,6
1016,973,925,851,108,90,84,37,51,35,42,42,45,37,31,31,53,20,20,20,18,18,19,18,18,18,17,13,17,6,11,9,6,4,2,0,1,2,2,0,1,1,1,2,1,0,2,2024-01-10 14:07:49,2
1048,993,936,840,96,80,106,37,77,55,53,53,15,52,35,35,71,21,21,21,16,16,21,16,16,16,33,10,21,6,23,0,0,4,2,0,0,0,0,1,0,0,0,0,0,0,0,2024-01-10 14:09:49,1
1025,967,1337,889,112,93,107,44,73,59,60,60,45,56,24,24,83,25,25,25,19,19,25,19,19,19,35,8,17,13,14,3,6,4,2,4,0,2,1,2,1,1,1,2,1,0,0,2024-01-10 14:11:49,2
993,961,913,855,52,43,68,20,45,36,37,37,30,36,22,22,46,11,11,11,9,9,11,9,9,9,21,14,12,4,8,0,0,4,2,1,0,0,0,0,0,0,0,0,0,0,1,2024-01-10 14:13:49,1
1030,992,1283,847,138,115,101,59,55,41,47,47,30,49,37,37,64,36,36,36,23,23,36,23,23,23,21,11,17,7,8,8,6,4,2,0,0,2,1,1,1,1,1,2,1,2,1,2024-01-10 14:15:49,12
1005,976,930,840,94,79,97,48,42,41,41,41,45,40,41,41,56,33,33,33,15,15,33,15,15,15,18,10,14,8,3,9,6,4,2,0,0,2,1,0,1,1,1,2,1,1,2,2024-01-10 14:17:49,7
1028,985,938,841,72,60,108,29,53,61,39,39,15,37,33,33,75,18,18,18,12,12,17,12,12,12,37,10,23,4,15,0,0,4,1,2,1,0,0,0,0,0,0,0,0,0,0,2024-01-10 14:19:49,3
984,935,1248,831,35,29,83,16,59,51,54,54,45,51,25,25,58,10,10,10,6,6,10,6,6,6,35,7,15,14,6,7,6,4,2,1,0,2,0,1,1,1,1,2,1,0,0,2024-01-10 14:21:49,5
1055,993,996,890,178,148,111,69,70,39,46,46,30,43,40,40,71,44,44,44,30,30,42,30,28,28,15,8,24,7,23,0,0,4,2,2,2,0,1,4,0,0,0,0,0,0,1,2024-01-10 14:23:49,3
1008,987,1299,867,129,108,94,58,33,31,31,31,30,27,40,40,55,36,36,36,21,21,36,21,21,21,14,4,12,3,3,9,6,4,2,3,0,2,0,2,1,1,1,2,1,0,1,2024-01-10 14:25:49,0
1069,990,938,831,168,140,115,63,113,53,78,78,45,79,33,33,81,36,36,36,28,28,35,28,28,28,21,10,25,8,35,7,6,4,2,0,1,2,1,0,1,1,1,2,1,2,2,2024-01-10 14:27:49,1
1016,969,928,866,66,55,67,22,59,42,40,40,15,38,13,13,54,11,11,11,11,11,11,11,11,11,15,5,22,5,19,0,0,4,2,1,0,0,0,0,0,0,0,0,0,0,0,2024-01-10 14:29:49,1
1091,1047,1453,963,360,299,137,125,60,51,53,53,45,50,25,25,112,69,69,69,61,61,64,61,61,61,33,4,14,5,8,9,6,4,2,0,5,2,0,0,1,1,1,2,1,0,0,2024-01-10 14:31:49,39
1049,987,1143,975,142,121,107,53,70,60,50,50,30,48,25,25,82,32,32,32,21,21,32,21,21,21,31,9,23,14,27,0,0,4,2,1,0,0,2,2,0,0,0,0,0,0,1,2024-01-10 14:33:49,19
1021,950,1130,687,72,60,103,26,91,63,73,73,30,68,27,27,76,14,14,14,12,12,14,12,12,12,22,2,20,13,19,9,6,4,2,1,0,2,0,1,1,1,1,2,1,0,1,2024-01-10 14:35:49,2
1019,957,134,0,101,84,142,36,102,100,96,96,45,94,23,23,119,20,20,20,17,17,19,17,17,17,19,8,16,21,6,8,6,4,2,2,1,2,1,1,1,1,1,2,1,1,2,2024-01-10 14:37:49,4
1018,980,59,0,71,59,67,23,52,28,45,45,15,46,27,27,40,14,14,14,12,12,11,12,12,12,10,9,15,11,8,0,0,4,2,0,3,0,0,1,0,0,0,0,0,1,0,2024-01-10 14:39:49,3
1007,962,418,0,94,78,85,40,52,42,43,43,45,42,26,26,59,22,22,24,16,16,24,16,16,16,21,8,15,11,10,3,6,4,2,0,0,2,2,0,1,1,1,2,1,0,0,2024-01-10 14:41:49,6
1081,964,385,0,46,39,397,14,276,362,262,262,30,262,28,28,369,9,9,7,7,7,7,7,7,7,17,12,16,62,14,0,0,4,2,0,0,0,0,1,0,0,0,0,0,0,1,2024-01-10 14:43:49,0
1046,961,431,0,114,95,103,40,142,44,127,127,30,125,38,38,65,21,21,21,19,19,21,19,19,19,17,13,19,26,17,8,6,4,2,2,0,2,0,2,1,1,1,2,1,0,1,2024-01-10 14:45:49,11
1042,959,983,857,86,71,137,28,104,88,83,83,30,77,30,30,107,13,13,13,15,15,13,15,15,15,47,8,28,17,21,0,0,4,2,4,0,0,0,1,0,0,0,0,0,0,2,2024-01-10 14:47:49,2
1040,996,951,860,106,89,89,39,55,33,46,46,30,43,36,36,53,23,23,23,17,17,22,17,17,17,13,12,15,3,10,8,6,4,2,3,1,2,3,0,1,1,1,2,1,2,0,2024-01-10 14:49:49,8
999,954,1311,871,90,75,91,35,72,47,63,63,45,57,26,26,65,20,20,20,15,15,20,15,15,15,21,6,21,7,11,9,6,4,2,3,0,2,1,2,1,1,1,2,1,1,0,2024-01-10 14:51:49,2
1004,965,920,842,66,55,79,25,43,43,38,38,30,35,25,25,54,14,14,14,11,11,14,11,11,11,26,2,18,8,6,0,0,4,2,0,0,0,1,0,0,0,0,0,0,0,1,2024-01-10 14:53:49,1
1020,964,1283,831,128,106,113,49,65,62,54,54,30,50,27,27,86,27,27,27,22,22,27,22,22,22,35,7,28,8,11,8,6,4,2,2,0,2,1,0,1,1,1,2,1,0,1,2024-01-10 14:55:49,2
1036,990,944,827,172,144,106,68,57,48,49,49,30,46,30,30,76,40,40,40,28,28,40,28,28,28,24,3,20,8,9,0,0,4,2,0,0,0,1,1,0,0,0,0,0,0,2,2024-01-10 14:57:49,6
1048,997,969,867,127,105,105,49,72,60,61,61,30,57,22,22,83,28,28,28,22,22,27,22,22,22,24,6,23,4,12,8,6,4,2,1,1,2,3,1,1,1,1,2,1,0,0,2024-01-10 14:59:49,5
1034,961,1257,827,89,75,104,29,76,53,62,62,45,54,31,31,73,20,20,20,14,14,15,14,14,14,40,15,24,14,19,8,6,4,2,2,5,2,3,0,1,1,1,2,1,1,0,2024-01-10 15:01:49,16
1616,971,1651,846,120,100,1432,40,852,1132,833,833,30,647,31,31,1401,20,20,20,20,20,20,20,20,20,922,5,20,483,461,0,0,4,2,186,0,0,0,1,0,0,0,0,0,1,1,2024-01-10 15:03:49,2140
1107,977,1273,861,112,93,92,41,140,39,128,128,30,121,30,30,62,26,26,26,19,19,22,19,19,19,17,18,23,84,13,9,6,4,2,4,4,2,0,1,1,1,1,2,1,0,1,2024-01-10 15:05:49,4
980,938,910,824,50,42,91,17,70,60,61,61,30,61,23,23,68,9,9,9,8,8,9,8,8,8,42,7,13,9,9,0,0,4,2,0,0,0,1,0,0,0,0,0,0,0,2,2024-01-10 15:07:49,1
1071,990,1015,882,96,80,141,33,116,95,96,96,30,92,28,28,113,18,18,18,16,16,17,16,16,16,62,8,30,22,21,8,6,4,2,2,1,2,1,0,1,1,1,2,1,0,0,2024-01-10 15:09:49,12
1014,949,1399,952,144,120,106,49,73,55,63,63,45,54,26,26,80,26,26,25,24,24,25,24,24,24,30,5,20,11,15,8,6,4,2,1,0,2,2,0,1,1,1,2,1,0,0,2024-01-10 15:11:49,7
1044,984,1040,951,90,75,94,35,99,57,85,85,30,81,22,22,73,19,19,20,15,15,20,15,15,15,28,6,24,11,17,0,0,4,2,1,0,0,0,1,0,0,0,0,0,2,1,2024-01-10 15:13:49,8
1065,997,1227,776,148,123,129,64,86,57,60,60,30,57,45,45,83,38,38,39,25,25,39,25,25,25,22,15,23,7,27,8,6,4,2,1,0,2,0,1,1,1,1,2,1,0,1,2024-01-10 15:15:49,11
1051,1013,103,0,184,153,106,87,44,38,36,36,30,34,36,36,70,57,57,56,31,31,56,31,31,31,22,5,17,5,10,0,0,4,2,1,0,0,0,0,0,0,0,0,0,0,2,2024-01-10 15:17:49,11
1053,1010,97,0,148,124,101,67,47,36,42,42,30,42,41,41,60,44,44,44,24,24,43,24,24,24,19,6,16,7,7,9,6,4,2,0,1,2,2,1,1,1,1,2,1,0,0,2024-01-10 15:19:49,4
1059,1001,465,0,192,160,133,81,72,51,58,58,45,56,48,48,85,49,49,49,32,32,49,32,32,32,26,12,26,7,15,8,6,4,2,1,0,2,1,0,1,1,1,2,1,1,0,2024-01-10 15:21:49,5
1055,1008,96,0,156,130,116,54,52,46,44,44,30,41,39,39,75,28,28,28,26,26,28,26,26,26,17,17,18,7,9,0,0,4,2,3,0,0,1,0,0,0,0,0,0,1,1,2024-01-10 15:23:49,15
1029,980,445,0,122,101,115,48,61,51,57,57,30,56,41,41,74,28,28,29,21,21,27,21,21,21,23,12,11,16,8,8,6,4,3,1,2,2,0,1,1,1,1,2,1,1,1,2024-01-10 15:25:49,23
1025,960,980,871,116,97,125,44,78,69,60,60,30,55,30,30,95,26,26,25,19,19,25,19,19,19,43,2,19,10,30,0,0,4,2,5,0,0,3,4,0,0,0,0,0,0,2,2024-01-10 15:27:49,58
1083,1028,969,860,170,142,120,68,66,49,56,56,30,54,40,40,81,45,45,45,28,28,40,28,28,28,30,10,18,11,13,9,6,4,2,2,5,2,0,0,1,1,1,2,1,0,0,2024-01-10 15:29:49,16
1034,974,1323,876,144,120,117,59,67,47,53,53,30,51,43,43,73,39,39,39,24,24,35,24,24,24,28,14,19,10,17,0,0,4,2,1,4,0,2,0,0,0,0,0,0,0,0,2024-01-10 15:31:49,17
1079,1005,983,856,180,150,156,62,87,95,72,72,45,62,21,21,135,34,34,34,30,30,32,30,30,30,66,6,20,25,33,9,6,4,2,7,2,2,0,1,1,1,1,2,1,0,1,2024-01-10 15:33:49,84
1117,1037,1324,846,251,209,153,103,110,56,91,91,30,80,49,49,104,61,61,61,42,42,61,42,42,42,23,15,30,11,21,9,6,4,2,6,0,2,0,0,1,1,1,2,1,2,1,2024-01-10 15:35:49,16
1061,988,935,831,141,117,118,55,86,65,66,66,30,63,28,28,90,33,33,33,24,24,31,24,24,24,28,12,35,7,24,0,0,4,2,0,2,0,1,0,0,0,0,0,0,0,2,2024-01-10 15:37:49,18
1039,994,935,853,124,104,99,48,52,41,45,45,30,43,37,37,62,31,31,31,20,20,28,20,20,20,20,16,17,8,9,7,6,4,2,0,3,2,0,0,1,1,1,2,1,0,0,2024-01-10 15:39:49,7
1017,957,1282,842,102,85,122,34,71,78,63,63,30,59,26,26,96,19,19,19,17,17,17,17,17,17,43,10,19,16,23,0,0,4,2,1,2,0,0,4,0,0,0,0,0,0,0,2024-01-10 15:41:49,71
1027,985,950,888,78,65,75,28,51,37,46,46,45,39,23,23,52,15,15,15,13,13,15,13,13,13,16,12,21,7,8,9,6,4,2,1,0,2,1,0,1,1,1,2,1,0,1,2024-01-10 15:43:49,10
1038,985,1317,868,132,110,114,61,70,53,59,59,30,58,38,38,76,41,41,41,22,22,39,22,22,22,31,5,17,9,13,8,6,4,2,1,2,2,0,0,1,1,1,2,1,0,1,2024-01-10 15:45:49,11
1014,968,899,816,102,85,104,40,54,51,49,49,30,47,36,36,68,28,28,28,17,17,23,17,17,17,24,20,21,6,9,0,0,4,2,0,5,0,3,0,0,0,0,0,0,2,2,2024-01-10 15:47:49,16
1130,1076,1096,899,368,306,161,125,68,52,52,52,30,50,45,45,115,67,67,67,62,62,63,62,62,62,17,10,25,2,18,9,6,4,2,1,4,2,0,0,1,1,1,2,1,0,0,2024-01-10 15:49:49,48
1031,968,1435,959,96,81,101,41,72,52,58,58,30,54,32,32,69,29,29,29,15,15,26,15,15,15,19,11,26,9,15,0,0,4,4,2,3,0,1,1,0,0,0,0,0,0,0,2024-01-10 15:51:49,6
1057,999,1078,978,140,117,113,48,65,50,48,48,45,47,40,40,73,25,25,25,23,23,25,23,23,23,25,13,21,11,21,9,6,4,4,0,0,2,2,0,1,1,1,2,1,1,1,2024-01-10 15:53:49,24
1014,970,1065,629,110,92,109,44,53,47,38,38,30,37,42,42,67,26,26,26,18,18,26,18,18,18,17,14,26,9,18,9,6,4,4,1,0,2,0,7,1,1,1,2,1,0,1,2024-01-10 15:55:49,23
1003,937,97,0,60,50,101,24,73,47,54,54,30,51,42,42,58,16,16,16,10,10,14,10,10,10,28,16,21,6,21,0,0,4,5,1,2,0,0,1,0,0,0,0,0,0,2,2024-01-10 15:57:49,12
1055,1027,89,0,128,106,102,50,39,38,36,36,30,37,42,42,60,31,31,31,22,22,28,22,22,22,17,15,14,5,5,9,6,4,6,0,3,2,0,0,1,1,1,2,1,2,0,2024-01-10 15:59:49,18
1022,948,448,0,58,49,139,19,82,89,72,72,30,69,36,36,103,14,14,14,9,9,10,9,9,9,51,16,20,22,29,0,0,4,6,1,4,0,1,0,0,0,0,0,0,0,0,2024-01-10 16:01:49,95
1099,1019,116,0,182,152,132,65,90,58,71,71,45,65,40,40,92,38,38,38,30,30,35,30,30,30,21,19,30,10,24,9,6,4,6,4,3,2,3,1,1,1,1,2,1,0,1,2024-01-10 16:03:49,35
1047,969,454,0,116,96,131,39,86,78,70,70,15,67,31,31,100,25,25,25,20,20,19,20,20,20,31,11,26,20,25,0,0,4,6,2,6,0,1,0,0,0,0,0,0,0,1,2024-01-10 16:05:49,40
1120,1026,976,847,212,177,172,74,118,90,80,80,45,74,42,42,130,39,39,39,35,35,39,35,35,35,32,26,35,9,44,9,6,4,5,4,0,2,0,1,1,1,1,2,1,0,2,2024-01-10 16:07:49,55
1030,971,953,855,130,108,110,48,73,54,55,55,30,54,33,33,77,26,26,26,22,22,26,22,22,22,22,8,22,8,22,8,6,4,6,1,0,2,2,0,1,1,1,2,1,0,0,2024-01-10 16:09:49,14
1042,994,1344,891,180,150,120,74,54,54,47,47,30,47,34,34,87,45,45,45,30,30,44,30,30,30,27,6,19,10,16,0,0,4,6,2,1,0,0,0,0,0,0,0,0,2,0,2024-01-10 16:11:49,45
1068,1011,959,848,161,134,130,64,65,68,46,46,45,46,35,35,95,37,37,37,27,27,37,27,27,27,26,9,29,7,31,9,6,4,6,0,0,2,1,0,1,1,1,2,1,0,1,2024-01-10 16:13:49,61
985,943,1238,846,51,43,64,17,49,36,42,42,15,38,16,16,47,9,9,9,8,8,9,8,8,8,20,6,13,12,11,0,0,4,6,3,0,0,2,1,0,0,0,0,0,0,1,2024-01-10 16:15:49,21
982,948,907,828,114,95,79,43,49,36,40,40,45,39,24,24,55,24,24,24,19,19,24,19,19,19,14,7,12,4,12,9,6,4,6,0,0,2,0,0,1,1,1,2,1,0,2,2024-01-10 16:17:49,17
1142,1029,1033,841,150,125,308,57,144,189,133,133,30,101,62,62,246,32,32,32,25,25,32,25,25,25,131,29,20,54,73,9,6,4,6,28,0,2,1,2,1,1,1,2,1,0,0,2024-01-10 16:19:49,309
1041,960,1259,830,96,80,105,36,100,59,91,91,30,83,23,23,82,21,21,21,16,16,20,16,16,16,29,10,22,37,13,0,0,4,6,6,1,0,0,0,0,0,0,0,0,1,0,2024-01-10 16:21:49,18
1081,1028,991,871,222,185,129,77,61,42,51,51,45,46,48,48,81,42,42,42,37,37,40,37,37,37,20,15,19,7,14,8,6,4,6,1,2,2,1,0,1,1,1,2,1,2,1,2024-01-10 16:23:49,12
1020,984,1331,885,202,168,110,77,43,47,34,34,15,33,29,29,81,43,43,43,34,34,43,34,34,34,19,10,22,7,12,0,0,4,6,0,0,0,1,0,0,0,0,0,0,0,1,2024-01-10 16:25:49,20
1072,1006,949,843,190,158,123,69,85,41,59,59,45,56,48,48,75,38,38,38,32,32,38,31,32,32,24,16,15,9,27,6,6,4,6,1,0,2,1,1,1,1,1,2,1,0,2,2024-01-10 16:27:49,4
1028,1004,953,878,103,86,91,43,29,30,27,27,30,27,44,44,47,25,25,25,17,17,25,18,17,17,15,17,15,4,3,8,6,4,6,0,0,2,0,0,1,1,1,2,1,0,0,2024-01-10 16:29:49,6
1047,991,1396,955,157,131,125,55,63,52,50,50,30,44,43,43,82,34,34,34,26,26,29,26,26,26,25,22,19,7,21,0,0,4,4,3,5,0,0,0,0,0,0,0,0,0,0,2024-01-10 16:31:49,40
1021,978,1054,967,128,107,94,49,57,47,45,45,45,45,25,25,69,28,28,28,21,21,28,21,21,21,30,4,14,11,16,8,6,4,2,1,0,2,0,2,1,1,1,2,1,1,1,2024-01-10 16:33:49,18
995,962,1130,687,110,91,119,45,43,41,40,40,15,37,57,57,62,24,24,26,19,19,26,19,19,19,21,16,15,9,7,0,0,4,2,2,0,0,2,0,0,0,0,0,0,1,1,2024-01-10 16:35:49,15
1057,1010,95,0,166,139,117,69,57,40,41,41,45,39,47,47,70,44,44,42,27,27,42,27,27,27,23,15,15,8,19,8,6,4,2,2,0,2,0,2,1,1,1,2,1,0,2,2024-01-10 16:37:49,25
1054,1007,84,0,150,125,105,54,57,42,42,42,15,42,38,38,67,29,29,29,25,25,29,25,25,25,17,19,15,7,18,0,0,4,2,0,0,0,1,0,0,0,0,0,0,0,0,2024-01-10 16:39:49,17
1024,972,452,0,150,125,128,54,64,78,54,54,45,52,23,23,105,30,30,30,25,25,29,25,25,25,40,5,20,17,21,5,6,4,2,2,1,2,1,0,1,1,1,2,1,0,0,2024-01-10 16:41:49,63
1053,1001,74,0,144,120,89,52,61,30,46,46,45,42,29,29,59,28,28,28,24,24,28,24,24,24,17,12,18,11,18,3,6,4,3,4,0,2,0,0,1,1,1,2,1,0,1,2024-01-10 16:43:49,10
1043,987,439,0,168,140,102,61,69,47,52,52,15,49,26,26,76,33,33,33,28,28,33,28,28,28,14,8,21,6,20,0,0,4,4,1,0,0,1,0,0,0,0,0,0,2,1,2024-01-10 16:45:49,23
1013,971,948,861,144,120,99,48,55,47,45,45,45,42,26,26,73,26,26,26,24,24,24,24,24,24,20,10,10,5,12,8,6,4,4,1,2,2,1,0,1,1,1,2,1,0,2,2024-01-10 16:47:49,14
1079,1037,979,842,180,150,149,66,68,64,60,60,15,59,53,53,96,37,37,37,30,30,36,30,30,30,22,20,14,5,12,0,0,4,4,1,1,0,1,0,0,0,0,0,0,0,0,2024-01-10 16:49:49,25
1067,1019,1388,880,232,193,160,98,75,65,68,68,45,64,56,56,104,59,59,59,39,39,59,39,39,39,20,7,17,8,10,8,6,4,4,0,0,2,3,0,1,1,1,2,1,0,0,2024-01-10 16:51:49,23
1073,1026,981,861,224,187,132,78,57,54,51,51,45,50,40,40,92,49,49,49,37,37,43,37,35,35,25,10,12,10,11,5,6,4,4,1,6,2,1,2,1,1,1,2,1,0,1,2024-01-10 16:53:49,28
1005,979,1266,831,162,135,106,59,45,39,42,42,15,42,38,38,68,32,32,32,27,27,32,27,27,27,16,12,6,6,6,0,0,4,4,1,0,0,2,1,0,0,0,0,0,1,1,2024-01-10 16:55:49,14
1041,999,969,834,224,186,141,76,61,72,59,59,45,55,29,29,113,39,39,39,38,38,39,37,38,38,33,3,11,11,13,9,6,4,4,2,0,2,3,1,1,1,1,2,1,2,2,2024-01-10 16:57:49,46
1045,1005,919,845,142,119,92,52,55,34,51,51,15,45,26,26,65,29,29,29,23,23,28,24,23,23,20,9,8,12,10,0,0,4,4,4,1,0,3,0,0,0,0,0,0,0,0,2024-01-10 16:59:49,19
1011,974,1286,825,120,100,127,53,52,52,50,50,45,45,53,53,74,37,37,37,20,20,33,20,20,20,25,9,12,10,7,7,6,4,4,2,4,2,2,1,1,1,1,2,1,0,0,2024-01-10 17:01:49,26
1018,980,938,857,114,95,94,36,49,35,47,47,45,46,38,38,56,26,26,26,19,19,20,19,16,16,14,13,8,8,5,8,6,4,4,1,6,2,1,1,1,1,1,2,1,0,1,2024-01-10 17:03:49,12
1004,965,1307,871,132,110,98,44,52,56,46,46,15,45,19,19,79,26,26,26,22,22,22,22,22,22,32,6,12,7,7,0,0,4,4,1,4,0,2,1,0,0,0,0,0,0,1,2024-01-10 17:05:49,6
1000,970,932,829,144,120,115,49,54,62,50,50,45,48,27,27,88,26,26,26,24,24,25,24,24,24,34,7,5,11,8,4,6,4,4,2,1,2,0,0,1,1,1,2,1,0,2,2024-01-10 17:07:49,15
1030,990,942,849,106,88,98,41,63,51,56,56,15,56,26,26,72,23,23,23,18,18,23,18,18,18,31,9,9,10,6,0,0,4,4,2,0,0,1,2,0,0,0,0,0,2,0,2024-01-10 17:09:49,11
1040,966,1442,969,134,112,147,51,88,102,75,75,45,68,17,17,130,29,29,29,22,22,28,22,22,22,55,2,14,28,43,8,6,4,4,5,1,2,1,1,1,1,1,2,1,0,0,2024-01-10 17:11:49,131
1037,1001,1039,954,120,100,96,45,57,46,53,53,45,53,30,30,66,26,26,26,20,20,26,20,20,20,17,9,11,7,6,7,6,4,4,0,0,2,0,0,1,1,1,2,1,0,1,2024-01-10 17:13:49,12
998,959,1202,764,120,100,107,44,60,55,49,49,15,49,32,32,75,24,24,24,20,20,24,20,20,20,26,9,12,9,13,0,0,4,4,0,0,0,1,1,0,0,0,0,0,0,1,2024-01-10 17:15:49,10
1029,979,113,0,142,118,103,56,87,55,77,77,45,74,24,24,80,34,34,34,24,24,32,24,24,24,26,4,9,14,13,9,6,4,4,1,2,2,1,0,1,1,1,2,1,0,2,2024-01-10 17:17:49,25
1030,1005,102,0,152,127,101,54,40,37,37,37,15,37,38,38,62,30,30,30,25,25,29,25,25,25,17,8,8,5,5,0,0,4,4,0,1,0,1,0,0,0,0,0,0,1,0,2024-01-10 17:19:49,12
1009,969,437,0,132,110,109,49,59,55,54,54,45,52,29,29,80,27,27,27,22,22,27,22,22,22,20,13,10,12,8,9,6,4,4,2,0,2,3,0,1,1,1,2,1,1,0,2024-01-10 17:21:49,15
1044,1000,119,0,162,135,133,56,68,62,59,59,30,56,42,42,91,29,29,29,27,27,29,27,27,27,25,12,10,13,15,0,0,4,4,1,0,0,3,0,0,0,0,0,0,0,1,2024-01-10 17:23:49,28
1009,972,431,0,126,105,105,44,61,50,50,50,30,50,32,32,73,23,23,23,21,21,23,21,21,21,22,13,8,5,13,8,6,4,4,1,0,2,2,0,1,1,1,2,1,1,1,2024-01-10 17:25:49,19
984,960,942,855,66,55,96,24,42,49,42,41,45,41,35,35,61,14,14,14,11,11,13,11,11,11,12,10,12,3,2,8,6,4,4,0,1,2,0,0,1,1,1,2,1,0,2,2024-01-10 17:27:49,6
1180,1000,1238,836,118,98,421,45,380,369,370,371,15,367,28,28,393,26,26,26,20,20,25,20,20,20,26,11,12,101,16,0,0,4,4,4,1,0,2,2,0,0,0,0,0,0,0,2024-01-10 17:29:49,40
996,949,1316,868,98,82,128,34,68,70,57,57,45,58,40,40,88,22,22,22,16,16,18,16,16,16,32,14,8,11,23,7,6,4,4,0,4,2,0,1,1,1,1,2,1,1,0,2024-01-10 17:31:49,63
1064,1025,921,831,174,145,115,64,55,35,51,51,30,48,43,43,72,35,35,35,29,29,35,29,29,29,15,18,10,8,7,0,0,4,4,3,0,0,6,0,0,0,0,0,0,1,1,2024-01-10 17:33:49,20
1052,1021,1292,843,204,170,119,83,46,35,37,37,30,37,50,50,69,49,49,49,34,34,49,34,34,34,15,17,8,3,10,7,6,4,4,0,0,2,1,1,1,1,1,2,1,0,1,2024-01-10 17:35:49,14
1077,1037,935,830,204,170,152,77,54,54,52,52,45,47,56,56,96,43,43,43,34,34,43,34,34,34,36,37,12,6,9,8,6,4,4,4,0,2,1,0,1,1,1,2,1,0,2,2024-01-10 17:37:49,41
1068,1034,938,850,140,117,123,48,48,38,48,48,15,45,55,55,68,26,26,26,23,23,25,23,23,23,21,27,4,11,11,0,0,4,4,3,1,0,7,2,0,0,0,0,0,0,0,2024-01-10 17:39:49,47
1009,954,1279,834,126,105,126,44,78,79,69,69,45,64,20,20,106,23,23,23,21,21,23,21,21,21,37,12,16,12,22,5,6,4,4,4,0,2,3,0,1,1,1,2,1,1,0,2024-01-10 17:41:49,63
1028,998,941,859,156,130,93,55,42,34,39,39,30,37,33,33,60,29,29,29,26,26,29,26,26,26,10,9,10,7,6,0,0,4,3,0,0,0,0,0,0,0,0,0,0,0,1,2024-01-10 17:43:49,12
1024,982,1310,887,114,95,99,41,52,40,46,46,30,45,36,36,63,22,22,22,19,19,22,19,19,19,21,15,11,9,8,8,6,4,4,2,0,2,7,0,1,1,1,2,1,1,1,2024-01-10 17:45:49,15
1055,1021,951,827,216,180,141,80,54,46,50,50,45,47,59,59,82,44,44,44,36,36,44,36,36,36,18,19,7,8,5,8,6,4,4,0,0,2,2,0,1,1,1,2,1,0,2,2024-01-10 17:47:49,10
1035,998,983,876,138,115,116,50,53,48,47,47,15,45,43,43,73,27,27,27,23,23,27,23,23,23,25,13,7,12,9,0,0,4,4,1,0,0,2,0,0,0,0,0,0,0,0,2024-01-10 17:49:49,17
1023,1000,1378,950,88,73,129,33,34,31,36,36,45,34,79,79,50,20,20,20,15,15,18,15,15,15,19,52,3,8,2,9,6,4,4,2,2,2,2,1,1,1,1,2,1,0,0,2024-01-10 17:51:49,18
1138,1045,1251,982,284,237,284,98,182,205,177,177,30,174,27,27,257,51,51,51,47,47,51,47,47,47,21,9,8,50,11,0,0,4,4,4,0,0,3,0,0,0,0,0,0,1,1,2024-01-10 17:53:49,29
1171,1036,1377,744,290,242,317,98,252,218,241,241,30,235,43,43,274,51,51,51,48,48,50,48,48,48,28,21,8,60,19,8,6,4,3,5,1,2,1,1,1,1,1,2,1,0,1,2024-01-10 17:55:49,32
1050,1016,138,0,188,157,163,82,66,60,64,64,30,65,69,69,94,53,53,53,31,31,50,31,31,31,27,26,9,8,6,0,0,4,4,1,3,0,2,0,0,0,0,0,0,2,2,2024-01-10 17:57:49,14
1096,1053,128,0,226,188,157,91,61,57,56,56,30,54,61,61,96,64,64,64,38,38,54,38,38,38,22,27,9,8,9,9,6,4,4,1,10,2,2,4,1,1,1,2,1,0,0,2024-01-10 17:59:49,30
1119,1071,463,0,178,149,202,67,57,49,55,55,45,52,120,120,82,55,55,55,29,29,37,29,29,29,31,82,7,5,3,7,6,4,4,2,18,2,2,2,1,1,1,2,1,0,0,2024-01-10 18:01:49,25
1093,1062,105,0,219,182,147,84,35,35,36,36,30,35,72,72,75,57,57,57,37,37,48,37,37,37,20,37,5,6,4,0,0,4,4,1,9,0,1,0,0,0,0,0,0,0,1,2024-01-10 18:03:49,20
1124,1075,455,0,233,194,174,85,48,36,45,45,30,43,95,95,79,63,63,63,39,39,46,39,39,39,18,56,9,6,6,2,6,4,4,2,17,2,2,0,1,1,1,2,1,1,1,2024-01-10 18:05:49,19
1016,976,952,846,154,128,111,54,40,42,37,37,30,37,42,42,68,40,40,40,26,26,28,26,26,26,22,11,8,8,5,0,0,4,5,0,12,0,1,0,0,0,0,0,0,0,2,2024-01-10 18:07:49,15
1058,1016,964,837,206,172,114,71,50,39,44,44,30,43,40,40,74,50,50,50,34,34,37,34,34,34,13,10,11,5,7,8,6,4,6,1,13,2,1,1,1,1,1,2,1,1,0,2024-01-10 18:09:49,7
1096,1027,1348,881,255,211,141,91,69,53,57,57,45,51,37,37,104,60,60,60,44,44,47,44,44,44,23,18,10,10,16,7,6,4,6,3,13,2,5,0,1,1,1,2,1,0,0,2024-01-10 18:11:49,20
1087,1046,943,825,237,199,138,88,43,45,42,42,30,41,53,53,85,62,62,62,38,38,50,38,38,38,20,19,9,12,5,0,0,4,6,1,12,0,0,0,0,0,0,0,0,0,1,2024-01-10 18:13:49,19
1147,1110,1317,837,398,321,145,186,47,39,41,41,30,41,28,28,117,109,109,114,77,77,109,77,77,77,14,10,9,8,7,8,6,4,6,1,5,2,0,0,1,1,1,2,1,1,1,2024-01-10 18:15:49,18
1059,1030,923,833,202,179,111,90,48,44,47,47,30,44,41,41,70,73,73,68,23,23,67,23,23,23,25,18,9,9,4,0,0,4,6,2,1,0,1,0,0,0,0,0,0,0,2,2024-01-10 18:17:49,19
1018,993,921,837,138,115,91,51,37,34,31,31,30,31,34,34,57,28,28,28,23,23,28,23,23,23,12,7,13,3,6,7,6,4,6,0,0,2,1,0,1,1,1,2,1,0,0,2024-01-10 18:19:49,4
1023,985,1259,844,132,110,90,45,50,39,46,46,45,40,28,28,62,23,23,23,22,22,23,22,22,22,17,15,5,12,10,9,6,4,6,1,0,2,1,0,1,1,1,2,1,1,0,2024-01-10 18:21:49,21
1041,1004,947,857,144,120,100,49,55,35,46,46,30,42,41,41,59,26,26,26,24,24,25,24,24,24,14,11,6,8,11,0,0,4,5,0,1,0,0,2,0,0,0,0,0,0,1,2024-01-10 18:23:49,10
1023,993,1316,865,186,155,119,65,50,59,48,48,30,46,29,29,90,34,34,34,31,31,34,31,31,31,9,11,18,4,3,9,6,4,2,0,0,2,1,0,1,1,1,2,1,0,1,2024-01-10 18:25:49,12
1001,961,925,835,120,100,102,44,58,40,50,50,30,45,38,38,64,25,25,25,20,20,24,20,20,20,14,9,12,3,11,0,0,4,2,4,1,0,0,1,0,0,0,0,0,1,2,2024-01-10 18:27:49,10
1036,993,963,884,78,65,123,31,61,62,58,58,30,50,36,36,87,19,19,19,13,13,18,13,13,13,35,19,9,19,20,9,6,4,2,9,1,2,2,0,1,1,1,2,1,1,0,2024-01-10 18:29:49,82
1134,1084,1373,955,36,30,226,18,57,48,59,59,30,54,157,157,69,16,16,16,6,6,12,6,6,6,43,138,8,8,6,0,0,4,2,4,4,0,4,0,0,0,0,0,0,1,0,2024-01-10 18:31:49,49
1145,1112,1012,950,84,70,207,32,43,35,44,44,45,42,154,154,53,18,18,18,14,14,18,14,14,14,19,140,4,10,4,7,6,4,2,2,0,2,7,1,1,1,1,2,1,0,1,2024-01-10 18:33:49,21
1190,1160,1206,785,86,72,299,35,41,37,39,39,30,36,247,247,52,22,22,22,14,14,20,14,14,14,18,221,8,6,4,9,6,4,2,1,2,2,2,1,1,1,1,2,1,0,1,2024-01-10 18:35:49,8
1061,1027,89,0,142,118,146,58,46,37,41,41,30,41,84,84,62,37,37,37,24,24,35,24,24,24,18,55,11,6,5,0,0,4,2,1,2,0,3,0,0,0,0,0,0,1,2,2024-01-10 18:37:49,3
1027,999,93,0,96,80,118,38,52,51,48,48,30,45,46,46,72,22,22,22,16,16,22,16,16,16,28,19,3,15,11,8,6,4,2,3,0,2,2,0,1,1,1,2,1,0,0,2024-01-10 18:39:49,36
1110,1066,436,0,126,105,193,49,62,49,49,49,30,49,123,123,70,29,29,29,21,21,28,21,21,21,24,100,12,6,13,0,0,4,2,0,1,0,0,0,0,0,0,0,0,0,0,2024-01-10 18:41:49,1
1030,1005,102,0,102,85,127,43,39,59,38,38,45,39,50,50,77,26,26,26,17,17,26,17,17,17,47,27,7,9,1,2,6,4,2,0,0,2,2,0,1,1,1,2,1,1,1,2024-01-10 18:43:49,2
1384,1352,541,0,860,716,349,302,65,39,64,64,30,63,163,163,186,158,158,158,144,144,158,144,144,144,28,158,4,12,2,8,6,4,2,1,0,2,4,2,1,1,1,2,1,0,1,2024-01-10 18:45:49,7
1260,1239,892,845,46,39,336,18,36,27,34,34,30,29,300,300,36,11,11,11,7,7,11,7,7,7,19,280,6,4,4,0,0,4,2,1,0,0,0,0,0,0,0,0,0,0,2,2024-01-10 18:47:49,7
1089,1069,947,875,54,45,165,20,33,31,34,34,30,32,122,122,43,12,12,12,9,9,11,9,9,9,14,100,7,5,1,7,6,4,2,1,1,2,2,1,1,1,1,2,1,1,0,2024-01-10 18:49:49,6
1208,1174,1278,862,46,38,307,17,46,40,42,42,30,41,256,256,51,9,9,9,8,8,9,8,8,8,24,244,4,12,6,0,0,4,2,1,0,0,5,0,0,0,0,0,0,0,0,2024-01-10 18:51:49,14
1230,1209,911,854,74,62,303,24,36,35,35,35,45,33,256,256,47,12,12,12,12,12,12,12,12,12,18,244,4,9,4,9,6,4,2,0,0,2,0,0,1,1,1,2,1,0,1,2024-01-10 18:53:49,12
992,977,1222,827,54,45,106,18,26,28,26,26,30,26,67,67,39,9,9,9,9,9,9,9,9,9,21,52,4,7,2,8,6,4,2,1,0,2,3,2,1,1,1,2,1,1,1,2024-01-10 18:55:49,11
983,960,905,834,78,65,77,31,42,35,38,38,30,37,29,29,48,18,18,18,13,13,18,13,13,13,13,9,2,5,5,0,0,4,2,0,0,0,1,1,0,0,0,0,0,0,2,2024-01-10 18:57:49,6
971,957,896,862,24,20,39,9,22,20,21,21,30,22,15,15,24,6,6,6,4,4,5,4,4,4,9,6,2,5,2,9,6,4,2,0,1,2,0,1,1,1,1,2,1,1,0,2024-01-10 18:59:49,5
985,953,1273,839,42,35,115,17,45,37,40,40,30,38,67,67,48,12,12,12,7,7,10,7,7,7,23,23,8,12,7,0,0,4,2,3,2,0,1,1,0,0,0,0,0,1,0,2024-01-10 19:01:49,12
967,953,936,905,6,5,45,2,18,23,18,18,45,18,21,21,24,5,5,5,1,1,1,1,1,1,13,13,4,4,1,9,6,4,2,0,4,2,0,0,1,1,1,2,1,0,1,2024-01-10 19:03:49,5
938,915,1240,866,18,15,43,6,29,23,26,26,30,26,17,17,26,7,7,7,3,3,3,3,3,3,12,11,3,4,3,7,6,4,2,0,4,2,2,0,1,1,1,2,1,0,1,2024-01-10 19:05:49,4
983,967,892,832,84,70,66,30,29,27,27,27,30,27,25,25,41,16,16,16,14,14,16,14,14,14,10,12,2,5,2,0,0,4,2,0,0,0,2,2,0,0,0,0,0,1,2,2024-01-10 19:07:49,5
999,978,930,867,66,55,63,28,28,24,23,23,30,22,27,27,36,18,18,18,11,11,17,11,11,11,14,5,5,4,6,9,6,4,2,1,1,2,1,0,1,1,1,2,1,0,0,2024-01-10 19:09:49,14
974,954,1340,948,72,60,60,24,37,31,35,35,30,36,17,17,43,12,12,12,12,12,12,12,12,12,15,12,2,5,3,0,0,4,2,0,0,0,1,0,0,0,0,0,0,1,0,2024-01-10 19:11:49,5
993,975,1033,971,96,80,66,36,29,26,27,27,45,26,23,23,43,20,20,20,16,16,20,16,16,16,12,6,4,2,2,7,6,4,2,1,0,2,4,0,1,1,1,2,1,0,1,2024-01-10 19:13:49,3
951,941,1077,682,84,70,65,34,23,19,23,23,15,21,30,30,35,20,20,20,14,14,20,14,14,14,11,11,1,5,0,0,0,4,2,2,0,0,0,0,0,0,0,0,0,0,1,2024-01-10 19:15:49,3
966,953,48,0,30,25,57,14,25,31,26,26,45,27,21,21,36,9,9,9,5,5,9,5,5,5,15,8,2,5,2,7,6,4,2,0,0,2,2,1,1,1,1,2,1,1,2,2024-01-10 19:17:49,15
1007,987,53,0,75,62,61,26,29,22,26,26,30,26,26,26,35,13,13,13,13,13,13,13,13,13,11,8,1,5,3,9,6,4,2,0,0,2,2,0,1,1,1,2,1,0,0,2024-01-10 19:19:49,2
990,968,411,0,135,113,82,44,37,34,33,33,30,33,26,26,56,23,23,23,22,22,22,22,22,22,9,12,6,5,5,0,0,4,2,0,1,0,1,0,0,0,0,0,0,0,0,2024-01-10 19:21:49,6
966,937,65,0,42,35,69,15,43,41,42,42,45,40,19,19,50,8,8,8,7,7,8,7,7,7,18,3,4,16,3,7,6,4,2,2,0,2,0,0,1,1,1,2,1,1,1,2024-01-10 19:23:49,8
960,949,389,0,42,35,56,14,23,21,22,22,15,19,27,27,30,7,7,7,7,7,7,7,7,7,12,12,3,3,2,0,0,4,2,2,0,0,0,0,0,0,0,0,0,0,1,2024-01-10 19:25:49,7
947,937,909,860,18,15,53,6,21,20,22,22,45,22,29,29,23,3,3,3,3,3,3,3,3,3,10,9,1,5,2,7,6,4,2,0,0,2,1,1,1,1,1,2,1,0,2,2024-01-10 19:27:49,12
983,968,918,858,42,35,44,14,25,18,20,20,30,20,19,19,25,7,7,7,7,7,7,7,7,7,5,6,3,1,4,7,6,4,2,0,0,2,1,0,1,1,1,2,1,1,0,2024-01-10 19:29:49,1
982,961,1278,875,54,45,87,20,32,31,31,31,30,31,47,47,40,14,14,14,9,9,11,9,9,9,16,31,5,3,2,0,0,4,2,0,3,0,0,0,0,0,0,0,0,0,0,2024-01-10 19:31:49,4
965,950,876,843,42,34,43,15,17,22,18,18,45,20,13,13,30,9,9,9,8,8,7,8,8,8,12,11,1,7,1,6,6,4,2,0,2,2,1,0,1,1,1,2,1,2,1,2024-01-10 19:33:49,11
969,950,1233,827,66,56,83,21,25,34,25,25,15,23,36,36,47,13,13,13,10,10,11,10,10,10,24,11,2,13,10,0,0,4,2,2,2,0,0,1,0,0,0,0,0,0,1,2024-01-10 19:35:49,42
1001,970,921,853,60,50,86,20,43,31,41,41,45,36,43,43,43,12,12,12,10,10,10,10,10,10,15,27,6,10,4,8,6,4,2,2,2,2,0,1,1,1,1,2,1,0,2,2024-01-10 19:37:49,6
986,960,907,846,12,10,78,7,39,50,38,38,30,37,25,25,53,6,6,6,2,2,5,2,2,2,34,10,4,14,8,9,6,4,2,1,1,2,0,1,1,1,1,2,1,0,0,2024-01-10 19:39:49,36
948,927,1224,851,18,15,43,6,31,27,30,30,30,30,11,11,32,3,3,3,3,3,3,3,3,3,17,7,2,9,7,0,0,4,2,1,0,0,0,0,0,0,0,0,0,1,0,2024-01-10 19:41:49,25
951,935,947,907,12,10,43,6,28,24,25,25,45,25,17,17,26,4,4,4,2,2,4,2,2,2,15,5,4,7,3,7,6,4,2,0,0,2,0,0,1,1,1,2,1,0,1,2024-01-10 19:43:49,0
964,949,1250,859,48,40,62,19,26,24,25,25,15,25,29,29,33,13,13,13,8,8,11,8,8,8,11,12,5,4,3,0,0,4,1,1,2,0,0,1,0,0,0,0,0,1,1,2024-01-10 19:45:49,8
959,946,854,818,18,15,50,6,19,17,17,17,45,16,29,29,21,5,5,5,3,3,3,3,3,3,10,15,3,3,2,7,6,4,2,1,2,2,0,1,1,1,1,2,1,0,2,2024-01-10 19:47:49,0
973,956,923,882,6,5,47,2,25,24,26,26,15,26,21,21,26,2,2,2,1,1,1,1,1,1,12,6,1,8,0,0,0,4,2,0,1,0,1,0,0,0,0,0,0,0,0,2024-01-10 19:49:49,8
957,927,1342,939,18,15,72,6,37,30,37,37,45,30,31,31,41,5,5,5,3,3,3,3,3,3,20,19,7,8,5,7,6,4,2,5,2,2,4,2,1,1,1,2,1,1,0,2024-01-10 19:51:49,21
984,959,1010,966,30,25,49,13,32,30,32,32,45,31,14,14,35,11,11,11,5,5,8,5,5,5,19,8,2,8,1,5,6,4,2,0,3,2,2,0,1,1,1,2,1,0,1,2024-01-10 19:53:49,5
948,925,1060,685,6,5,34,2,28,23,26,26,15,24,10,10,24,3,3,3,1,1,1,1,1,1,11,3,3,8,3,0,0,4,2,0,2,0,0,0,0,0,0,0,0,0,1,2024-01-10 19:55:49,1
954,943,34,0,18,15,46,6,15,14,16,16,45,14,29,29,17,5,5,5,3,3,3,3,3,3,6,17,3,2,0,4,6,4,2,0,2,2,0,0,1,1,1,2,1,1,2,2024-01-10 19:57:49,2
965,948,37,0,18,15,42,6,28,27,27,27,15,24,10,10,32,4,4,4,3,3,3,3,3,3,15,2,3,6,2,0,0,4,2,2,1,0,2,0,0,0,0,0,0,0,0,2024-01-10 19:59:49,5
949,928,385,0,12,10,65,4,35,36,35,35,45,33,24,24,41,6,6,6,2,2,2,2,2,2,26,20,2,7,6,6,6,4,2,2,4,2,1,0,1,1,1,2,1,0,0,2024-01-10 20:01:49,21
968,957,36,0,30,25,45,10,24,22,23,23,45,25,18,18,27,7,7,7,5,5,5,5,5,5,10,12,2,3,1,7,6,4,2,0,2,2,0,0,1,1,1,2,1,2,1,2024-01-10 20:03:49,0
952,938,379,0,14,12,54,6,24,26,24,24,15,24,26,26,28,2,2,3,2,2,3,2,2,2,7,17,2,9,1,0,0,4,2,0,0,0,0,1,0,0,0,0,0,0,1,2024-01-10 20:05:49,5
967,955,904,848,70,58,57,23,30,25,29,29,45,29,20,20,37,15,15,14,12,12,12,12,12,12,6,9,3,2,1,7,6,4,2,0,2,2,1,0,1,1,1,2,1,0,2,2024-01-10 20:07:49,0
955,943,891,847,30,25,42,10,21,21,20,20,15,19,15,15,27,6,6,6,5,5,5,5,5,5,12,2,2,1,0,0,0,4,2,1,1,0,2,1,0,0,0,0,0,1,0,2024-01-10 20:09:49,1
949,934,1265,893,24,20,37,8,23,19,22,22,45,21,13,13,24,4,4,4,4,4,4,4,4,4,13,6,3,4,2,8,6,4,2,1,0,2,1,0,1,1,1,2,1,0,0,2024-01-10 20:11:49,0
969,958,886,851,18,15,49,6,17,19,15,15,30,15,27,27,22,3,3,3,3,3,3,3,3,3,12,15,6,0,2,0,0,4,2,0,0,0,2,1,0,0,0,0,0,0,1,2024-01-10 20:13:49,6
954,930,1234,844,24,20,52,10,38,34,37,37,30,38,14,14,38,8,8,8,4,4,6,4,4,4,8,5,5,11,1,8,6,4,2,0,2,2,2,0,1,1,1,2,1,1,1,2024-01-10 20:15:49,0
938,924,871,840,30,25,32,10,18,16,15,15,45,13,11,11,21,6,6,6,5,5,5,5,5,5,6,4,5,1,4,8,6,4,2,0,1,2,0,0,1,1,1,2,1,0,2,2024-01-10 20:17:49,5
1101,956,1075,846,12,10,347,4,185,301,185,185,15,161,13,13,334,2,2,2,2,2,2,2,2,2,219,3,2,109,96,0,0,4,2,24,0,0,4,0,0,0,0,0,0,0,0,2024-01-10 20:19:49,469
953,923,1221,838,12,10,54,4,75,34,75,75,45,75,17,17,37,2,2,2,2,2,2,2,2,2,25,10,2,11,4,8,6,4,2,1,0,2,0,1,1,1,1,2,1,1,0,2024-01-10 20:21:49,17
973,957,938,894,24,20,53,8,33,31,29,29,30,28,17,17,36,4,4,4,4,4,4,4,4,4,21,7,2,8,5,0,0,4,2,1,0,0,0,1,0,0,0,0,0,0,1,2024-01-10 20:23:49,5
954,934,1252,865,18,15,54,6,33,33,32,32,30,32,18,18,36,4,4,4,3,3,3,3,3,3,15,9,3,7,2,9,6,4,2,0,1,2,0,2,1,1,1,2,1,0,1,2024-01-10 20:25:49,8
949,920,911,832,30,25,76,11,56,52,56,56,30,57,19,19,57,7,7,7,5,5,6,5,5,5,21,6,4,14,2,0,0,4,2,0,1,0,2,0,0,0,0,0,0,1,2,2024-01-10 20:27:49,9
974,964,924,896,16,13,33,5,21,19,21,21,30,21,11,11,22,2,2,2,3,3,2,3,3,3,12,6,1,2,0,9,6,4,2,0,0,2,2,1,1,1,1,2,1,0,0,2024-01-10 20:29:49,0
965,928,1392,972,26,22,89,10,52,64,46,46,45,43,18,18,71,10,10,10,4,4,6,4,4,4,33,4,7,12,17,4,6,4,2,3,4,2,3,0,1,1,1,2,1,0,0,2024-01-10 20:31:49,55
972,957,997,972,36,30,30,12,24,14,24,24,30,25,9,9,21,6,6,6,6,6,6,6,6,6,11,6,2,9,0,0,0,4,2,0,0,0,0,0,0,0,0,0,0,1,1,2024-01-10 20:33:49,2
941,911,1044,631,42,35,76,14,48,49,46,46,30,45,18,18,58,9,9,9,7,7,7,7,7,7,21,4,4,11,7,9,6,4,2,2,2,2,2,0,1,1,1,2,1,1,1,2024-01-10 20:35:49,27
962,939,48,0,12,10,53,4,40,32,40,40,30,39,18,18,35,3,3,3,2,2,2,2,2,2,14,9,5,10,1,0,0,4,2,1,1,0,1,1,0,0,0,0,0,0,2,2024-01-10 20:37:49,6
970,961,41,0,30,25,48,10,23,21,22,22,30,23,22,22,26,5,5,5,5,5,5,5,5,5,16,7,1,4,1,8,6,4,2,0,0,2,0,0,1,1,1,2,1,1,0,2024-01-10 20:39:49,3
951,936,386,0,36,30,54,12,30,32,30,30,30,29,15,15,39,6,6,6,6,6,6,6,6,6,18,8,1,8,1,0,0,4,2,1,0,0,1,0,0,0,0,0,0,0,0,2024-01-10 20:41:49,6
958,948,36,0,12,10,42,4,19,21,19,19,45,20,19,19,23,2,2,2,2,2,2,2,2,2,14,8,3,4,0,9,6,4,2,0,0,2,0,3,1,1,1,2,1,1,1,2024-01-10 20:43:49,0
938,918,378,0,18,15,45,7,26,18,23,23,30,20,22,22,23,4,4,4,3,3,4,3,3,3,11,7,2,10,4,8,6,4,2,2,0,2,0,0,1,1,1,2,1,0,1,2024-01-10 20:45:49,1
967,950,897,854,42,35,48,14,23,18,20,20,30,20,23,23,25,8,8,8,7,7,7,7,7,7,5,8,4,5,3,0,0,4,2,0,1,0,0,1,0,0,0,0,0,0,2,2024-01-10 20:47:49,1
965,949,900,848,30,25,55,10,33,29,30,30,30,30,21,21,34,5,5,5,5,5,5,5,5,5,10,3,1,9,2,4,6,4,2,0,0,2,1,0,1,1,1,2,1,0,0,2024-01-10 20:49:49,1
967,950,1279,875,60,50,53,20,29,25,25,25,30,26,18,18,35,10,10,10,10,10,10,10,10,10,13,7,4,3,5,0,0,4,2,0,0,0,2,0,0,0,0,0,0,1,0,2024-01-10 20:51:49,0
950,929,876,832,12,10,56,4,36,35,36,36,45,35,18,18,38,2,2,2,2,2,2,2,2,2,18,11,5,11,1,7,6,4,2,1,0,2,0,1,1,1,1,2,1,0,1,2024-01-10 20:53:49,11
948,937,1201,817,18,15,43,6,31,30,31,31,15,32,10,10,33,3,3,3,3,3,3,3,3,3,10,4,1,5,0,0,0,4,2,0,0,0,3,0,0,0,0,0,0,1,1,2024-01-10 20:55:49,1
972,951,894,829,54,45,72,24,37,34,33,33,45,30,27,27,45,16,16,16,9,9,15,9,9,9,13,8,6,3,6,7,6,4,2,2,1,2,2,1,1,1,1,2,1,0,2,2024-01-10 20:57:49,6
969,954,904,863,6,5,46,2,27,32,27,27,30,27,13,13,33,1,1,1,1,1,1,1,1,1,17,4,2,9,1,2,6,4,2,0,0,2,2,0,1,1,1,2,1,0,0,2024-01-10 20:59:49,5
956,926,1222,832,26,23,48,6,34,31,33,33,30,33,14,14,34,7,7,7,3,3,3,3,3,3,21,6,3,12,27,0,0,4,2,0,4,0,1,1,0,0,0,0,0,0,0,2024-01-10 21:01:49,27
938,931,900,872,12,10,30,4,17,19,16,16,45,17,9,9,21,2,2,2,2,2,2,2,2,2,7,4,1,3,1,7,6,4,2,0,0,2,0,0,1,1,1,2,1,1,1,2024-01-10 21:03:49,0
948,934,1261,876,22,18,51,7,30,31,30,30,15,29,15,15,36,7,7,7,4,4,3,4,4,4,13,8,2,5,0,0,0,4,2,1,4,0,1,0,0,0,0,0,0,0,1,2024-01-10 21:05:49,4
964,950,887,823,62,52,60,21,31,33,31,31,45,33,17,17,43,11,11,11,10,10,11,10,10,10,21,6,2,9,0,9,6,4,2,0,0,2,0,0,1,1,1,2,1,2,2,2024-01-10 21:07:49,0
966,952,898,864,12,10,33,4,22,17,19,19,30,18,13,13,20,3,3,3,2,2,2,2,2,2,10,4,5,3,3,7,6,4,2,1,1,2,0,0,1,1,1,2,1,0,0,2024-01-10 21:09:49,0
946,932,1343,952,12,10,63,4,32,33,32,32,30,32,28,28,35,2,2,2,2,2,2,2,2,2,13,14,2,7,0,0,0,4,2,0,0,0,3,1,0,0,0,0,0,0,0,2024-01-10 21:11:49,0
950,940,1019,971,22,18,53,9,26,28,26,26,45,26,21,21,32,5,5,5,4,4,5,4,4,4,14,6,1,4,0,9,6,4,2,0,0,2,0,1,1,1,1,2,1,0,1,2024-01-10 21:13:49,1
928,917,1151,761,14,12,50,5,21,27,21,21,15,22,21,21,29,3,3,3,2,2,3,2,2,2,16,4,2,6,1,0,0,4,2,0,0,0,0,0,0,0,0,0,0,1,1,2024-01-10 21:15:49,6
978,950,55,0,48,40,58,16,46,39,43,43,45,44,11,11,47,8,8,8,8,8,8,8,8,8,15,5,7,10,4,7,6,4,2,0,0,2,3,0,1,1,1,2,1,1,2,2024-01-10 21:17:49,9
967,952,38,0,30,25,44,10,24,19,22,22,30,21,18,18,26,5,5,5,5,5,5,5,5,5,9,3,3,7,3,5,6,4,2,1,0,2,1,0,1,1,1,2,1,0,0,2024-01-10 21:19:49,9
947,939,377,0,30,25,46,10,23,22,24,24,30,24,19,19,27,6,6,6,5,5,5,5,5,5,11,11,1,1,1,0,0,4,2,0,1,0,0,1,0,0,0,0,0,0,0,2024-01-10 21:21:49,1
935,922,28,0,0,0,32,0,25,19,23,23,45,22,12,12,20,0,0,0,0,0,0,0,0,0,11,3,2,6,0,8,6,4,2,1,0,2,0,0,1,1,1,2,1,0,1,2024-01-10 21:23:49,0
927,919,391,0,12,10,56,4,29,41,30,30,15,31,13,13,43,2,2,2,2,2,2,2,2,2,17,6,3,6,2,0,0,4,2,0,0,0,0,0,0,0,0,0,0,1,1,2024-01-10 21:25:49,10
963,943,920,861,24,20,56,8,35,28,34,34,45,33,24,24,32,5,5,5,4,4,4,4,4,4,19,6,6,6,0,9,6,4,1,0,1,2,1,0,1,1,1,2,1,0,2,2024-01-10 21:27:49,0
972,953,888,846,12,10,44,4,37,34,37,37,15,37,7,7,37,2,2,2,2,2,2,2,2,2,16,1,5,8,2,0,0,4,2,1,0,0,2,1,0,0,0,0,0,1,0,2024-01-10 21:29:49,9
939,919,1263,884,18,15,38,6,24,20,21,21,45,19,14,14,24,7,7,7,3,3,3,3,3,3,7,4,2,5,3,8,6,4,2,1,4,2,1,0,1,1,1,2,1,0,0,2024-01-10 21:31:49,3
943,932,886,863,4,3,27,2,24,20,23,23,45,23,6,6,21,0,0,1,1,1,1,1,1,1,11,4,3,4,1,8,6,4,2,0,0,2,0,0,1,1,1,2,1,0,1,2024-01-10 21:33:49,0
931,921,1218,843,2,2,33,0,15,14,15,15,15,14,18,18,15,1,1,0,0,0,0,0,0,0,7,3,4,2,0,0,0,4,2,1,0,0,0,2,0,0,0,0,0,0,1,2024-01-10 21:35:49,2
955,940,865,834,18,15,29,6,16,14,15,15,45,15,12,12,17,4,4,4,3,3,3,3,3,3,11,4,5,2,1,8,6,4,2,0,1,2,0,1,1,1,1,2,1,2,2,2024-01-10 21:37:49,2
970,958,887,848,24,20,43,8,25,22,25,25,15,24,17,17,26,4,4,4,4,4,4,4,4,4,8,6,3,5,0,0,0,4,2,0,0,0,1,1,0,0,0,0,0,1,0,2024-01-10 21:39:49,0
932,923,1222,843,6,5,45,2,26,26,27,27,45,27,18,18,27,1,1,1,1,1,1,1,1,1,13,8,2,5,0,7,6,4,2,0,0,2,1,1,1,1,1,2,1,0,0,2024-01-10 21:41:49,1
967,948,928,885,18,15,51,6,33,31,34,34,30,31,15,15,36,3,3,3,3,3,3,3,3,3,8,6,2,9,1,0,0,4,2,1,0,0,3,1,0,0,0,0,0,0,1,2024-01-10 21:43:49,10
923,913,1232,858,12,10,40,5,18,21,17,17,30,17,17,17,23,3,3,3,2,2,3,2,2,2,13,8,4,5,1,9,6,4,2,0,0,2,1,0,1,1,1,2,1,0,1,2024-01-10 21:45:49,1
943,925,874,833,12,10,43,4,31,29,30,30,45,29,12,12,31,3,3,3,2,2,2,2,2,2,6,3,2,9,4,5,6,4,2,0,1,2,1,0,1,1,1,2,1,1,2,2024-01-10 21:47:49,11
973,957,950,892,6,5,61,2,34,29,31,31,15,31,31,31,30,1,1,1,1,1,1,1,1,1,4,3,1,7,3,0,0,4,2,0,0,0,2,1,0,0,0,0,0,0,0,2024-01-10 21:49:49,1
949,931,1349,953,18,15,50,6,30,28,29,29,45,30,19,19,31,3,3,3,3,3,3,3,3,3,13,11,4,8,2,9,6,4,2,0,0,2,0,0,1,1,1,2,1,1,0,2024-01-10 21:51:49,5
971,963,1003,968,30,25,55,12,25,22,25,25,30,25,28,28,27,7,7,7,5,5,7,5,5,5,2,21,1,6,0,0,0,4,2,0,0,0,0,0,0,0,0,0,0,0,1,2024-01-10 21:53:49,0
951,932,1045,658,24,20,48,8,32,30,31,31,30,30,13,13,35,4,4,4,4,4,4,4,4,4,11,5,4,9,1,8,6,4,2,1,0,2,1,0,1,1,1,2,1,0,1,2024-01-10 21:55:49,5
934,923,38,0,36,30,41,12,18,16,17,17,30,15,17,17,24,7,7,7,6,6,6,6,6,6,10,5,3,2,1,0,0,4,2,2,1,0,0,0,0,0,0,0,0,0,2,2024-01-10 21:57:49,2
972,957,41,0,6,5,42,2,34,32,33,33,30,34,9,9,33,1,1,1,1,1,1,1,1,1,7,2,6,4,1,9,6,4,2,0,0,2,2,1,1,1,1,2,1,1,0,2024-01-10 21:59:49,1
932,915,396,0,12,10,59,4,33,36,33,33,45,33,21,21,38,6,6,6,2,2,2,2,2,2,12,8,5,4,1,6,6,4,2,0,4,2,2,0,1,1,1,2,1,0,0,2024-01-10 22:01:49,6
976,959,36,0,36,30,44,12,23,19,20,20,30,20,18,18,26,6,6,6,6,6,6,6,6,6,9,6,4,2,5,0,0,4,2,1,0,0,1,0,0,0,0,0,0,1,1,2024-01-10 22:03:49,10
936,922,379,0,12,10,38,6,26,27,25,25,30,25,9,9,29,4,4,4,2,2,4,2,2,2,8,1,3,8,1,7,6,4,2,0,0,2,1,0,1,1,1,2,1,0,1,2024-01-10 22:05:49,0
961,942,903,854,30,25,49,12,33,28,31,31,30,28,13,13,36,8,8,8,5,5,7,5,5,5,6,5,4,8,2,0,0,4,2,3,1,0,0,0,0,0,0,0,0,0,2,2024-01-10 22:07:49,6
969,956,875,824,36,30,46,12,31,28,27,27,30,28,12,12,34,6,6,6,6,6,6,6,6,6,4,2,4,0,4,8,6,4,2,0,0,2,1,0,1,1,1,2,1,1,0,2024-01-10 22:09:49,1
927,910,1270,895,6,5,37,2,29,27,27,27,45,28,9,9,28,1,1,1,1,1,1,1,1,1,7,5,5,5,2,6,6,4,2,0,0,2,2,0,1,1,1,2,1,1,0,2024-01-10 22:11:49,0
992,969,912,842,76,63,67,27,41,40,38,38,30,39,14,14,53,14,14,14,13,13,14,13,13,13,10,8,4,11,4,0,0,4,2,0,0,0,1,0,0,0,0,0,0,1,1,2024-01-10 22:13:49,6
958,938,1220,830,20,17,66,9,33,50,33,33,30,32,12,12,54,6,6,6,3,3,6,3,3,3,24,7,3,15,12,8,6,4,2,1,0,2,1,0,1,1,1,2,1,0,1,2024-01-10 22:15:49,61
968,940,902,835,24,20,79,8,59,55,59,59,30,58,19,19,60,5,5,5,4,4,4,4,4,4,11,10,1,14,1,0,0,4,2,1,1,0,3,1,0,0,0,0,0,0,2,2024-01-10 22:17:49,8
957,945,876,847,12,10,35,4,16,15,15,15,30,14,17,17,18,2,2,2,2,2,2,2,2,2,6,4,3,4,1,9,6,4,2,1,0,2,1,0,1,1,1,2,1,0,0,2024-01-10 22:19:49,3
945,924,1225,839,42,35,46,14,31,32,31,31,45,30,7,7,39,7,7,7,7,7,7,7,7,7,15,2,6,5,3,5,6,4,2,0,0,2,1,1,1,1,1,2,1,1,0,2024-01-10 22:21:49,8
965,945,933,882,12,10,57,4,40,40,41,41,30,41,15,15,42,2,2,2,2,2,2,2,2,2,7,6,2,12,0,0,0,4,2,0,0,0,4,0,0,0,0,0,0,0,1,2024-01-10 22:23:49,3
938,928,1247,881,24,20,24,8,16,13,15,15,30,16,7,7,17,4,4,4,4,4,4,4,4,4,8,1,3,3,1,9,6,4,2,0,0,2,0,0,1,1,1,2,1,1,1,2024-01-10 22:25:49,1
951,928,922,853,12,10,65,4,48,46,47,47,30,45,15,15,50,2,2,2,2,2,2,2,2,2,6,3,3,14,3,0,0,4,2,2,0,0,4,0,0,0,0,0,0,0,2,2024-01-10 22:27:49,2
954,941,892,871,6,5,23,2,16,16,16,16,30,16,6,6,17,1,1,1,1,1,1,1,1,1,6,2,2,7,0,2,6,4,2,0,0,2,0,0,1,1,1,2,1,0,0,2024-01-10 22:29:49,2
939,919,1334,948,12,10,41,4,25,26,25,25,30,26,13,13,28,7,7,7,2,2,2,2,2,2,7,3,2,6,1,0,0,4,2,0,5,0,1,0,0,0,0,0,0,1,0,2024-01-10 22:31:49,3
961,949,1008,979,24,20,30,8,22,22,22,22,45,22,4,4,26,4,4,4,4,4,4,4,4,4,16,2,3,5,0,7,6,4,2,0,0,2,0,0,1,1,1,2,1,1,1,2024-01-10 22:33:49,1
923,912,1077,689,0,0,44,0,31,31,31,31,30,29,13,13,31,0,0,0,0,0,0,0,0,0,9,2,1,4,1,8,6,4,2,0,0,2,3,0,1,1,1,2,1,0,1,2024-01-10 22:35:49,1
933,923,34,0,6,5,34,2,20,21,20,20,30,21,12,12,22,2,2,2,1,1,1,1,1,1,8,5,0,5,0,0,0,4,2,0,1,0,3,0,0,0,0,0,0,1,2,2024-01-10 22:37:49,0
959,949,27,0,18,15,29,6,20,14,20,20,30,20,11,11,18,3,3,3,3,3,3,3,3,3,12,2,3,6,0,8,6,4,2,1,0,2,0,0,1,1,1,2,1,1,0,2024-01-10 22:39:49,0
942,925,389,0,18,15,54,6,38,36,37,37,30,37,14,14,40,3,3,3,3,3,3,3,3,3,8,7,3,9,1,0,0,4,2,1,0,0,1,1,0,0,0,0,0,1,0,2024-01-10 22:41:49,2
977,958,46,0,42,35,48,14,26,24,25,25,45,22,17,17,31,7,7,7,7,7,7,7,7,7,6,3,5,4,2,7,6,4,2,0,0,2,1,1,1,1,1,2,1,0,1,2024-01-10 22:43:49,1
913,902,370,0,12,10,30,4,15,17,15,15,30,15,10,10,20,2,2,2,2,2,2,2,2,2,11,1,2,9,1,8,6,4,2,1,0,2,0,0,1,1,1,2,1,1,1,2024-01-10 22:45:49,7
952,937,878,833,12,10,45,4,32,30,32,32,30,32,12,12,33,2,2,2,2,2,2,2,2,2,4,3,1,10,0,0,0,4,2,1,0,0,3,0,0,0,0,0,0,1,2,2024-01-10 22:47:49,3
968,960,861,831,0,0,48,0,15,18,15,15,30,15,27,27,21,1,1,1,0,0,0,0,0,0,11,13,1,3,2,9,6,4,2,0,1,2,1,0,1,1,1,2,1,0,0,2024-01-10 22:49:49,13
945,923,1297,883,6,5,65,2,38,37,40,40,30,39,26,26,39,1,1,1,1,1,1,1,1,1,9,7,2,8,0,0,0,4,2,1,0,0,4,1,0,0,0,0,0,0,0,2024-01-10 22:51:49,7
958,949,858,838,18,15,25,6,12,10,11,11,45,12,12,12,13,3,3,3,3,3,3,3,3,3,5,6,1,6,1,7,6,4,2,0,0,2,0,0,1,1,1,2,1,1,1,2024-01-10 22:53:49,1
917,907,1208,824,12,10,44,5,30,30,29,29,30,30,12,12,32,3,3,3,2,2,3,2,2,2,2,4,1,8,1,8,6,4,2,0,0,2,1,0,1,1,1,2,1,1,1,2024-01-10 22:55:49,5
952,946,884,848,24,20,42,9,11,11,11,11,30,10,27,27,15,5,5,5,4,4,5,4,4,4,6,9,2,1,2,0,0,4,2,0,0,0,0,1,0,0,0,0,0,0,2,2024-01-10 22:57:49,6
973,954,883,838,24,20,46,9,30,31,30,30,30,31,11,11,35,6,6,6,4,4,5,4,4,4,9,2,2,12,0,9,6,4,2,0,1,2,3,0,1,1,1,2,1,1,0,2024-01-10 22:59:49,0
940,932,1196,834,18,15,28,6,9,9,9,9,30,9,13,13,15,5,5,5,3,3,3,3,3,3,11,9,1,4,0,0,0,4,2,0,2,0,1,0,0,0,0,0,0,0,0,2024-01-10 23:01:49,3
964,937,879,836,0,0,57,0,42,38,45,45,45,42,16,16,41,2,2,2,0,0,0,0,0,0,15,11,2,11,0,9,6,4,2,3,2,2,6,0,1,1,1,2,1,0,1,2024-01-10 23:03:49,11
933,919,1228,852,18,15,35,6,27,25,26,26,15,27,7,7,28,3,3,3,3,3,3,3,3,3,4,2,3,6,1,0,0,4,2,0,0,0,3,0,0,0,0,0,0,1,1,2024-01-10 23:05:49,1
953,938,884,839,12,10,45,5,26,28,25,25,45,25,14,14,31,3,3,3,2,2,3,2,2,2,11,4,1,10,3,7,6,4,2,1,0,2,1,0,1,1,1,2,1,1,2,2024-01-10 23:07:49,10
966,952,894,844,12,10,48,5,32,33,32,32,30,31,12,12,36,3,3,3,2,2,3,2,2,2,14,3,2,6,0,7,6,4,2,1,0,2,1,0,1,1,1,2,1,0,0,2024-01-10 23:09:49,3
940,928,1316,944,24,20,37,8,23,24,22,22,30,24,9,9,28,5,5,5,4,4,4,4,4,4,11,7,1,5,3,0,0,4,1,0,1,0,0,0,0,0,0,0,0,2,0,2024-01-10 23:11:49,10
941,931,1000,974,6,5,31,2,18,18,18,18,45,18,12,12,19,1,1,1,1,1,1,1,1,1,3,6,1,7,0,7,6,4,2,0,0,2,0,0,1,1,1,2,1,0,1,2024-01-10 23:13:49,0
943,931,1232,851,16,13,45,8,25,27,25,25,15,25,15,15,30,5,5,5,3,3,5,3,3,3,5,8,0,7,0,0,0,4,2,0,0,0,2,0,0,0,0,0,0,0,1,2024-01-10 23:15:49,0
960,926,69,0,20,17,87,7,45,71,45,45,45,43,10,10,77,4,4,4,3,3,4,3,3,3,48,3,0,28,16,9,6,4,2,3,0,2,0,1,1,1,1,2,1,1,2,2024-01-10 23:17:49,80
968,959,23,0,6,5,28,2,23,11,23,23,30,24,16,16,12,1,1,1,1,1,1,1,1,1,4,6,0,4,0,8,6,4,2,0,0,2,2,0,1,1,1,2,1,1,0,2024-01-10 23:19:49,0
929,919,368,0,6,5,33,2,19,17,18,18,30,18,15,15,18,2,2,2,1,1,1,1,1,1,4,7,1,6,1,0,0,4,2,0,1,0,0,1,0,0,0,0,0,0,0,2024-01-10 23:21:49,4
932,927,36,0,6,5,38,2,19,23,19,19,45,20,14,14,24,1,1,1,1,1,1,1,1,1,2,3,0,3,0,8,6,4,2,0,0,2,2,0,1,1,1,2,1,1,1,2024-01-10 23:23:49,0
938,930,383,0,12,10,44,5,27,32,27,27,15,26,9,9,35,3,3,3,2,2,3,2,2,2,3,3,2,5,0,0,0,4,2,1,0,0,2,0,0,0,0,0,0,0,1,2024-01-10 23:25:49,1
944,931,912,863,12,10,40,4,29,26,28,28,45,29,12,12,28,2,2,2,2,2,2,2,2,2,8,2,0,8,0,9,6,4,2,0,0,2,2,0,1,1,1,2,1,1,2,2024-01-10 23:27:49,0
970,955,907,865,24,20,44,8,34,34,34,34,30,34,6,6,38,4,4,4,4,4,4,4,4,4,6,2,1,12,1,9,6,4,2,0,0,2,0,0,1,1,1,2,1,0,0,2024-01-10 23:29:49,1
936,926,1265,889,12,10,32,4,19,16,19,19,30,20,14,14,18,5,5,5,2,2,2,2,2,2,6,4,0,6,0,0,0,4,2,0,3,0,0,0,0,0,0,0,0,1,0,2024-01-10 23:31:49,3
936,922,879,847,12,10,34,4,24,25,23,23,45,24,7,7,27,4,4,4,2,2,2,2,2,2,4,3,1,8,0,7,6,4,2,0,2,2,2,1,1,1,1,2,1,1,1,2024-01-10 23:33:49,1
934,927,1214,837,0,0,37,0,22,21,23,23,15,23,16,16,21,0,0,0,0,0,0,0,0,0,3,5,2,2,0,0,0,4,2,0,0,0,0,0,0,0,0,0,0,0,1,2024-01-10 23:35:49,0
932,928,848,832,6,5,21,2,5,7,5,5,45,5,13,13,8,1,1,1,1,1,1,1,1,1,4,6,2,1,1,3,6,4,2,0,0,2,0,0,1,1,1,2,1,0,2,2024-01-10 23:37:49,5
981,961,900,851,24,20,50,11,33,32,33,33,15,34,14,14,36,7,7,7,4,4,7,4,4,4,6,4,1,13,0,0,0,4,2,0,0,0,3,0,0,0,0,0,0,1,0,2024-01-10 23:39:49,0
938,924,1216,843,12,10,34,4,22,22,22,22,45,23,10,10,24,3,3,3,2,2,2,2,2,2,7,4,1,6,0,8,6,4,2,0,1,2,2,0,1,1,1,2,1,1,0,2024-01-10 23:41:49,0
957,937,953,894,6,5,53,2,42,43,42,42,45,43,9,9,44,1,1,1,1,1,1,1,1,1,6,3,1,15,0,7,6,4,2,0,0,2,1,0,1,1,1,2,1,1,1,2024-01-10 23:43:49,3
927,920,1230,860,18,15,32,8,14,15,14,14,15,15,14,14,18,5,5,5,3,3,5,3,3,3,1,6,1,4,0,0,0,4,2,0,0,0,2,0,0,0,0,0,0,1,1,2024-01-10 23:45:49,1
942,934,870,841,6,5,30,2,16,16,15,15,45,15,13,13,17,2,2,2,1,1,1,1,1,1,3,3,2,3,1,5,6,4,2,0,1,2,1,0,1,1,1,2,1,0,2,2024-01-10 23:47:49,0
952,950,927,901,0,0,32,0,10,10,10,10,15,10,22,22,10,0,0,0,0,0,0,0,0,0,1,6,0,2,0,0,0,4,2,0,0,0,0,0,0,0,0,0,0,0,0,2024-01-10 23:49:49,0
935,921,1358,949,12,10,53,4,41,40,41,41,45,42,11,11,42,2,2,2,2,2,2,2,2,2,0,3,0,11,0,6,6,4,2,0,0,2,3,0,1,1,1,2,1,1,0,2024-01-10 23:51:49,2
935,926,964,937,6,5,31,2,19,21,19,19,45,19,9,9,22,1,1,1,1,1,1,1,1,1,2,4,0,7,0,8,6,4,2,0,0,2,1,0,1,1,1,2,1,0,1,2024-01-10 23:53:49,4
935,926,1030,660,18,15,26,7,19,15,19,19,15,21,8,8,18,4,4,4,3,3,4,3,3,3,3,3,1,5,0,0,0,4,2,0,0,0,1,0,0,0,0,0,0,2,1,2024-01-10 23:55:49,0
935,928,28,0,6,5,28,2,12,13,12,12,45,12,14,14,14,2,2,2,1,1,1,1,1,1,3,4,1,5,0,4,6,4,2,0,1,2,1,0,1,1,1,2,1,0,2,2024-01-10 23:57:49,1
958,947,34,0,6,5,38,2,24,25,25,25,15,24,11,11,27,1,1,1,1,1,1,1,1,1,0,3,1,5,1,0,0,4,2,1,0,0,2,0,0,0,0,0,0,0,0,2024-01-10 23:59:49,2
939,924,373,0,12,10,29,4,23,21,23,23,45,24,6,6,23,6,6,6,2,2,2,2,2,2,6,3,0,6,0,8,6,4,2,0,4,2,2,0,1,1,1,2,1,1,0,2024-01-11 00:01:49,1
946,939,15,0,0,0,19,0,10,11,10,10,45,10,8,8,11,2,2,2,0,0,0,0,0,0,7,4,1,2,0,7,6,4,2,0,2,2,0,0,1,1,1,2,1,0,1,2024-01-11 00:03:49,0
919,908,373,0,6,5,33,2,22,24,22,22,15,21,7,7,26,5,5,5,1,1,1,1,1,1,4,2,0,4,0,0,0,4,2,1,4,0,2,0,0,0,0,0,0,0,1,2024-01-11 00:05:49,0
941,938,847,826,12,10,16,4,5,5,5,5,45,7,9,9,7,5,5,5,2,2,2,2,2,2,5,3,0,0,0,7,6,4,2,0,3,2,0,0,1,1,1,2,1,2,2,2024-01-11 00:07:49,0
963,950,860,819,6,5,37,3,27,25,27,27,15,27,11,11,26,2,2,2,1,1,2,1,1,1,3,3,0,10,0,0,0,4,2,0,0,0,1,0,0,0,0,0,0,0,0,2024-01-11 00:09:49,0
927,919,1229,880,0,0,12,0,3,3,3,3,45,3,9,9,3,6,6,6,0,0,0,0,0,0,2,5,0,2,0,8,6,4,2,0,6,2,0,1,1,1,1,2,1,0,0,2024-01-11 00:11:49,0
937,931,849,823,18,15,27,6,15,16,15,15,30,17,8,8,19,3,3,3,3,3,3,3,3,3,3,4,0,4,0,0,0,4,2,0,0,0,1,0,0,0,0,0,0,2,1,2024-01-11 00:13:49,1
945,938,1210,840,48,40,32,16,8,7,8,8,30,8,17,17,15,12,12,12,8,8,8,8,8,8,2,4,0,2,0,8,6,4,2,0,4,2,0,0,1,1,1,2,1,0,1,2024-01-11 00:15:49,0
948,940,852,820,24,20,36,10,18,18,19,19,45,19,13,13,23,8,8,8,4,4,6,4,4,4,6,4,1,4,0,8,6,4,2,1,2,2,0,0,1,1,1,2,1,1,2,2024-01-11 00:17:49,6
988,975,869,825,18,15,67,6,29,29,29,29,15,29,34,34,33,4,4,4,3,3,3,3,3,3,8,24,3,9,0,0,0,4,2,1,1,0,0,0,0,0,0,0,0,1,0,2024-01-11 00:19:49,4
1090,1083,1212,838,90,75,150,45,11,11,11,11,45,11,124,124,26,32,32,32,15,15,30,15,15,15,6,120,0,2,0,8,6,4,2,0,2,2,0,0,1,1,1,2,1,0,0,2024-01-11 00:21:49,26
1043,1035,867,837,6,5,145,2,21,19,21,21,30,21,125,125,20,1,1,1,1,1,1,1,1,1,1,116,1,6,0,0,0,4,2,0,0,0,0,0,0,0,0,0,0,0,1,2024-01-11 00:23:49,2
1038,1025,1233,859,6,5,129,2,21,24,21,21,30,22,104,104,25,1,1,1,1,1,1,1,1,1,5,99,1,7,0,8,6,4,2,0,0,2,2,0,1,1,1,2,1,1,1,2024-01-11 00:25:49,2
1007,996,888,850,0,0,99,0,21,18,20,20,45,20,81,81,18,1,1,1,0,0,0,0,0,0,4,69,0,6,1,8,6,4,2,0,1,2,0,0,1,1,1,2,1,0,2,2024-01-11 00:27:49,0
991,986,881,850,30,25,64,11,19,20,19,19,15,19,38,38,26,6,6,6,5,5,6,5,5,5,4,34,0,2,0,0,0,4,2,1,0,0,1,0,0,0,0,0,0,1,0,2024-01-11 00:29:49,0
967,954,1333,955,18,15,62,15,16,15,16,16,45,17,44,44,18,16,16,16,3,3,12,3,3,3,3,34,0,6,0,8,6,4,2,0,4,2,1,0,1,1,1,2,1,1,0,2024-01-11 00:31:49,1
982,973,994,981,17,14,42,6,10,7,9,9,30,8,32,32,10,5,5,5,3,3,3,3,3,3,4,30,2,2,1,0,0,4,2,0,2,0,0,0,0,0,0,0,0,0,1,2024-01-11 00:33:49,0
923,914,1247,866,1,1,37,0,26,24,26,26,30,26,13,13,24,0,0,0,0,0,0,0,0,0,3,2,2,6,0,9,6,4,2,0,0,2,1,0,1,1,1,2,1,0,1,2024-01-11 00:35:49,0
930,930,14,0,6,5,14,2,2,3,2,2,45,3,10,10,4,1,1,1,1,1,1,1,1,1,2,3,1,0,0,8,6,4,2,0,0,2,0,0,1,1,1,2,1,1,2,2024-01-11 00:37:49,0
954,949,24,0,0,0,26,0,14,15,14,14,15,14,11,11,15,0,0,0,0,0,0,0,0,0,2,2,0,2,0,0,0,4,2,0,0,0,1,0,0,0,0,0,0,0,0,2024-01-11 00:39:49,0
911,903,361,0,6,5,24,2,15,13,14,14,45,15,10,10,14,2,2,2,1,1,1,1,1,1,3,6,0,4,1,8,6,4,2,0,1,2,0,0,1,1,1,2,1,1,0,2024-01-11 00:41:49,0
939,939,17,0,6,5,10,2,2,1,2,2,30,3,8,8,2,1,1,1,1,1,1,1,1,1,1,2,0,0,0,0,0,4,2,0,0,0,0,0,0,0,0,0,0,1,1,2024-01-11 00:43:49,0
930,922,367,0,12,10,25,4,14,13,13,13,30,14,10,10,15,2,2,2,2,2,2,2,2,2,2,1,2,4,1,3,6,4,2,0,0,2,0,0,1,1,1,2,1,1,1,2024-01-11 00:45:49,0
940,935,875,844,12,10,31,4,16,16,16,16,45,17,13,13,18,2,2,2,2,2,2,2,2,2,3,4,1,2,0,9,6,4,2,0,0,2,1,0,1,1,1,2,1,1,2,2024-01-11 00:47:49,0
948,942,887,868,0,0,27,0,4,5,4,4,15,4,22,22,5,3,3,3,0,0,0,0,0,0,4,8,1,2,0,0,0,4,2,0,3,0,0,0,0,0,0,0,0,0,0,2024-01-11 00:49:49,0
933,920,1254,873,6,5,33,2,13,15,13,13,45,13,17,17,16,6,6,6,1,1,1,1,1,1,3,9,2,3,0,9,6,4,2,0,5,2,2,1,1,1,1,2,1,0,0,2024-01-11 00:51:49,0
960,953,864,843,12,10,26,4,10,13,11,11,30,12,11,11,15,6,6,6,2,2,2,2,2,2,3,6,1,1,0,0,0,4,2,0,4,0,0,0,0,0,0,0,0,1,1,2024-01-11 00:53:49,3
937,920,1198,827,6,5,37,2,20,25,20,20,30,21,11,11,26,5,5,5,1,1,1,1,1,1,10,6,1,10,5,8,6,4,2,0,4,2,0,0,1,1,1,2,1,1,1,2024-01-11 00:55:49,28
928,918,864,837,0,0,38,0,13,11,13,13,30,13,27,27,11,4,4,4,0,0,0,0,0,0,4,15,0,1,0,0,0,4,2,0,4,0,1,0,0,0,0,0,0,0,2,2024-01-11 00:57:49,0
962,957,882,867,6,5,19,2,7,5,8,8,30,7,13,13,6,1,1,1,1,1,1,1,1,1,5,5,3,0,0,1,6,4,2,0,0,2,1,0,1,1,1,2,1,1,0,2024-01-11 00:59:49,1
939,928,1176,815,6,5,21,2,9,10,9,9,45,9,10,10,11,6,6,6,1,1,1,1,1,1,3,6,3,2,0,9,6,4,2,0,5,2,0,0,1,1,1,2,1,0,0,2024-01-11 01:01:49,0
947,944,889,872,12,10,24,4,9,9,9,9,30,10,13,13,11,2,2,2,2,2,2,2,2,2,1,9,0,3,0,0,0,4,2,0,0,0,0,0,0,0,0,0,0,1,1,2024-01-11 01:03:49,4
922,916,1210,851,6,5,20,2,10,10,10,10,30,10,9,9,11,1,1,1,1,1,1,1,1,1,2,4,0,2,0,4,6,4,1,0,0,2,1,0,1,1,1,2,1,0,1,2024-01-11 01:05:49,0
928,923,829,802,12,10,25,4,14,13,14,14,30,14,9,9,16,2,2,2,2,2,2,2,2,2,3,3,1,3,1,0,0,4,2,1,0,0,1,0,0,0,0,0,0,1,2,2024-01-11 01:07:49,1
948,948,866,850,0,0,13,0,3,2,3,3,30,3,11,11,2,0,0,0,0,0,0,0,0,0,0,3,0,0,0,8,6,4,2,0,0,2,0,0,1,1,1,2,1,0,0,2024-01-11 01:09:49,0
935,929,1317,956,12,10,26,4,14,14,14,14,45,15,10,10,16,3,3,3,2,2,2,2,2,2,0,8,1,1,0,7,6,4,2,0,1,2,2,0,1,1,1,2,1,1,0,2024-01-11 01:11:49,0
946,943,984,969,6,5,22,2,9,10,9,9,30,9,11,11,11,1,1,1,1,1,1,1,1,1,3,7,0,1,0,0,0,4,2,0,0,0,1,0,0,0,0,0,0,0,1,2024-01-11 01:13:49,0
919,914,1150,795,10,8,17,5,6,4,6,6,30,6,9,9,8,4,4,4,2,2,3,2,2,2,2,4,0,2,1,8,6,4,2,1,1,2,0,0,1,1,1,2,1,1,1,2024-01-11 01:15:49,4
942,941,18,0,14,12,15,5,3,5,3,3,30,5,9,9,7,3,3,3,2,2,3,2,2,2,2,3,0,1,0,0,0,4,2,0,0,0,0,0,0,0,0,0,0,2,2,2024-01-11 01:17:49,1
933,929,21,0,6,5,24,2,8,9,8,8,30,8,13,13,10,1,1,1,1,1,1,1,1,1,2,3,4,2,0,8,6,4,2,0,0,2,0,0,1,1,1,2,1,0,0,2024-01-11 01:19:49,1
936,926,358,0,6,5,17,2,11,10,11,11,30,12,6,6,11,1,1,1,1,1,1,1,1,1,2,2,0,7,0,0,0,4,2,0,0,0,0,0,0,0,0,0,0,1,0,2024-01-11 01:21:49,0
939,930,27,0,6,5,31,2,17,16,17,17,45,15,11,11,20,1,1,1,1,1,1,1,1,1,10,2,3,4,1,8,6,4,2,2,0,2,1,0,1,1,1,2,1,0,1,2024-01-11 01:23:49,4
926,924,350,0,0,0,10,0,2,2,2,2,30,2,8,8,2,0,0,0,0,0,0,0,0,0,0,2,1,0,0,9,6,4,2,0,0,2,1,0,1,1,1,2,1,0,1,2024-01-11 01:25:49,0
934,927,911,875,6,5,28,2,16,14,16,16,30,17,13,13,15,2,2,2,1,1,1,1,1,1,4,2,2,3,0,0,0,4,2,0,1,0,0,0,0,0,0,0,0,1,2,2024-01-11 01:27:49,0
949,947,886,876,6,5,11,2,5,4,5,5,30,6,6,6,5,1,1,1,1,1,1,1,1,1,0,2,0,2,0,9,6,4,2,0,0,2,0,0,1,1,1,2,1,1,0,2024-01-11 01:29:49,3
922,915,1232,868,0,0,22,0,7,6,6,6,30,6,16,16,6,4,4,4,0,0,0,0,0,0,1,5,0,0,1,0,0,4,2,0,4,0,1,0,0,0,0,0,0,0,0,2024-01-11 01:31:49,0
945,945,869,860,12,10,11,4,3,4,3,3,45,4,5,5,6,2,2,2,2,2,2,2,2,2,1,3,1,0,0,8,6,4,2,0,0,2,0,0,1,1,1,2,1,1,1,2024-01-11 01:33:49,0
916,916,1185,827,0,0,15,0,2,2,2,2,30,2,13,13,2,0,0,0,0,0,0,0,0,0,1,2,0,0,0,7,6,4,2,0,0,2,0,0,1,1,1,2,1,0,1,2024-01-11 01:35:49,0
936,928,855,828,6,5,27,2,19,16,19,19,30,20,10,10,17,1,1,1,1,1,1,1,1,1,2,3,0,6,0,0,0,4,2,0,0,0,1,0,0,0,0,0,0,1,2,2024-01-11 01:37:49,0
943,939,859,846,6,5,15,2,5,3,4,4,30,4,11,11,4,2,2,2,1,1,1,1,1,1,0,2,2,0,1,9,6,4,2,0,1,2,0,0,1,1,1,2,1,0,0,2024-01-11 01:39:49,0
924,923,1185,823,12,10,24,4,5,5,5,5,30,6,17,17,7,2,2,2,2,2,2,2,2,2,0,6,1,0,0,0,0,4,2,0,0,0,0,0,0,0,0,0,0,1,0,2024-01-11 01:41:49,0
934,933,913,898,0,0,17,0,7,6,7,7,45,7,11,11,6,0,0,0,0,0,0,0,0,0,2,5,0,0,0,9,6,4,2,0,0,2,1,0,1,1,1,2,1,0,1,2024-01-11 01:43:49,0
933,927,1243,879,18,15,24,6,10,10,10,10,30,11,11,11,13,5,5,5,3,3,3,3,3,3,5,3,0,3,0,8,6,4,2,0,2,2,0,0,1,1,1,2,1,1,1,2024-01-11 01:45:49,0
929,925,844,827,6,5,17,2,5,4,5,5,30,5,12,12,5,1,1,1,1,1,1,1,1,1,3,3,1,1,0,0,0,4,2,0,0,0,0,0,0,0,0,0,0,1,2,2024-01-11 01:47:49,2
944,942,900,883,6,5,18,2,2,1,2,2,30,3,16,16,2,2,2,2,1,1,1,1,1,1,0,2,0,0,0,9,6,4,2,0,1,2,1,0,1,1,1,2,1,1,0,2024-01-11 01:49:49,0
920,920,1321,952,6,5,14,2,3,3,3,3,30,4,10,10,4,1,1,1,1,1,1,1,1,1,2,3,0,0,0,0,0,4,2,0,0,0,0,0,0,0,0,0,0,1,0,2024-01-11 01:51:49,0
941,939,986,972,6,5,14,2,3,5,3,3,45,3,8,8,6,1,1,1,1,1,1,1,1,1,2,3,1,2,0,8,6,4,2,0,0,2,0,0,1,1,1,2,1,0,1,2024-01-11 01:53:49,0
924,923,1012,655,12,10,12,6,4,4,4,4,15,5,6,6,6,4,4,4,2,2,4,2,2,2,1,1,0,0,0,0,0,4,2,0,0,0,0,0,0,0,0,0,0,1,1,2024-01-11 01:55:49,0
926,923,20,0,0,0,14,0,2,2,2,2,45,2,12,12,2,1,1,1,0,0,0,0,0,0,1,2,1,0,0,9,6,4,2,0,1,2,0,0,1,1,1,2,1,0,2,2024-01-11 01:57:49,0
948,945,16,0,6,5,16,2,6,7,7,7,30,8,8,8,8,1,1,1,1,1,1,1,1,1,1,2,0,1,0,8,6,4,2,0,0,2,1,0,1,1,1,2,1,1,0,2024-01-11 01:59:49,3
928,920,362,0,0,0,21,0,13,13,13,13,30,13,8,8,13,4,4,4,0,0,0,0,0,0,2,5,0,2,0,0,0,4,2,0,4,0,2,0,0,0,0,0,0,0,0,2024-01-11 02:01:49,0
949,944,11,0,12,10,19,4,6,4,7,7,45,5,12,12,7,4,4,4,2,2,2,2,2,2,0,8,0,1,0,8,6,4,2,1,2,2,0,0,1,1,1,2,1,1,1,2024-01-11 02:03:49,1
920,915,350,0,0,0,9,0,3,3,3,3,15,3,6,6,3,4,4,4,0,0,0,0,0,0,0,1,0,1,0,0,0,4,2,0,4,0,0,0,0,0,0,0,0,0,1,2024-01-11 02:05:49,0
928,925,851,833,6,5,15,2,4,5,4,4,45,5,9,9,6,2,2,2,1,1,1,1,1,1,0,3,0,2,0,9,6,4,2,0,1,2,0,0,1,1,1,2,1,1,2,2024-01-11 02:07:49,0
949,944,891,869,0,0,19,0,9,8,9,9,30,9,11,11,8,0,0,0,0,0,0,0,0,0,2,3,1,2,0,9,6,4,2,0,0,2,0,0,1,1,1,2,1,0,0,2024-01-11 02:09:49,0
925,925,1225,877,6,5,9,2,2,2,2,2,30,3,6,6,3,1,1,1,1,1,1,1,1,1,0,4,0,0,0,0,0,4,2,0,0,0,0,0,0,0,0,0,0,1,0,2024-01-11 02:11:49,0
966,956,901,843,58,48,51,21,33,34,33,33,45,33,7,7,44,11,11,11,10,10,11,10,10,10,1,3,0,5,0,7,6,4,2,0,0,2,3,0,1,1,1,2,1,0,1,2024-01-11 02:13:49,1
921,920,1185,831,8,7,12,3,3,3,3,3,15,4,8,8,4,2,2,2,1,1,2,1,1,1,0,3,0,0,0,0,0,4,2,0,0,0,0,0,0,0,0,0,0,1,1,2024-01-11 02:15:49,1
922,919,867,851,6,5,14,4,3,4,3,3,45,3,9,9,5,5,5,5,1,1,3,1,1,1,0,3,0,1,0,8,6,4,2,0,2,2,0,0,1,1,1,2,1,0,2,2024-01-11 02:17:49,0
953,953,868,853,12,10,17,4,1,1,1,1,30,3,14,14,3,2,2,2,2,2,2,2,2,2,0,4,0,0,0,8,6,4,2,0,0,2,0,0,1,1,1,2,1,2,0,2024-01-11 02:19:49,0
918,917,1184,835,0,0,12,0,3,3,3,3,30,3,9,9,3,0,0,0,0,0,0,0,0,0,0,5,0,1,0,0,0,4,2,0,0,0,0,0,0,0,0,0,0,0,0,2024-01-11 02:21:49,0
949,945,928,912,6,5,18,2,4,4,4,4,45,5,13,13,5,1,1,1,1,1,1,1,1,1,0,4,0,2,0,9,6,4,2,0,0,2,2,0,1,1,1,2,1,1,1,2024-01-11 02:23:49,0
911,910,1220,866,6,5,14,2,4,5,4,4,15,4,8,8,6,1,1,1,1,1,1,1,1,1,1,2,1,0,0,0,0,4,2,0,0,0,0,0,0,0,0,0,0,0,1,2024-01-11 02:25:49,0
920,917,866,836,6,5,22,2,6,9,6,6,45,7,12,12,10,1,1,1,1,1,1,1,1,1,0,2,0,2,0,8,6,4,2,0,0,2,1,0,1,1,1,2,1,1,2,2024-01-11 02:27:49,0
958,955,891,881,6,5,10,2,3,1,3,3,15,2,6,6,4,2,2,2,1,1,1,1,1,1,1,2,1,0,0,0,0,4,2,2,1,0,0,0,0,0,0,0,0,1,0,2024-01-11 02:29:49,0
930,923,1323,962,0,0,23,0,6,4,6,6,45,6,19,19,4,4,4,4,0,0,0,0,0,0,0,9,0,2,0,5,6,4,2,0,4,2,0,0,1,1,1,2,1,0,0,2024-01-11 02:31:49,3
971,964,1003,959,84,70,48,28,21,27,21,21,45,22,7,7,41,14,14,14,14,14,14,14,14,14,0,5,5,6,0,9,6,4,2,0,0,2,0,0,1,1,1,2,1,1,1,2024-01-11 02:33:49,13
925,912,1021,661,6,5,17,2,13,3,12,12,15,8,13,13,4,1,1,1,1,1,1,1,1,1,0,2,1,1,3,0,0,4,2,0,0,0,0,0,0,0,0,0,0,0,1,2024-01-11 02:35:49,2
932,931,10,0,0,0,15,0,4,3,4,4,45,4,12,12,3,0,0,0,0,0,0,0,0,0,1,5,0,1,0,8,6,4,2,0,0,2,0,0,1,1,1,2,1,0,2,2024-01-11 02:37:49,0
955,953,18,0,6,5,18,2,5,4,5,5,15,6,13,13,5,2,2,2,1,1,1,1,1,1,0,4,0,1,0,0,0,4,1,0,1,0,0,0,0,0,0,0,0,1,0,2024-01-11 02:39:49,0
926,922,365,0,12,10,20,4,8,9,8,8,45,9,9,9,11,2,2,2,2,2,2,2,2,2,0,5,0,4,0,9,6,4,2,0,0,2,0,0,1,1,1,2,1,1,0,2024-01-11 02:41:49,1
919,918,12,0,0,0,11,0,4,3,4,4,45,4,8,8,3,0,0,0,0,0,0,0,0,0,0,2,0,0,0,7,6,4,2,0,0,2,1,0,1,1,1,2,1,0,1,2024-01-11 02:43:49,0
918,916,357,0,6,5,16,2,5,5,5,5,15,5,9,9,7,1,1,1,1,1,1,1,1,1,1,1,1,2,0,0,0,4,2,1,0,0,0,0,0,0,0,0,0,1,1,2024-01-11 02:45:49,3
936,935,870,859,0,0,12,0,0,0,0,0,45,0,12,12,0,1,1,1,0,0,0,0,0,0,0,3,0,0,0,9,6,4,2,0,1,2,0,0,1,1,1,2,1,0,2,2024-01-11 02:47:49,0
961,958,894,868,12,10,29,4,8,8,8,8,15,9,19,19,10,2,2,2,2,2,2,2,2,2,2,5,1,1,0,0,0,4,2,0,0,0,0,0,0,0,0,0,0,1,0,2024-01-11 02:49:49,0
911,908,1255,884,6,5,15,2,5,5,5,5,45,6,9,9,6,1,1,1,1,1,1,1,1,1,1,2,1,1,0,7,6,4,2,0,0,2,1,0,1,1,1,2,1,1,0,2024-01-11 02:51:49,0
940,939,861,852,6,5,15,2,3,2,3,3,45,4,12,12,3,1,1,1,1,1,1,1,1,1,0,7,0,1,0,7,6,4,2,0,0,2,0,0,1,1,1,2,1,1,1,2024-01-11 02:53:49,0
923,920,1192,832,6,5,18,2,9,9,9,9,15,10,8,8,10,1,1,1,1,1,1,1,1,1,0,3,0,0,0,0,0,4,2,0,0,0,3,0,0,0,0,0,0,1,1,2024-01-11 02:55:49,0
938,936,856,833,12,10,24,4,3,5,3,3,45,3,17,17,7,3,3,3,2,2,2,2,2,2,2,6,1,0,0,9,6,4,2,0,1,2,0,1,1,1,1,2,1,0,2,2024-01-11 02:57:49,1
958,956,867,857,0,0,17,0,4,3,4,4,15,4,14,14,3,0,0,0,0,0,0,0,0,0,1,8,1,1,0,0,0,4,2,0,0,0,0,0,0,0,0,0,0,0,0,2024-01-11 02:59:49,0
915,908,1176,821,12,10,18,4,4,6,4,4,45,5,10,10,8,6,6,6,2,2,2,2,2,2,0,7,0,3,0,9,6,4,2,0,4,2,0,0,1,1,1,2,1,1,0,2024-01-11 03:01:49,0
949,948,894,883,6,5,16,2,2,2,2,2,30,3,13,13,3,1,1,1,1,1,1,1,1,1,0,9,0,0,0,0,0,4,2,0,0,0,1,0,0,0,0,0,0,1,1,2024-01-11 03:03:49,0
920,916,1209,858,6,5,12,2,2,3,2,2,30,2,8,8,4,5,5,5,1,1,1,1,1,1,0,3,0,0,0,7,6,4,2,0,4,2,0,0,1,1,1,2,1,0,1,2024-01-11 03:05:49,1
937,932,862,843,12,10,21,4,5,6,5,5,45,5,12,12,9,3,3,3,2,2,2,2,2,2,3,6,0,1,1,8,6,4,2,1,1,2,1,0,1,1,1,2,1,1,2,2024-01-11 03:07:49,5
961,956,914,893,0,0,18,0,7,7,7,7,15,7,11,11,7,0,0,0,0,0,0,0,0,0,1,3,1,5,0,0,0,4,2,0,0,0,0,0,0,0,0,0,0,0,0,2024-01-11 03:09:49,0
903,902,1322,976,0,0,10,0,2,2,2,2,45,2,8,8,2,0,0,0,0,0,0,0,0,0,0,6,0,0,0,5,6,4,2,0,0,2,0,0,1,1,1,2,1,0,0,2024-01-11 03:11:49,0
961,953,979,966,18,15,17,6,4,4,4,4,30,5,10,10,7,6,6,6,3,3,3,3,3,3,1,6,1,2,1,0,0,4,2,0,3,0,0,0,0,0,0,0,0,1,1,2024-01-11 03:13:49,2
928,927,999,644,6,5,18,2,6,6,6,6,30,7,11,11,7,1,1,1,1,1,1,1,1,1,0,6,0,1,0,8,6,4,2,0,0,2,0,0,1,1,1,2,1,1,1,2024-01-11 03:15:49,0
924,919,11,0,0,0,17,0,5,4,5,5,30,4,12,12,5,1,1,1,0,0,0,0,0,0,3,6,1,0,0,0,0,4,2,1,1,0,0,0,0,0,0,0,0,0,2,2024-01-11 03:17:49,0
963,961,19,0,12,10,20,4,2,2,2,2,30,3,16,16,4,2,2,2,2,2,2,2,2,2,0,6,0,1,0,8,6,4,2,0,0,2,0,0,1,1,1,2,1,1,0,2024-01-11 03:19:49,0
907,906,351,0,6,5,12,2,2,3,3,3,45,4,8,8,4,1,1,1,1,1,1,1,1,1,1,4,0,0,0,8,6,4,2,0,0,2,0,0,1,1,1,2,1,1,0,2024-01-11 03:21:49,3
937,936,14,0,0,0,18,0,4,3,4,4,30,4,15,15,3,0,0,0,0,0,0,0,0,0,0,5,0,0,0,0,0,4,2,0,0,0,0,0,0,0,0,0,0,0,1,2024-01-11 03:23:49,0
931,931,355,0,12,10,14,5,3,3,3,3,30,3,8,8,6,3,3,3,2,2,3,2,2,2,1,2,0,0,0,5,6,4,2,1,0,2,0,0,1,1,1,2,1,1,1,2024-01-11 03:25:49,0
933,930,890,863,18,15,18,6,2,3,2,2,30,3,12,12,6,4,4,4,3,3,3,3,3,3,0,2,1,1,0,0,0,4,2,0,1,0,0,0,0,0,0,0,0,1,2,2024-01-11 03:27:49,0
963,961,872,863,6,5,13,2,5,4,4,4,30,4,8,8,5,1,1,1,1,1,1,1,1,1,0,4,1,0,1,8,6,4,2,0,0,2,0,0,1,1,1,2,1,0,0,2024-01-11 03:29:49,1
913,908,1255,895,6,5,17,2,1,1,1,1,30,2,15,15,2,5,5,5,1,1,1,1,1,1,0,6,0,1,0,0,0,4,2,0,4,0,0,0,0,0,0,0,0,1,0,2024-01-11 03:31:49,0
945,939,856,847,0,0,13,0,7,7,7,7,45,7,6,6,7,3,3,3,0,0,0,0,0,0,0,3,0,3,0,8,6,4,2,0,3,2,0,0,1,1,1,2,1,0,1,2024-01-11 03:33:49,0
919,919,1201,842,0,0,20,0,2,3,2,2,30,2,17,17,3,0,0,0,0,0,0,0,0,0,1,6,1,0,0,8,6,4,2,0,0,2,0,0,1,1,1,2,1,0,1,2024-01-11 03:35:49,0
935,932,839,825,12,10,18,4,4,4,4,4,30,5,12,12,6,3,3,3,2,2,2,2,2,2,0,5,0,1,0,0,0,4,2,0,1,0,0,0,0,0,0,0,0,1,2,2024-01-11 03:37:49,1
947,945,866,853,12,10,15,4,4,1,3,3,30,3,11,11,4,2,2,2,2,2,2,2,2,2,0,2,1,0,1,8,6,4,2,1,0,2,0,0,1,1,1,2,1,1,0,2024-01-11 03:39:49,0
921,917,1208,851,6,5,13,5,4,2,3,3,30,3,10,10,3,4,4,4,1,1,4,1,1,1,0,6,0,2,1,0,0,4,2,0,0,0,0,0,0,0,0,0,0,0,0,2024-01-11 03:41:49,0
946,944,925,906,6,5,15,2,5,5,5,5,45,6,9,9,6,1,1,1,1,1,1,1,1,1,2,3,0,1,0,8,6,4,2,0,0,2,0,0,1,1,1,2,1,1,1,2024-01-11 03:43:49,0
920,918,1220,861,6,5,17,4,7,7,7,7,15,7,9,9,8,3,3,3,1,1,3,1,1,1,0,1,0,1,0,0,0,4,2,0,0,0,0,0,0,0,0,0,0,0,1,2024-01-11 03:45:49,0
934,930,841,822,6,5,21,2,6,6,6,6,45,7,14,14,7,2,2,2,1,1,1,1,1,1,0,5,0,3,0,8,6,4,2,0,1,2,0,0,1,1,1,2,1,1,2,2024-01-11 03:47:49,0
954,953,892,876,0,0,20,0,3,2,3,3,30,3,18,18,2,0,0,0,0,0,0,0,0,0,1,4,0,1,0,3,6,4,2,0,0,2,0,0,1,1,1,2,1,0,0,2024-01-11 03:49:49,0
919,915,1324,953,6,5,19,2,2,2,4,4,30,5,14,14,5,1,1,1,1,1,1,1,1,1,3,7,0,1,0,0,0,4,2,0,0,0,1,0,0,0,0,0,0,1,0,2024-01-11 03:51:49,6
951,946,995,979,24,20,18,8,5,4,4,4,45,6,10,10,8,6,6,6,4,4,4,4,4,4,0,5,1,1,1,9,6,4,2,0,2,2,0,0,1,1,1,2,1,2,1,2024-01-11 03:53:49,3
917,914,988,633,6,5,12,3,4,4,4,4,15,4,7,7,5,2,2,2,1,1,2,1,1,1,1,2,0,2,0,0,0,4,2,0,0,0,0,0,0,0,0,0,0,0,1,2024-01-11 03:55:49,0
933,933,16,0,0,0,19,0,1,1,1,1,45,1,18,18,1,0,0,0,0,0,0,0,0,0,0,8,0,0,0,7,6,4,2,0,0,2,0,0,1,1,1,2,1,0,2,2024-01-11 03:57:49,0
960,959,12,0,12,10,16,4,1,2,1,1,30,2,12,12,4,2,2,2,2,2,2,2,2,2,0,6,1,1,0,8,6,4,2,0,0,2,0,0,1,1,1,2,1,1,0,2024-01-11 03:59:49,0
923,916,354,0,12,10,11,4,4,2,4,4,30,4,7,7,4,7,7,7,2,2,2,2,2,2,0,4,1,0,0,0,0,4,2,0,5,0,0,0,0,0,0,0,0,1,0,2024-01-11 04:01:49,1
931,931,4,0,0,0,14,0,0,0,0,0,45,0,14,14,0,0,0,0,0,0,0,0,0,0,0,10,0,0,0,9,6,4,2,0,0,2,0,0,1,1,1,2,1,0,1,2024-01-11 04:03:49,0
927,925,359,0,6,5,20,2,7,7,7,7,15,8,12,12,8,1,1,1,1,1,1,1,1,1,0,7,0,2,0,0,0,4,2,0,0,0,0,0,0,0,0,0,0,1,1,2024-01-11 04:05:49,0
930,928,850,832,6,5,15,2,4,5,4,4,45,4,9,9,6,1,1,1,1,1,1,1,1,1,1,3,0,2,0,8,6,4,2,0,0,2,0,0,1,1,1,2,1,0,2,2024-01-11 04:07:49,0
970,965,901,879,18,15,20,7,5,4,4,4,30,4,13,13,7,5,5,5,3,3,4,3,3,3,0,5,0,1,1,9,6,4,2,0,1,2,1,0,1,1,1,2,1,0,0,2024-01-11 04:09:49,1
913,911,1225,877,6,5,9,2,3,2,3,3,30,4,6,6,3,1,1,1,1,1,1,1,1,1,0,4,0,0,0,0,0,4,2,0,0,0,1,0,0,0,0,0,0,1,0,2024-01-11 04:11:49,0
943,941,851,842,6,5,12,2,2,3,2,2,45,3,8,8,4,1,1,1,1,1,1,1,1,1,1,4,0,2,0,8,6,4,2,0,0,2,0,0,1,1,1,2,1,1,1,2024-01-11 04:13:49,0
924,923,1185,838,0,0,14,0,1,0,1,1,15,1,14,14,0,0,0,0,0,0,0,0,0,0,0,9,0,0,0,0,0,4,2,0,0,0,0,0,0,0,0,0,0,0,1,2024-01-11 04:15:49,0
935,931,857,847,6,5,15,2,2,1,3,3,45,3,12,12,3,2,2,2,1,1,1,1,1,1,2,6,0,0,0,7,6,4,2,1,1,2,1,0,1,1,1,2,1,1,2,2024-01-11 04:17:49,1
952,947,881,860,6,5,25,2,9,9,10,10,15,9,14,14,11,1,1,1,1,1,1,1,1,1,2,4,0,4,0,0,0,4,2,1,0,0,0,0,0,0,0,0,0,0,0,2024-01-11 04:19:49,1
921,920,1196,844,12,10,11,4,2,2,2,2,45,3,7,7,4,2,2,2,2,2,2,2,2,2,1,3,0,0,0,9,6,4,2,0,0,2,0,0,1,1,1,2,1,1,0,2024-01-11 04:21:49,0
941,939,899,888,0,0,16,0,1,1,2,2,45,1,14,14,2,0,0,0,0,0,0,0,0,0,2,5,0,0,0,8,6,4,2,1,0,2,0,0,1,1,1,2,1,0,1,2024-01-11 04:23:49,1
927,922,1229,871,18,15,18,6,5,4,5,5,15,5,9,9,9,3,3,3,3,3,3,3,3,3,4,2,2,0,1,0,0,4,1,2,0,0,0,0,0,0,0,0,0,2,1,2024-01-11 04:25:49,2
931,927,860,837,0,0,19,0,2,4,3,3,45,2,14,14,5,1,1,1,0,0,0,0,0,0,2,4,0,0,0,7,6,4,2,1,1,2,0,0,1,1,1,2,1,0,2,2024-01-11 04:27:49,1
950,950,906,895,12,10,14,5,2,3,2,2,15,3,9,9,5,3,3,3,2,2,3,2,2,2,1,5,0,0,0,0,0,4,2,0,0,0,0,0,0,0,0,0,0,1,0,2024-01-11 04:29:49,0
929,923,1335,972,12,10,20,5,3,3,3,3,45,2,14,14,6,7,7,7,2,2,3,2,2,2,1,4,1,0,0,8,6,4,2,1,4,2,1,0,1,1,1,2,1,0,0,2024-01-11 04:31:49,0
944,944,977,970,12,10,11,4,1,2,1,1,45,2,7,7,4,2,2,2,2,2,2,2,2,2,0,5,0,0,0,9,6,4,2,0,0,2,0,0,1,1,1,2,1,1,1,2024-01-11 04:33:49,1
925,921,977,617,6,5,20,2,3,2,4,4,15,3,16,16,4,1,1,1,1,1,1,1,1,1,2,5,0,1,0,0,0,4,2,1,0,0,0,0,0,0,0,0,0,0,1,2024-01-11 04:35:49,1
915,912,11,0,6,5,15,2,2,2,2,2,45,2,11,11,4,2,2,2,1,1,1,1,1,1,3,4,2,0,0,7,6,4,2,1,1,2,0,0,1,1,1,2,1,1,2,2024-01-11 04:37:49,0
957,957,14,0,6,5,15,2,3,3,3,3,15,4,11,11,4,1,1,1,1,1,1,1,1,1,1,2,0,0,0,0,0,4,2,0,0,0,0,0,0,0,0,0,0,1,0,2024-01-11 04:39:49,0
926,922,357,0,6,5,12,2,7,3,5,5,45,4,7,7,5,1,1,1,1,1,1,1,1,1,0,3,1,0,2,7,6,4,2,1,0,2,0,0,1,1,1,2,1,0,0,2024-01-11 04:41:49,0
940,937,17,0,0,0,16,0,8,8,8,8,45,8,8,8,8,0,0,0,0,0,0,0,0,0,1,2,0,3,0,8,6,4,2,0,0,2,0,0,1,1,1,2,1,0,1,2024-01-11 04:43:49,0
923,922,353,0,6,5,16,2,1,1,1,1,15,2,14,14,2,1,1,1,1,1,1,1,1,1,0,6,0,1,0,0,0,4,2,0,0,0,0,0,0,0,0,0,0,1,1,2024-01-11 04:45:49,0
920,917,871,853,0,0,20,0,4,4,4,4,45,4,16,16,4,1,1,1,0,0,0,0,0,0,1,7,1,1,0,7,6,4,2,0,1,2,0,0,1,1,1,2,1,0,2,2024-01-11 04:47:49,0
957,956,877,855,18,15,22,6,3,3,3,3,15,4,16,16,6,3,3,3,3,3,3,3,3,3,0,2,0,1,0,0,0,4,2,0,0,0,0,0,0,0,0,0,0,1,0,2024-01-11 04:49:49,1
920,918,1232,863,6,5,13,2,3,3,3,3,45,4,9,9,4,1,1,1,1,1,1,1,1,1,0,2,0,1,0,3,6,4,2,0,0,2,0,0,1,1,1,2,1,1,0,2024-01-11 04:51:49,0
1034,1033,851,842,0,0,104,0,1,1,1,1,45,1,103,103,1,0,0,0,0,0,0,0,0,0,0,98,0,1,0,8,6,4,2,0,0,2,0,0,1,1,1,2,1,0,1,2024-01-11 04:53:49,0
918,917,1189,831,18,15,19,6,4,4,4,4,15,6,12,12,7,3,3,3,3,3,3,3,3,3,0,7,0,0,0,0,0,4,2,0,0,0,0,0,0,0,0,0,0,2,1,2024-01-11 04:55:49,0
941,938,860,837,12,10,20,4,3,3,4,4,45,3,14,14,6,2,2,2,2,2,2,2,2,2,2,4,0,0,0,7,6,4,2,1,0,2,0,0,1,1,1,2,1,0,2,2024-01-11 04:57:49,2
944,941,869,860,0,0,12,0,2,2,3,3,15,2,9,9,3,1,1,1,0,0,0,0,0,0,2,3,0,0,0,0,0,4,2,1,1,0,0,0,0,0,0,0,0,0,0,2024-01-11 04:59:49,1
923,918,1144,790,12,10,8,4,2,1,2,2,45,4,5,5,3,6,6,6,2,2,2,2,2,2,0,2,0,1,0,7,6,4,2,0,4,2,0,0,1,1,1,2,1,2,0,2024-01-11 05:01:49,0
953,936,801,792,6,5,13,2,3,4,3,3,30,3,8,8,5,17,17,17,1,1,1,1,1,1,0,4,0,0,0,0,0,4,2,0,16,0,1,0,0,0,0,0,0,0,1,2024-01-11 05:03:49,0
929,924,1252,892,6,5,16,2,7,7,8,8,30,6,7,7,9,1,1,1,1,1,1,1,1,1,3,2,0,2,0,8,6,4,2,1,0,2,0,0,1,1,1,2,1,0,1,2024-01-11 05:05:49,3
909,908,855,838,12,10,11,4,2,1,2,2,45,3,8,8,3,2,2,2,2,2,2,2,2,2,0,2,0,1,0,8,6,4,2,0,0,2,0,0,1,1,1,2,1,1,2,2024-01-11 05:07:49,0
965,961,895,879,0,0,17,0,2,2,4,4,15,2,13,13,4,1,1,1,0,0,0,0,0,0,4,5,0,0,0,0,0,4,2,2,1,0,0,0,0,0,0,0,0,0,0,2024-01-11 05:09:49,2
920,916,1324,976,0,0,9,0,5,4,6,6,45,5,4,4,5,0,0,0,0,0,0,0,0,0,2,2,0,2,0,7,6,4,2,1,0,2,0,0,1,1,1,2,1,0,0,2024-01-11 05:11:49,1
948,944,972,959,24,20,16,8,5,3,5,5,30,5,7,7,9,4,4,4,4,4,4,4,4,4,2,3,1,0,1,0,0,4,2,2,0,0,0,0,0,0,0,0,0,2,1,2024-01-11 05:13:49,2
897,895,1151,802,0,0,11,0,2,2,3,3,30,2,8,8,3,0,0,0,0,0,0,0,0,0,2,3,0,0,0,9,6,4,2,1,0,2,0,0,1,1,1,2,1,0,1,2024-01-11 05:15:49,1
931,929,15,0,10,8,14,5,4,3,4,4,45,5,9,9,5,3,3,3,2,2,3,2,2,2,0,3,0,2,0,7,6,4,2,0,0,2,0,0,1,1,1,2,1,1,2,2024-01-11 05:17:49,3
975,970,14,0,8,7,24,3,2,1,5,5,15,2,16,16,8,3,3,3,1,1,2,1,1,1,6,6,0,0,0,0,0,4,2,3,1,0,1,0,0,0,0,0,0,0,0,2024-01-11 05:19:49,14
925,921,350,0,6,5,16,2,6,3,5,5,45,5,12,12,4,1,1,1,1,1,1,1,1,1,0,8,1,0,1,8,6,4,2,0,0,2,2,0,1,1,1,2,1,0,0,2024-01-11 05:21:49,1
947,944,16,0,0,0,19,0,6,6,6,6,30,6,13,13,6,0,0,0,0,0,0,0,0,0,0,4,0,3,0,0,0,4,2,0,0,0,0,0,0,0,0,0,0,0,1,2024-01-11 05:23:49,0
904,904,352,0,12,10,12,4,1,0,1,1,30,3,10,10,2,2,2,2,2,2,2,2,2,2,0,4,0,0,0,8,6,4,2,0,0,2,0,0,1,1,1,2,1,2,1,2024-01-11 05:25:49,0
934,933,874,852,6,5,14,2,1,1,1,1,45,2,12,12,2,1,1,1,1,1,1,1,1,1,0,2,0,1,0,3,6,4,2,0,0,2,0,0,1,1,1,2,1,1,2,2024-01-11 05:27:49,0
958,954,878,867,12,10,12,4,5,4,4,4,15,5,6,6,6,2,2,2,2,2,2,2,2,2,0,2,1,1,1,0,0,4,2,0,0,0,0,0,0,0,0,0,0,1,0,2024-01-11 05:29:49,1
925,919,1240,881,0,0,13,0,2,2,2,2,45,2,11,11,2,5,5,5,0,0,0,0,0,0,0,1,0,1,0,8,6,4,2,0,5,2,0,0,1,1,1,2,1,0,0,2024-01-11 05:31:49,0
930,926,860,849,0,0,14,0,10,9,10,10,30,10,5,5,9,0,0,0,0,0,0,0,0,0,1,3,0,1,0,0,0,4,2,0,0,0,2,0,0,0,0,0,0,0,1,2024-01-11 05:33:49,0
922,921,1214,851,12,10,20,4,3,4,3,3,30,4,14,14,6,2,2,2,2,2,2,2,2,2,1,3,1,1,0,7,6,4,2,0,0,2,0,0,1,1,1,2,1,1,1,2024-01-11 05:35:49,0
934,931,854,842,6,5,16,2,3,3,4,4,30,4,11,11,5,1,1,1,1,1,1,1,1,1,2,4,0,1,0,0,0,4,2,1,0,0,0,0,0,0,0,0,0,1,2,2024-01-11 05:37:49,1
953,952,874,860,0,0,13,0,2,2,2,2,30,2,11,11,2,0,0,0,0,0,0,0,0,0,0,2,0,1,0,7,6,4,2,0,0,2,0,0,1,1,1,2,1,0,0,2024-01-11 05:39:49,0
913,912,1189,833,6,5,10,2,1,1,1,1,45,2,8,8,2,2,2,2,1,1,1,1,1,1,0,4,0,0,0,7,6,4,2,0,1,2,0,0,1,1,1,2,1,1,0,2024-01-11 05:41:49,0
939,935,913,899,6,5,16,2,5,4,5,5,30,3,9,9,7,1,1,1,1,1,1,1,1,1,2,3,1,0,1,0,0,4,2,2,0,0,0,0,0,0,0,0,0,0,1,2024-01-11 05:43:49,1
914,912,1220,863,6,5,14,2,4,3,4,4,30,4,10,10,4,1,1,1,1,1,1,1,1,1,1,2,0,1,0,8,6,4,2,0,0,2,0,0,1,1,1,2,1,0,1,2024-01-11 05:45:49,1
932,932,841,824,12,10,16,4,2,2,2,2,30,4,12,12,4,2,2,2,2,2,2,2,2,2,0,3,0,0,0,0,0,4,2,0,0,0,0,0,0,0,0,0,0,2,2,2024-01-11 05:47:49,0
953,952,920,903,0,0,19,0,3,3,3,3,30,3,16,16,3,0,0,0,0,0,0,0,0,0,0,2,0,1,0,7,6,4,2,0,0,2,0,0,1,1,1,2,1,0,0,2024-01-11 05:49:49,0
908,904,1310,942,0,0,14,0,4,4,4,4,45,4,10,10,4,1,1,1,0,0,0,0,0,0,0,3,0,3,0,7,6,4,2,0,1,2,0,0,1,1,1,2,1,0,0,2024-01-11 05:51:49,0
953,950,988,978,12,10,14,4,3,2,2,2,30,3,10,10,4,2,2,2,2,2,2,2,2,2,0,5,1,1,1,0,0,4,2,0,0,0,0,0,0,0,0,0,0,1,1,2024-01-11 05:53:49,1
920,915,979,625,6,5,11,4,5,3,4,4,30,4,7,7,4,3,3,3,1,1,3,1,1,1,2,2,1,1,1,9,6,4,2,0,0,2,0,0,1,1,1,2,1,0,1,2024-01-11 05:55:49,0
925,925,16,0,0,0,13,0,0,1,0,0,30,0,12,12,1,0,0,0,0,0,0,0,0,0,1,2,0,0,0,0,0,4,2,0,0,0,0,0,0,0,0,0,0,0,2,2024-01-11 05:57:49,0
947,945,15,0,18,15,15,6,2,2,2,2,30,5,10,10,5,4,4,4,3,3,3,3,3,3,1,4,0,0,0,8,6,4,2,0,1,2,0,0,1,1,1,2,1,3,0,2024-01-11 05:59:49,0
933,929,362,0,12,10,21,10,1,1,1,1,45,1,18,18,3,12,12,12,2,2,8,2,2,2,1,5,0,0,0,9,6,4,2,0,4,2,0,0,1,1,1,2,1,0,0,2024-01-11 06:01:49,0
941,941,33,0,0,0,38,0,0,0,0,0,30,0,38,38,0,0,0,0,0,0,0,0,0,0,0,5,0,0,0,0,0,4,2,0,0,0,0,0,0,0,0,0,0,0,1,2024-01-11 06:03:49,0
930,928,360,0,18,15,20,6,4,6,4,4,30,5,11,11,9,3,3,3,3,3,3,3,3,3,1,4,1,2,0,9,6,4,2,0,0,2,0,0,1,1,1,2,1,1,1,2024-01-11 06:05:49,0
927,924,871,858,0,0,10,0,2,2,3,3,30,2,8,8,2,0,0,0,0,0,0,0,0,0,1,2,0,2,0,0,0,4,2,0,0,0,0,0,0,0,0,0,0,0,2,2024-01-11 06:07:49,3
941,939,867,846,6,5,19,2,6,6,6,6,30,6,12,12,7,2,2,2,1,1,1,1,1,1,1,4,0,0,0,8,6,4,2,0,1,2,0,0,1,1,1,2,1,0,0,2024-01-11 06:09:49,1
929,926,1221,868,18,15,12,6,4,4,3,3,45,5,5,5,7,3,3,3,3,3,3,3,3,3,0,3,1,0,1,8,6,4,1,0,0,2,0,0,1,1,1,2,1,2,0,2024-01-11 06:11:49,0
941,940,881,869,6,5,11,2,3,3,3,3,30,3,7,7,4,1,1,1,1,1,1,1,1,1,1,3,0,1,0,0,0,4,2,0,0,0,0,0,0,0,0,0,0,0,1,2024-01-11 06:13:49,0
959,944,1236,850,70,58,40,25,21,16,19,19,30,16,9,9,31,13,13,13,12,12,13,12,12,12,2,4,1,4,2,9,6,4,2,3,0,2,0,0,1,1,1,2,1,0,1,2024-01-11 06:15:49,1
936,932,847,828,20,17,18,9,6,6,6,6,30,7,9,9,9,6,6,6,3,3,6,3,3,3,0,3,0,2,0,0,0,4,2,0,0,0,0,0,0,0,0,0,0,1,2,2024-01-11 06:17:49,2
943,942,873,861,0,0,15,0,3,2,2,2,30,2,13,13,2,1,1,1,0,0,0,0,0,0,0,3,0,0,0,8,6,4,2,0,1,2,0,0,1,1,1,2,1,0,0,2024-01-11 06:19:49,0
915,913,1199,850,0,0,8,0,4,3,5,5,30,5,5,5,3,0,0,0,0,0,0,0,0,0,0,1,0,1,0,0,0,4,2,0,0,0,1,0,0,0,0,0,0,0,0,2024-01-11 06:21:49,0
947,944,937,919,12,10,18,4,5,4,5,5,45,7,12,12,6,2,2,2,2,2,2,2,2,2,0,3,0,3,0,7,6,4,2,0,0,2,0,0,1,1,1,2,1,2,1,2024-01-11 06:23:49,0
920,917,1232,877,6,5,16,2,6,6,5,5,30,5,9,9,7,1,1,1,1,1,1,1,1,1,1,3,1,1,1,9,6,4,2,0,0,2,0,0,1,1,1,2,1,0,1,2024-01-11 06:25:49,1
907,905,834,811,0,0,16,0,5,4,5,5,30,5,12,12,4,1,1,1,0,0,0,0,0,0,0,2,0,1,0,0,0,4,2,0,1,0,0,0,0,0,0,0,0,0,2,2024-01-11 06:27:49,0
957,956,910,899,6,5,14,2,4,5,4,4,30,3,6,6,8,1,1,1,1,1,1,1,1,1,0,2,0,1,1,7,6,4,2,2,0,2,0,0,1,1,1,2,1,1,0,2024-01-11 06:29:49,1
925,920,1350,986,6,5,15,2,3,2,3,3,30,4,12,12,3,5,5,5,1,1,1,1,1,1,0,2,0,1,0,0,0,4,2,0,4,0,0,0,0,0,0,0,0,1,0,2024-01-11 06:31:49,3
938,938,955,949,12,10,6,4,0,0,0,0,45,2,4,4,2,2,2,2,2,2,2,2,2,2,0,2,0,0,0,9,6,4,2,0,0,2,0,0,1,1,1,2,1,2,1,2024-01-11 06:33:49,0
908,908,960,598,0,0,17,0,3,3,3,3,30,3,14,14,3,0,0,0,0,0,0,0,0,0,0,3,0,0,0,8,6,4,2,0,0,2,0,0,1,1,1,2,1,0,1,2024-01-11 06:35:49,0
931,927,22,0,6,5,23,2,10,11,10,10,30,10,11,11,12,1,1,1,1,1,1,1,1,1,0,4,1,4,0,0,0,4,2,0,0,0,0,0,0,0,0,0,0,0,2,2024-01-11 06:37:49,0
952,950,9,0,0,0,11,0,1,0,1,1,30,1,11,11,0,1,1,1,0,0,0,0,0,0,0,2,0,1,0,6,6,4,2,0,1,2,0,0,1,1,1,2,1,0,0,2024-01-11 06:39:49,0
927,926,358,0,12,10,11,4,1,2,1,1,30,2,7,7,4,2,2,2,2,2,2,2,2,2,0,3,1,0,0,0,0,4,2,0,0,0,1,0,0,0,0,0,0,1,0,2024-01-11 06:41:49,1
936,933,12,0,0,0,12,0,6,3,5,5,45,5,9,9,3,0,0,0,0,0,0,0,0,0,0,3,0,1,1,9,6,4,2,0,0,2,0,0,1,1,1,2,1,0,1,2024-01-11 06:43:49,0
912,911,358,0,12,10,16,4,4,4,4,4,30,6,10,10,6,2,2,2,2,2,2,2,2,2,0,2,0,0,0,8,6,4,2,0,0,2,0,0,1,1,1,2,1,2,1,2024-01-11 06:45:49,0
933,927,856,838,6,5,20,2,7,6,6,6,30,5,12,12,8,1,1,1,1,1,1,1,1,1,0,3,2,2,1,0,0,4,2,1,0,0,0,0,0,0,0,0,0,0,2,2024-01-11 06:47:49,0
956,952,890,869,12,10,22,4,4,4,5,5,30,3,16,16,6,3,3,3,2,2,2,2,2,2,1,2,2,1,0,8,6,4,2,0,1,2,0,0,1,1,1,2,1,0,0,2024-01-11 06:49:49,2
916,915,1260,890,6,5,14,2,5,4,5,5,30,6,9,9,5,1,1,1,1,1,1,1,1,1,1,2,0,1,0,0,0,4,2,0,0,0,0,0,0,0,0,0,0,1,0,2024-01-11 06:51:49,0
937,934,849,840,0,0,12,0,5,4,5,5,45,5,8,8,4,0,0,0,0,0,0,0,0,0,1,3,1,2,0,8,6,4,2,0,0,2,0,0,1,1,1,2,1,0,1,2024-01-11 06:53:49,0
919,917,1187,834,6,5,11,2,2,2,2,2,15,3,8,8,3,1,1,1,1,1,1,1,1,1,0,3,0,1,0,0,0,4,2,0,0,0,1,0,0,0,0,0,0,1,1,2024-01-11 06:55:49,0
931,927,854,823,6,5,28,2,14,14,14,14,45,15,13,13,15,1,1,1,1,1,1,1,1,1,2,3,0,3,0,7,6,4,2,0,0,2,0,0,1,1,1,2,1,1,2,2024-01-11 06:57:49,0
956,955,857,847,0,0,12,0,1,1,1,1,30,1,11,11,1,0,0,0,0,0,0,0,0,0,0,3,0,1,0,8,6,4,2,0,0,2,0,0,1,1,1,2,1,0,0,2024-01-11 06:59:49,0
912,904,1168,811,0,0,14,0,7,9,7,7,30,7,5,5,9,5,5,5,0,0,0,0,0,0,4,2,1,2,1,0,0,4,2,0,5,0,0,0,0,0,0,0,0,0,0,2024-01-11 07:01:49,5
955,952,895,882,12,10,19,4,5,4,5,5,45,7,13,13,6,2,2,2,2,2,2,2,2,2,1,8,0,1,0,8,6,4,2,0,0,2,0,0,1,1,1,2,1,2,1,2024-01-11 07:03:49,0
917,916,1225,863,6,5,22,2,14,14,14,14,15,14,7,7,15,1,1,1,1,1,1,1,1,1,0,2,0,1,0,0,0,4,2,0,0,0,0,0,0,0,0,0,0,0,1,2024-01-11 07:05:49,1
929,929,848,834,12,10,10,4,0,0,0,0,45,1,8,8,2,2,2,2,2,2,2,2,2,2,0,2,0,0,0,9,6,4,2,0,0,2,0,0,1,1,1,2,1,1,2,2024-01-11 07:07:49,0
960,957,897,873,6,5,22,2,9,9,9,9,30,9,12,12,10,1,1,1,1,1,1,1,1,1,0,4,0,1,0,8,6,4,2,0,0,2,1,0,1,1,1,2,1,0,0,2024-01-11 07:09:49,0
900,895,1304,955,0,0,11,0,6,5,5,5,30,5,6,6,5,1,1,1,0,0,0,0,0,0,1,4,1,1,1,0,0,4,2,0,1,0,1,0,0,0,0,0,0,0,0,2024-01-11 07:11:49,0
954,949,997,982,6,5,19,2,8,10,8,8,45,8,8,8,11,1,1,1,1,1,1,1,1,1,1,4,0,3,0,5,6,4,2,0,0,2,0,0,1,1,1,2,1,0,1,2024-01-11 07:13:49,1
919,916,1082,728,12,10,14,4,4,3,4,4,15,5,9,9,5,2,2,2,2,2,2,2,2,2,1,4,0,2,0,0,0,4,2,0,0,0,0,0,0,0,0,0,0,1,1,2024-01-11 07:15:49,0
934,931,13,0,6,5,14,2,6,4,7,7,45,6,9,9,5,1,1,1,1,1,1,1,1,1,1,3,0,1,0,4,6,4,2,0,0,2,0,0,1,1,1,2,1,1,2,2024-01-11 07:17:49,1
966,962,22,0,24,20,25,8,6,5,5,5,30,6,15,15,10,4,4,4,4,4,4,4,4,4,1,4,1,2,2,8,6,4,2,1,0,2,0,0,1,1,1,2,1,2,0,2024-01-11 07:19:49,5
915,909,355,0,0,0,12,0,8,6,8,8,30,8,6,6,6,1,1,1,0,0,0,0,0,0,0,2,1,3,0,0,0,4,2,0,1,0,1,0,0,0,0,0,0,0,0,2024-01-11 07:21:49,0
951,948,22,0,6,5,26,7,7,5,7,7,45,7,20,20,6,6,6,6,1,1,6,1,1,1,1,5,0,2,0,9,6,4,2,0,0,2,0,0,1,1,1,2,1,0,1,2024-01-11 07:23:49,0
920,919,354,0,6,5,14,2,5,4,5,5,15,6,9,9,5,1,1,1,1,1,1,1,1,1,1,3,0,0,0,0,0,4,2,0,0,0,1,0,0,0,0,0,0,1,1,2024-01-11 07:25:49,0
934,930,879,850,6,5,21,3,6,5,6,6,45,5,14,14,7,2,2,2,1,1,2,1,1,1,0,4,0,4,0,9,6,4,2,1,0,2,0,0,1,1,1,2,1,0,2,2024-01-11 07:27:49,6
943,936,851,835,12,10,18,4,10,9,9,9,30,9,7,7,11,2,2,2,2,2,2,2,2,2,2,3,2,2,1,9,6,4,2,0,0,2,1,0,1,1,1,2,1,0,0,2024-01-11 07:29:49,1
931,925,1266,900,12,10,18,4,4,4,4,4,30,6,12,12,6,7,7,7,2,2,2,2,2,2,0,1,0,1,0,0,0,4,2,0,5,0,0,0,0,0,0,0,0,2,0,2024-01-11 07:31:49,0
941,940,848,842,0,0,11,0,3,4,3,3,45,3,7,7,4,0,0,0,0,0,0,0,0,0,2,5,0,0,0,8,6,4,2,0,0,2,1,0,1,1,1,2,1,0,1,2024-01-11 07:33:49,0
924,921,1211,845,6,5,25,2,7,8,7,7,15,8,16,16,9,1,1,1,1,1,1,1,1,1,0,5,0,3,0,0,0,4,2,0,0,0,0,0,0,0,0,0,0,1,1,2024-01-11 07:35:49,0
933,931,845,829,12,10,19,4,6,6,6,6,45,7,11,11,8,2,2,2,2,2,2,2,2,2,2,4,0,1,0,7,6,4,2,0,0,2,0,0,1,1,1,2,1,1,2,2024-01-11 07:37:49,1
943,940,864,852,0,0,15,0,2,3,2,2,15,2,12,12,3,1,1,1,0,0,0,0,0,0,2,3,1,1,0,0,0,4,2,0,1,0,0,0,0,0,0,0,0,0,0,2024-01-11 07:39:49,0
928,924,1192,826,12,10,20,7,10,10,10,10,45,10,8,8,12,5,5,5,2,2,5,2,2,2,0,4,1,4,0,2,6,4,2,0,0,2,0,0,1,1,1,2,1,0,0,2024-01-11 07:41:49,0
944,942,902,887,12,10,13,4,2,2,2,2,45,4,9,9,4,2,2,2,2,2,2,2,2,2,0,3,0,1,0,4,6,4,2,0,0,2,0,0,1,1,1,2,1,2,1,2024-01-11 07:43:49,0
920,920,1235,872,0,0,25,0,11,13,11,11,15,11,12,12,13,0,0,0,0,0,0,0,0,0,2,4,0,0,0,0,0,4,2,0,0,0,0,0,0,0,0,0,0,0,1,2024-01-11 07:45:49,0
917,917,852,833,12,10,18,6,2,1,2,2,45,3,15,15,3,4,4,4,2,2,4,2,2,2,1,6,0,0,0,8,6,4,2,0,0,2,0,0,1,1,1,2,1,1,2,2024-01-11 07:47:49,0
967,957,921,897,6,5,27,2,14,8,13,13,15,11,17,17,10,2,2,2,1,1,1,1,1,1,0,2,1,5,1,0,0,4,2,1,1,0,0,0,0,0,0,0,0,0,0,2024-01-11 07:49:49,0
912,907,1321,950,0,0,14,0,6,7,6,6,45,6,7,7,7,0,0,0,0,0,0,0,0,0,4,0,2,4,0,8,6,4,2,0,0,2,0,0,1,1,1,2,1,0,0,2024-01-11 07:51:49,0
951,947,985,970,18,15,19,6,4,5,4,4,45,5,11,11,8,3,3,3,3,3,3,3,3,3,2,6,2,0,0,8,6,4,2,0,0,2,1,0,1,1,1,2,1,1,1,2024-01-11 07:53:49,3
915,910,1037,681,12,10,12,4,7,4,7,7,15,7,6,6,6,2,2,2,2,2,2,2,2,2,1,1,0,1,0,0,0,4,1,0,0,0,0,0,0,0,0,0,0,1,1,2024-01-11 07:55:49,0
934,931,22,0,6,5,20,3,7,6,7,7,45,7,13,13,7,2,2,2,1,1,2,1,1,1,2,3,0,1,0,9,6,4,2,0,0,2,1,0,1,1,1,2,1,0,2,2024-01-11 07:57:49,0
958,952,28,0,6,5,28,2,19,18,19,19,15,19,8,8,20,2,2,2,1,1,1,1,1,1,0,2,0,4,0,0,0,4,2,1,1,0,1,0,0,0,0,0,0,1,0,2024-01-11 07:59:49,3
1232,1185,817,4,592,493,374,269,47,219,46,46,45,46,56,56,318,174,174,174,99,99,170,99,99,99,216,3,1,40,1,8,6,4,2,0,4,2,0,0,1,1,1,2,1,0,0,2024-01-11 08:01:49,58
945,942,7,0,2,2,12,1,5,2,5,5,45,5,10,10,2,1,1,1,0,0,1,0,0,0,0,6,0,3,0,7,6,4,2,0,0,2,0,0,1,1,1,2,1,0,1,2024-01-11 08:03:49,1
926,916,360,0,12,10,32,4,13,10,14,14,15,12,15,15,17,2,2,2,2,2,2,2,2,2,6,10,1,3,1,0,0,4,2,3,0,0,2,0,0,0,0,0,0,1,1,2024-01-11 08:05:49,8
940,935,885,858,12,10,26,4,11,12,11,11,45,12,12,12,14,3,3,3,2,2,2,2,2,2,2,6,0,4,0,9,6,4,2,0,1,2,0,0,1,1,1,2,1,1,2,2024-01-11 08:07:49,0
961,959,854,830,6,5,22,2,6,4,6,6,15,5,16,16,6,1,1,1,1,1,1,1,1,1,3,6,2,0,0,0,0,4,2,1,0,0,0,0,0,0,0,0,0,0,0,2024-01-11 08:09:49,1
931,926,1238,880,12,10,21,5,12,10,12,12,45,12,8,8,13,3,3,3,2,2,3,2,2,2,3,6,0,3,0,7,6,4,2,1,0,2,1,0,1,1,1,2,1,1,0,2024-01-11 08:11:49,3
946,942,853,840,6,5,21,2,7,8,7,7,30,7,12,12,9,1,1,1,1,1,1,1,1,1,2,8,0,2,0,0,0,4,2,0,0,0,2,0,0,0,0,0,0,0,1,2024-01-11 08:13:49,0
917,913,1202,840,12,10,22,4,6,6,6,6,30,7,14,14,8,2,2,2,2,2,2,2,2,2,0,7,0,2,0,8,6,4,2,0,0,2,1,1,1,1,1,2,1,1,1,2024-01-11 08:15:49,0
937,929,872,850,6,5,28,2,15,12,14,14,45,13,14,14,14,1,1,1,1,1,1,1,1,1,1,5,2,5,1,9,6,4,2,1,0,2,0,0,1,1,1,2,1,0,2,2024-01-11 08:17:49,0
962,957,870,849,12,10,24,4,6,8,6,6,15,6,14,14,10,3,3,3,2,2,2,2,2,2,5,3,2,3,0,0,0,4,2,0,1,0,0,0,0,0,0,0,0,0,0,2024-01-11 08:19:49,0
921,913,1207,823,12,10,42,4,15,13,15,15,45,14,26,26,16,2,2,2,2,2,2,2,2,2,4,2,0,2,1,8,6,4,2,1,0,2,0,1,1,1,1,2,1,0,0,2024-01-11 08:21:49,5
944,940,886,868,12,10,22,4,9,9,9,9,30,10,11,11,11,2,2,2,2,2,2,2,2,2,1,7,0,3,0,0,0,4,2,0,0,0,1,0,0,0,0,0,0,1,1,2024-01-11 08:23:49,0
928,920,1257,886,6,5,32,2,18,16,17,17,30,17,15,15,17,1,1,1,1,1,1,1,1,1,1,3,1,3,1,8,6,4,2,0,0,2,2,0,1,1,1,2,1,0,1,2024-01-11 08:25:49,1
931,927,881,852,6,5,23,2,5,8,5,5,45,6,14,14,9,1,1,1,1,1,1,1,1,1,4,3,0,0,1,7,6,4,2,0,0,2,1,1,1,1,1,2,1,1,2,2024-01-11 08:27:49,5
970,956,880,861,6,5,24,2,19,14,18,18,15,17,8,8,16,2,2,2,1,1,1,1,1,1,9,4,1,7,1,0,0,4,2,1,1,0,0,0,0,0,0,0,0,0,0,2024-01-11 08:29:49,3
927,917,1332,963,6,5,21,3,120,9,120,120,45,120,11,11,10,6,6,6,1,1,2,1,1,1,3,0,0,1,0,8,6,4,2,0,4,2,0,0,1,1,1,2,1,0,0,2024-01-11 08:31:49,0
959,926,990,962,18,15,30,7,69,15,69,69,30,70,12,12,18,6,6,6,3,3,4,3,3,3,5,3,0,6,3,0,0,4,2,0,2,0,0,0,0,0,0,0,0,1,1,2024-01-11 08:33:49,8
928,923,1071,707,6,5,23,2,7,8,7,7,30,7,14,14,9,1,1,1,1,1,1,1,1,1,3,3,0,2,0,5,6,4,2,0,0,2,1,0,1,1,1,2,1,0,1,2024-01-11 08:35:49,0
930,930,21,0,12,10,23,4,5,6,5,5,45,7,15,15,8,2,2,2,2,2,2,2,2,2,4,3,0,0,1,9,6,4,2,0,0,2,0,0,1,1,1,2,1,2,2,2024-01-11 08:37:49,5
955,953,14,0,0,0,15,0,3,2,3,3,15,3,13,13,2,0,0,0,0,0,0,0,0,0,2,4,0,0,0,0,0,4,2,0,0,0,0,0,0,0,0,0,0,0,0,2024-01-11 08:39:49,0
911,903,365,0,6,5,29,2,12,12,11,11,45,10,15,15,14,2,2,2,1,1,1,1,1,1,3,3,2,2,3,8,6,4,2,1,1,2,0,0,1,1,1,2,1,0,0,2024-01-11 08:41:49,10
942,933,19,0,6,5,21,2,14,12,13,13,30,13,8,8,13,1,1,1,1,1,1,1,1,1,4,3,4,1,1,0,0,4,2,0,0,0,2,0,0,0,0,0,0,0,1,2024-01-11 08:43:49,3
941,929,369,0,18,15,27,6,15,13,15,15,30,16,11,11,16,4,4,4,3,3,3,3,3,3,4,3,5,4,1,8,6,4,2,0,1,2,0,0,1,1,1,2,1,1,1,2024-01-11 08:45:49,5
930,926,863,837,0,0,26,0,15,14,15,15,30,15,12,12,14,0,0,0,0,0,0,0,0,0,1,3,0,2,0,0,0,4,2,0,0,0,1,0,0,0,0,0,0,0,2,2024-01-11 08:47:49,2
984,972,905,877,36,30,37,12,13,9,13,13,30,12,21,21,16,8,8,8,6,6,6,6,6,6,2,10,3,2,2,7,6,4,2,0,2,2,0,1,1,1,1,2,1,1,0,2024-01-11 08:49:49,6
921,911,1267,873,18,15,38,6,15,14,14,14,45,14,21,21,17,6,6,6,3,3,3,3,3,3,2,1,2,2,1,7,6,4,2,0,3,2,1,0,1,1,1,2,1,0,0,2024-01-11 08:51:49,0
960,947,884,860,24,20,31,8,19,13,17,17,30,14,11,11,20,4,4,4,4,4,4,4,4,4,5,4,3,1,3,0,0,4,2,3,0,0,1,0,0,0,0,0,0,0,1,2024-01-11 08:53:49,1
926,920,1175,812,12,10,22,4,9,8,10,10,30,9,10,10,12,2,2,2,2,2,2,2,2,2,3,2,1,3,1,8,6,4,2,2,0,2,0,0,1,1,1,2,1,1,1,2024-01-11 08:55:49,2
956,939,876,837,48,40,39,18,22,17,21,21,30,18,13,13,26,12,12,12,8,8,11,8,7,7,6,3,5,3,2,0,0,4,2,1,1,0,0,0,0,0,0,0,0,0,2,2024-01-11 08:57:49,12
965,959,887,861,6,5,26,2,12,13,12,12,30,13,12,12,14,1,1,1,1,1,1,1,1,1,2,2,0,4,1,7,6,4,2,0,0,2,0,1,1,1,1,2,1,1,0,2024-01-11 08:59:49,5
1332,1309,1501,832,961,796,326,397,34,26,30,30,45,29,134,134,192,237,237,237,165,165,232,165,165,165,10,10,5,4,8,8,6,4,2,1,5,2,0,4,1,1,1,2,1,0,0,2024-01-11 09:01:49,132
1038,1030,1029,880,219,189,97,89,18,13,17,17,30,16,53,53,44,59,59,59,30,30,59,30,30,30,2,6,2,3,31,0,0,4,2,1,0,0,1,0,0,0,0,0,0,0,1,2024-01-11 09:03:49,33
962,954,1242,863,72,60,45,40,17,18,17,17,30,17,15,15,30,28,28,28,12,12,28,12,12,12,4,9,1,6,0,9,6,4,2,0,0,2,0,0,1,1,1,2,1,0,1,2024-01-11 09:05:49,9
951,943,882,833,42,35,44,18,18,18,18,18,30,18,18,18,26,11,11,11,7,7,11,7,7,7,9,2,6,1,0,0,0,4,2,1,0,0,0,0,0,0,0,0,0,1,2,2024-01-11 09:07:49,0
981,970,907,868,66,55,37,22,19,13,19,19,30,20,13,13,24,11,11,11,11,11,11,11,11,11,5,5,2,5,0,8,6,4,2,0,0,2,0,0,1,1,1,2,1,1,0,2024-01-11 09:09:49,3
950,917,1424,975,6,5,108,2,89,99,89,89,45,90,8,8,100,2,2,2,1,1,1,1,1,1,93,1,3,25,1,8,6,4,2,0,1,2,0,0,1,1,1,2,1,1,0,2024-01-11 09:11:49,5
951,944,998,969,18,15,27,8,20,15,19,19,30,19,9,9,18,5,5,5,3,3,5,3,3,3,5,4,2,0,1,0,0,4,2,0,0,0,1,0,0,0,0,0,0,0,1,2024-01-11 09:13:49,6
935,923,1058,692,24,20,31,8,20,15,20,20,30,18,9,9,22,4,4,4,4,4,4,4,4,4,8,4,2,6,2,8,6,4,2,2,0,2,0,0,1,1,1,2,1,0,1,2024-01-11 09:15:49,6
952,939,38,0,22,18,49,10,25,29,25,25,30,25,16,16,33,7,7,7,4,4,6,4,4,4,7,10,4,5,2,0,0,4,2,0,1,0,1,0,0,0,0,0,0,0,2,2024-01-11 09:17:49,12
977,963,55,0,36,30,58,12,22,19,21,21,30,22,33,33,25,6,6,6,6,6,6,6,6,6,8,6,2,6,1,9,6,4,2,0,0,2,2,0,1,1,1,2,1,1,0,2024-01-11 09:19:49,2
948,932,383,0,32,27,57,11,26,28,27,27,30,24,18,18,39,6,6,6,5,5,6,5,5,5,18,7,3,6,5,0,0,4,2,3,0,0,2,1,0,0,0,0,0,0,0,2024-01-11 09:21:49,32
971,954,34,0,42,35,46,14,24,18,23,23,45,22,20,20,26,6,6,7,7,7,7,7,7,7,4,13,2,7,2,8,6,4,2,1,0,2,1,0,1,1,1,2,1,1,1,2024-01-11 09:23:49,4
941,926,385,0,12,10,47,8,25,22,24,24,30,24,23,23,24,8,8,7,2,2,6,2,2,2,11,4,5,4,1,2,6,4,2,0,1,2,2,0,1,1,1,2,1,0,1,2024-01-11 09:25:49,0
967,951,932,845,51,42,96,18,26,30,28,28,30,24,55,55,41,9,9,9,9,9,9,9,9,9,10,17,4,8,1,0,0,4,2,2,0,0,0,0,0,0,0,0,0,0,2,2024-01-11 09:27:49,7
993,981,921,861,51,43,69,16,18,21,18,18,30,19,40,40,29,8,8,8,8,8,8,8,8,8,5,11,2,6,1,8,6,4,2,0,0,2,1,3,1,1,1,2,1,1,0,2024-01-11 09:29:49,5
977,960,1288,879,12,10,104,6,19,32,19,19,30,19,70,70,34,8,8,8,2,2,4,2,2,2,16,40,5,6,2,0,0,4,2,0,4,0,0,1,0,0,0,0,0,0,0,2024-01-11 09:31:49,11
1073,1056,906,845,60,50,163,25,32,24,32,32,45,32,129,129,34,16,16,16,10,10,15,10,10,10,13,100,2,4,3,9,6,4,1,0,1,2,0,4,1,1,1,2,1,0,1,2024-01-11 09:33:49,16
948,936,1241,847,30,25,59,10,26,28,27,27,30,28,26,26,33,5,5,5,5,5,5,5,5,5,7,8,3,4,2,7,6,4,2,0,0,2,0,0,1,1,1,2,1,1,1,2024-01-11 09:35:49,6
952,927,886,823,18,15,82,6,39,37,38,38,30,36,39,39,43,4,4,4,3,3,3,3,3,3,16,14,4,9,4,0,0,4,2,2,1,0,4,0,0,0,0,0,0,0,2,2024-01-11 09:37:49,14
979,967,903,855,36,30,55,14,20,23,19,19,30,18,25,25,30,8,8,8,6,6,8,6,6,6,7,6,6,5,1,3,6,4,2,1,0,2,1,0,1,1,1,2,1,0,0,2024-01-11 09:39:49,0
953,936,1241,840,36,30,66,14,26,26,26,26,30,28,34,34,32,8,8,8,6,6,8,6,6,6,6,7,5,8,2,0,0,4,2,0,0,0,1,0,0,0,0,0,0,2,0,2024-01-11 09:41:49,11
964,957,903,871,36,30,42,12,10,10,10,10,45,10,26,26,16,6,6,6,6,6,6,6,6,6,6,11,2,1,0,7,6,4,2,0,0,2,2,0,1,1,1,2,1,0,1,2024-01-11 09:43:49,5
960,945,1282,865,70,58,81,25,28,33,29,29,30,29,36,36,45,13,13,13,12,12,13,12,12,12,11,4,5,7,2,7,6,4,2,0,0,2,1,1,1,1,1,2,1,0,1,2024-01-11 09:45:49,13
965,947,902,822,44,37,98,15,37,27,37,37,30,38,64,64,34,8,8,8,7,7,8,7,7,7,12,21,7,4,0,0,0,4,2,0,0,0,0,0,0,0,0,0,0,1,2,2024-01-11 09:47:49,0
1004,984,962,879,84,70,93,30,38,42,38,38,30,37,36,36,57,17,17,17,14,14,16,14,14,14,19,7,5,8,2,3,6,4,2,1,1,2,0,1,1,1,1,2,1,0,0,2024-01-11 09:49:49,11
978,928,1412,956,24,20,133,8,63,89,62,62,30,55,33,33,100,6,6,6,4,4,4,4,4,4,55,4,5,28,24,0,0,4,2,7,2,0,2,3,0,0,0,0,0,0,0,2024-01-11 09:51:49,118
1002,976,1017,943,96,80,81,34,44,26,42,42,45,42,39,39,42,18,18,18,16,16,18,16,16,16,8,8,4,4,2,9,6,4,2,0,0,2,1,0,1,1,1,2,1,1,1,2024-01-11 09:53:49,3
964,947,1156,738,60,50,93,26,38,35,37,37,30,36,47,47,46,16,16,16,10,10,16,10,10,10,24,20,2,10,1,8,6,4,2,1,0,2,1,0,1,1,1,2,1,0,1,2024-01-11 09:55:49,3
968,949,92,0,54,45,96,21,30,33,32,32,30,30,54,54,42,12,12,12,9,9,12,9,9,9,15,10,5,6,2,0,0,4,2,0,0,0,1,0,0,0,0,0,0,0,2,2024-01-11 09:57:49,12
1020,1005,83,0,60,50,113,20,20,21,19,19,30,18,83,83,31,11,11,11,10,10,10,10,10,10,4,33,5,4,4,9,6,4,2,0,1,2,0,3,1,1,1,2,1,1,0,2024-01-11 09:59:49,14
1168,1135,614,0,200,167,418,76,43,40,43,43,30,49,337,337,80,47,47,47,33,33,43,33,33,33,28,152,9,5,5,0,0,4,2,6,4,0,6,2,0,0,0,0,0,12,0,2024-01-11 10:01:49,25
1064,1030,95,0,42,35,179,14,40,44,44,44,45,43,124,124,55,10,10,10,7,7,7,7,7,7,16,77,10,5,5,7,6,4,2,2,3,2,5,0,1,1,1,2,1,1,1,2024-01-11 10:03:49,33
1033,1008,431,0,96,80,155,35,34,26,31,31,15,31,113,113,42,23,23,23,16,16,19,16,16,16,8,65,5,6,4,0,0,4,2,0,4,0,0,1,0,0,0,0,0,0,1,2024-01-11 10:05:49,5
980,967,907,836,72,60,84,30,20,21,18,18,45,18,51,51,33,19,19,19,12,12,18,12,12,12,8,14,2,5,3,9,6,4,2,0,1,2,1,1,1,1,1,2,1,0,2,2024-01-11 10:07:49,7
1024,1007,936,838,72,60,122,29,32,37,31,31,30,32,73,73,49,17,17,17,12,12,17,12,12,12,19,28,5,3,4,9,6,4,2,0,0,2,1,2,1,1,1,2,1,1,0,2024-01-11 10:09:49,18
988,960,1406,896,54,45,113,19,41,40,40,40,30,39,64,64,50,11,11,11,9,9,10,9,9,9,20,28,9,10,3,0,0,4,2,1,1,0,0,0,0,0,0,0,0,0,0,2024-01-11 10:11:49,11
992,974,907,834,54,45,98,18,31,28,30,30,45,30,58,58,38,10,10,10,9,9,9,9,9,9,8,23,8,2,2,8,6,4,2,1,1,2,2,3,1,1,1,2,1,1,1,2024-01-11 10:13:49,8
1043,1024,1323,843,220,183,158,82,34,33,33,33,15,33,86,86,71,45,45,45,37,37,45,37,37,37,7,36,6,9,1,0,0,4,4,1,0,0,0,0,0,0,0,0,0,1,1,2024-01-11 10:15:49,8
1031,998,940,834,164,137,140,49,40,38,39,39,45,38,74,74,66,36,36,36,27,27,28,27,21,21,13,34,7,11,2,4,6,4,6,1,8,2,0,0,1,1,1,2,1,0,2,2024-01-11 10:17:49,17
1054,1044,955,852,164,136,115,76,26,26,26,26,30,26,61,61,54,48,48,48,28,28,48,28,28,28,11,12,4,2,1,7,6,4,6,0,0,2,0,0,1,1,1,2,1,0,0,2024-01-11 10:19:49,8
990,969,1268,827,118,99,117,42,23,36,23,23,30,23,60,60,57,30,30,30,19,19,25,19,17,17,21,12,4,4,6,0,0,4,5,1,5,0,1,1,0,0,0,0,0,1,0,2024-01-11 10:21:49,40
1009,991,955,871,78,65,109,35,38,37,39,39,45,38,56,56,53,22,22,22,13,13,22,13,13,13,21,19,0,8,3,9,6,4,4,1,0,2,2,2,1,1,1,2,1,0,1,2024-01-11 10:23:49,22
1036,1012,1336,869,216,180,154,86,39,32,39,39,15,37,84,84,70,55,55,55,36,36,52,36,34,34,15,27,5,7,3,0,0,4,4,2,3,0,1,1,0,0,0,0,0,0,1,2024-01-11 10:25:49,13
1042,1024,971,855,204,170,133,78,23,24,22,22,45,22,73,73,60,44,44,44,34,34,44,34,34,34,14,22,6,2,4,8,6,4,4,1,0,2,3,14,1,1,1,2,1,1,2,2024-01-11 10:27:49,31
1017,999,944,865,96,80,95,37,34,36,33,33,30,31,41,41,54,21,21,21,16,16,21,16,16,16,12,13,6,7,3,9,6,4,4,2,0,2,1,1,1,1,1,2,1,0,0,2024-01-11 10:29:49,11
991,965,1397,963,102,85,113,40,34,40,34,34,30,33,55,55,58,28,28,28,17,17,23,17,17,17,21,20,3,9,6,0,0,4,4,1,5,0,0,2,0,0,0,0,0,0,0,2024-01-11 10:31:49,28
1030,1005,1050,954,157,131,117,54,35,49,34,34,45,35,42,42,75,27,27,27,26,26,27,26,26,26,36,14,2,15,8,9,6,4,2,0,0,2,1,4,1,1,1,2,1,1,1,2024-01-11 10:33:49,48
967,942,1146,732,83,69,89,27,41,36,40,40,15,38,37,37,52,15,15,15,14,14,14,14,14,14,17,16,5,14,1,0,0,4,2,2,1,0,0,0,0,0,0,0,0,0,1,2024-01-11 10:35:49,0
1027,963,129,0,90,75,153,29,76,98,75,75,45,72,37,37,115,23,23,23,15,15,16,15,13,13,57,7,10,29,22,8,6,4,2,2,7,2,2,0,1,1,1,2,1,0,2,2024-01-11 10:37:49,113
1015,994,72,0,102,85,72,41,36,25,34,34,15,34,30,30,42,24,24,24,17,17,24,17,17,17,7,3,7,3,3,0,0,4,2,0,0,0,0,1,0,0,0,0,0,1,0,2024-01-11 10:39:49,6
1004,968,435,0,84,70,136,28,54,71,53,53,45,50,46,46,90,19,19,19,14,14,15,14,13,13,36,27,4,18,15,4,6,4,2,3,4,2,1,0,1,1,1,2,1,0,0,2024-01-11 10:41:49,82
989,961,78,0,108,90,85,33,34,31,32,32,45,33,36,36,49,24,24,24,18,18,18,18,15,15,15,7,7,4,4,9,6,4,2,0,6,2,0,0,1,1,1,2,1,1,1,2024-01-11 10:43:49,14
1029,1004,451,0,198,165,131,75,36,35,35,35,15,34,60,60,71,42,42,42,33,33,42,33,33,33,19,16,3,7,8,0,0,4,2,2,0,0,0,0,0,0,0,0,0,1,1,2024-01-11 10:45:49,35
1026,1007,937,845,144,120,112,62,33,30,30,30,45,29,58,58,54,40,40,40,24,24,39,24,23,23,9,21,10,2,4,8,6,4,2,0,1,2,0,0,1,1,1,2,1,0,2,2024-01-11 10:47:49,6
1024,1002,949,852,72,60,114,26,44,36,41,41,15,41,65,65,49,14,14,14,12,12,14,12,12,12,22,29,3,10,3,0,0,4,2,1,0,0,0,2,0,0,0,0,0,1,0,2024-01-11 10:49:49,6
973,937,1325,872,35,29,132,12,52,83,49,49,45,43,36,36,96,6,6,6,6,6,6,6,6,6,52,10,7,13,25,7,6,4,2,6,0,2,0,0,1,1,1,2,1,0,0,2024-01-11 10:51:49,106
991,959,891,826,73,61,74,24,48,27,47,47,45,45,35,35,39,12,12,12,12,12,12,12,12,12,10,9,8,16,1,8,6,4,2,0,0,2,0,2,1,1,1,2,1,0,1,2024-01-11 10:53:49,5
997,971,1258,828,108,90,102,45,37,37,37,37,15,36,45,45,57,29,29,29,18,18,27,18,18,18,19,12,3,9,4,0,0,4,2,1,2,0,2,3,0,0,0,0,0,0,1,2024-01-11 10:55:49,24
991,964,915,842,76,63,83,29,35,32,34,34,45,34,36,36,47,16,16,16,13,13,16,13,13,13,14,12,5,9,6,9,6,4,2,1,0,2,2,1,1,1,1,2,1,1,2,2024-01-11 10:57:49,25
1027,1000,901,842,43,36,104,14,40,38,37,37,15,33,55,55,49,7,7,7,7,7,7,7,7,7,21,37,5,15,8,0,0,4,2,4,0,0,1,0,0,0,0,0,0,0,0,2024-01-11 10:59:49,24
1068,968,1416,833,85,71,255,35,191,174,188,188,45,164,41,41,214,25,25,25,14,14,21,14,14,14,165,18,6,43,13,8,6,4,2,25,4,2,17,1,1,1,1,2,1,1,0,2024-01-11 11:01:49,77
996,975,984,859,107,89,149,37,38,39,38,38,45,37,91,91,58,19,19,19,18,18,19,18,18,18,22,23,2,10,3,9,6,4,2,1,0,2,0,43,1,1,1,2,1,0,1,2024-01-11 11:03:49,60
997,968,1348,862,79,66,169,32,35,33,34,34,15,34,123,123,46,23,23,23,13,13,19,13,13,13,15,26,10,6,2,0,0,4,2,0,4,0,0,74,0,0,0,0,0,0,1,2024-01-11 11:05:49,81
999,981,975,824,83,69,173,33,32,34,32,32,45,32,125,125,48,19,19,19,14,14,19,14,14,14,18,23,4,6,2,9,6,4,2,0,0,2,3,71,1,1,1,2,1,0,2,2024-01-11 11:07:49,81
1003,989,1025,865,75,62,167,27,44,46,44,44,30,44,107,107,60,14,14,14,13,13,14,13,13,13,27,12,5,3,1,9,6,4,2,1,0,2,1,76,1,1,1,2,1,1,0,2024-01-11 11:09:49,80
1684,1557,2042,940,1934,1611,773,648,165,344,163,163,30,162,102,102,671,328,328,328,323,323,325,323,323,323,22,9,7,62,6,0,0,4,2,2,3,0,9,79,0,0,0,0,0,1,0,2024-01-11 11:11:49,101
1090,1040,1165,955,300,252,218,108,76,72,73,73,45,72,97,97,121,60,60,60,48,48,60,48,48,48,14,5,8,18,5,8,6,4,2,1,0,2,4,73,1,1,1,2,1,0,1,2024-01-11 11:13:49,83
970,941,1226,824,48,40,63,20,40,28,37,37,15,37,26,26,37,12,12,12,8,8,12,8,8,8,14,3,7,11,4,0,0,4,2,1,0,0,1,2,0,0,0,0,0,1,1,2024-01-11 11:15:49,7
1019,997,93,0,155,129,115,58,39,35,37,37,45,34,52,52,63,32,32,32,26,26,32,26,26,26,12,19,8,5,3,6,6,4,2,2,0,2,2,4,1,1,1,2,1,0,2,2024-01-11 11:17:49,10
1032,993,82,0,49,41,102,26,58,54,57,57,30,56,40,40,62,19,19,19,8,8,18,8,8,8,26,16,7,18,5,9,6,4,1,0,1,2,1,1,1,1,1,2,1,0,0,2024-01-11 11:19:49,22
1002,978,433,0,102,85,109,40,37,40,36,36,30,36,50,50,59,23,23,23,17,17,23,17,17,17,27,19,5,11,3,0,0,4,2,1,0,0,1,1,0,0,0,0,0,1,0,2024-01-11 11:21:49,15
1006,974,62,0,57,47,79,19,49,41,47,47,45,47,27,27,52,10,10,10,10,10,10,10,10,10,15,15,6,8,3,8,6,4,2,1,0,2,4,0,1,1,1,2,1,1,1,2024-01-11 11:23:49,5
988,973,418,0,87,73,81,53,23,25,23,23,15,23,42,42,39,38,38,38,14,14,38,14,14,14,14,7,2,4,0,0,0,4,2,0,0,0,0,1,0,0,0,0,0,0,1,2024-01-11 11:25:49,6
1012,981,946,861,90,75,93,32,40,40,39,39,45,38,36,36,57,17,17,17,15,15,17,15,15,15,13,16,13,7,2,9,6,4,2,1,0,2,0,3,1,1,1,2,1,0,2,2024-01-11 11:27:49,14
1027,1000,912,847,78,65,80,27,38,32,35,35,30,34,34,34,46,14,14,14,13,13,14,13,13,13,12,14,11,6,4,9,6,4,2,1,0,2,0,1,1,1,1,2,1,0,0,2024-01-11 11:29:49,6
997,972,1313,874,114,95,102,47,191,35,189,189,30,189,47,47,55,32,32,32,19,19,28,19,19,19,22,7,4,6,6,0,0,4,2,1,4,0,1,4,0,0,0,0,0,1,0,2024-01-11 11:31:49,19
994,974,895,833,48,40,75,23,37,37,37,37,45,36,28,28,47,15,15,15,8,8,15,8,8,8,24,8,1,9,4,3,6,4,2,1,0,2,2,2,1,1,1,2,1,0,1,2024-01-11 11:33:49,19
987,953,1250,830,114,95,88,39,52,45,49,49,30,46,21,21,67,20,20,20,19,19,20,19,19,19,13,6,10,6,5,7,6,4,2,3,0,2,3,0,1,1,1,2,1,0,1,2024-01-11 11:35:49,15
975,961,892,824,100,83,80,36,28,21,29,29,30,26,40,40,41,19,19,19,17,17,19,17,17,17,13,15,1,6,1,0,0,4,2,2,0,0,2,3,0,0,0,0,0,1,2,2024-01-11 11:37:49,9
1070,1034,960,858,116,97,142,51,50,44,51,51,30,45,67,67,74,32,32,32,19,19,32,19,19,19,36,27,6,11,4,9,6,4,2,6,0,2,3,1,1,1,1,2,1,0,0,2024-01-11 11:39:49,25
1008,974,1243,835,66,55,116,27,45,48,49,49,30,43,46,46,70,16,16,16,11,11,16,11,11,11,33,31,5,15,8,0,0,4,2,4,0,0,6,0,0,0,0,0,0,0,0,2024-01-11 11:41:49,59
1011,988,949,859,96,80,108,34,49,50,49,49,45,49,38,38,70,18,18,18,16,16,18,16,16,16,27,17,8,7,2,9,6,4,2,1,0,2,3,0,1,1,1,2,1,1,1,2024-01-11 11:43:49,14
1008,988,1281,860,102,85,108,45,38,34,39,39,30,38,51,51,57,28,28,28,17,17,28,17,17,17,25,20,3,5,5,7,6,4,2,2,0,2,3,1,1,1,1,2,1,1,1,2024-01-11 11:45:49,37
976,940,897,809,66,55,94,26,56,54,54,54,30,52,26,26,68,15,15,15,11,11,15,11,11,11,39,6,8,9,4,0,0,4,2,3,0,0,0,2,0,0,0,0,0,1,2,2024-01-11 11:47:49,19
1026,1011,956,886,126,105,83,51,29,30,30,30,30,30,32,32,51,30,30,30,21,21,30,21,21,21,19,10,1,6,3,9,6,4,2,0,0,2,0,0,1,1,1,2,1,0,0,2024-01-11 11:49:49,18
998,970,1369,944,90,75,86,38,36,37,35,35,30,35,34,34,52,27,27,27,15,15,23,15,15,15,24,13,1,11,6,0,0,4,2,0,4,0,2,0,0,0,0,0,0,0,0,2024-01-11 11:51:49,32
993,975,1092,946,66,55,166,25,36,41,36,36,45,34,113,113,53,15,15,15,11,11,14,11,11,11,15,15,4,7,4,9,6,4,2,1,1,2,1,64,1,1,1,2,1,0,1,2024-01-11 11:53:49,85
959,939,1291,803,60,50,154,28,28,35,29,29,30,29,108,108,46,18,18,18,10,10,18,10,10,10,22,10,7,8,3,9,6,4,2,1,0,2,0,77,1,1,1,2,1,1,1,2024-01-11 11:55:49,98
1000,980,166,0,126,105,171,50,32,29,31,31,30,31,120,120,51,29,29,29,21,21,29,21,21,21,11,10,6,7,2,0,0,4,2,1,0,0,0,80,0,0,0,0,0,1,2,2024-01-11 11:57:49,85
1025,1010,132,0,48,40,178,18,25,24,25,25,30,25,146,146,32,10,10,10,8,8,10,8,8,8,11,52,3,5,0,9,6,4,2,0,0,2,2,86,1,1,1,2,1,0,0,2024-01-11 11:59:49,86
1041,1022,511,0,192,160,208,73,22,24,20,20,30,20,152,152,56,45,45,45,32,32,41,32,32,32,16,45,4,4,4,0,0,4,2,0,4,0,0,81,0,0,0,0,0,0,0,2024-01-11 12:01:49,115
1048,1028,111,0,150,125,142,54,36,28,35,35,45,34,89,89,53,30,30,30,25,25,29,25,25,25,12,33,6,5,2,9,6,4,2,0,1,2,0,35,1,1,1,2,1,0,1,2024-01-11 12:03:49,41
1027,977,479,0,114,95,158,45,91,98,90,90,30,91,41,41,117,32,32,32,19,19,26,19,19,19,79,18,5,31,6,9,6,4,2,0,6,2,0,3,1,1,1,2,1,1,1,2024-01-11 12:05:49,32
966,941,893,844,42,35,59,14,32,20,31,31,30,28,27,27,32,7,7,7,7,7,7,7,7,7,17,10,6,8,3,0,0,4,2,4,0,0,1,3,0,0,0,0,0,1,2,2024-01-11 12:07:49,12
1029,1004,908,835,96,80,90,32,35,30,33,33,30,31,37,37,53,16,16,16,16,16,16,16,16,16,19,17,7,8,2,8,6,4,2,1,0,2,1,0,1,1,1,2,1,0,0,2024-01-11 12:09:49,6
982,967,1260,883,66,55,59,29,20,18,22,22,45,20,28,28,31,18,18,18,11,11,18,11,11,11,9,21,2,2,3,8,6,4,2,2,0,2,7,1,1,1,1,2,1,0,0,2024-01-11 12:11:49,23
978,960,883,843,30,25,44,13,27,28,26,26,30,25,11,11,33,8,8,8,5,5,8,5,5,5,17,4,8,6,1,0,0,4,2,0,0,0,0,0,0,0,0,0,0,0,1,2024-01-11 12:13:49,0
912,899,1216,840,0,0,39,0,28,26,28,28,30,27,12,12,27,0,0,0,0,0,0,0,0,0,11,2,2,6,2,7,6,4,2,1,0,2,1,0,1,1,1,2,1,0,1,2024-01-11 12:15:49,10
955,942,875,836,30,25,49,10,25,23,24,24,30,25,21,21,28,5,5,5,5,5,5,5,5,5,14,10,5,2,2,0,0,4,2,0,0,0,0,0,0,0,0,0,0,1,2,2024-01-11 12:17:49,6
996,965,898,851,36,30,50,12,26,29,26,26,30,27,14,14,36,22,22,22,6,6,6,6,6,6,17,2,5,5,2,8,6,4,2,1,16,2,2,1,1,1,1,2,1,2,0,2024-01-11 12:19:49,10
956,936,1209,817,24,20,63,8,32,32,32,32,45,32,27,27,36,5,5,5,4,4,4,4,4,4,19,12,3,12,2,2,6,4,2,0,1,2,0,2,1,1,1,2,1,0,0,2024-01-11 12:21:49,12
966,949,884,843,54,45,46,18,27,24,27,27,30,24,13,13,33,9,9,9,9,9,9,9,9,9,8,5,6,6,1,0,0,4,2,0,0,0,0,0,0,0,0,0,0,0,1,2024-01-11 12:23:49,8
923,910,1266,893,18,15,33,6,19,18,19,19,30,19,12,12,21,3,3,3,3,3,3,3,3,3,6,2,3,2,0,7,6,4,2,0,0,2,2,0,1,1,1,2,1,0,1,2024-01-11 12:25:49,2
936,924,877,833,12,10,38,4,23,21,23,23,30,23,14,14,24,2,2,2,2,2,2,2,2,2,11,3,0,5,0,0,0,4,2,1,0,0,2,2,0,0,0,0,0,1,2,2024-01-11 12:27:49,4
970,962,907,875,12,10,36,4,14,16,14,14,30,14,18,18,18,2,2,2,2,2,2,2,2,2,7,4,0,4,0,6,6,4,2,0,0,2,0,1,1,1,1,2,1,0,0,2024-01-11 12:29:49,1
949,936,1347,954,42,35,51,15,16,13,14,14,45,13,29,29,22,12,12,12,7,7,8,7,7,7,5,4,3,3,3,7,6,4,2,2,4,2,0,1,1,1,1,2,1,1,0,2024-01-11 12:31:49,5
956,942,990,959,30,25,37,12,16,17,15,15,30,15,15,15,22,7,7,7,5,5,7,5,5,5,9,5,2,8,3,0,0,4,2,0,0,0,0,1,0,0,0,0,0,0,1,2024-01-11 12:33:49,10
945,932,1145,763,54,45,43,19,22,17,21,21,30,21,17,17,26,10,10,10,9,9,10,9,9,9,5,3,3,3,1,4,6,4,2,0,0,2,2,0,1,1,1,2,1,0,1,2024-01-11 12:35:49,0
955,944,53,0,54,45,54,18,19,22,19,19,30,18,22,22,32,9,9,9,9,9,9,9,9,9,10,5,2,7,0,0,0,4,2,1,0,0,0,0,0,0,0,0,0,0,2,2024-01-11 12:37:49,5
979,973,45,0,48,40,45,19,13,14,13,13,30,14,23,23,22,11,11,11,8,8,11,8,8,8,10,2,1,1,0,8,6,4,2,0,0,2,1,1,1,1,1,2,1,1,0,2024-01-11 12:39:49,0
938,919,399,0,60,50,63,21,32,30,29,29,45,29,23,23,40,11,11,11,10,10,11,10,10,10,14,6,5,8,3,8,6,4,2,0,0,2,1,1,1,1,1,2,1,0,0,2024-01-11 12:41:49,2
969,956,32,0,36,30,32,12,24,22,21,21,30,21,3,3,29,6,6,6,6,6,6,6,6,6,13,1,4,3,4,0,0,4,2,1,0,0,0,0,0,0,0,0,0,1,1,2024-01-11 12:43:49,5
945,931,376,0,24,20,39,8,22,19,21,21,30,21,16,16,23,4,4,4,4,4,4,4,4,4,11,5,2,6,1,8,6,4,2,0,0,2,0,0,1,1,1,2,1,0,1,2024-01-11 12:45:49,0
951,935,905,857,18,15,55,6,36,32,33,33,30,31,16,16,39,3,3,3,3,3,3,3,3,3,19,3,2,8,6,0,0,4,2,2,0,0,2,0,0,0,0,0,0,0,2,2024-01-11 12:47:49,9
964,951,885,852,12,10,34,4,18,20,18,18,30,18,12,12,22,2,2,2,2,2,2,2,2,2,13,1,4,3,0,8,6,4,2,0,0,2,0,0,1,1,1,2,1,0,0,2024-01-11 12:49:49,1
926,913,1279,879,18,15,43,6,28,25,28,28,45,29,14,14,29,3,3,3,3,3,3,3,3,3,13,2,0,7,3,7,6,4,2,1,0,2,1,0,1,1,1,2,1,2,0,2024-01-11 12:51:49,15
951,939,876,831,12,10,43,4,26,24,26,26,30,27,17,17,26,2,2,2,2,2,2,2,2,2,13,1,2,5,0,0,0,4,2,0,0,0,2,1,0,0,0,0,0,1,1,2024-01-11 12:53:49,1
941,927,1220,840,34,28,38,11,24,22,23,23,30,22,9,9,29,5,5,5,6,6,5,6,6,6,14,2,5,5,1,3,6,4,2,1,0,2,0,0,1,1,1,2,1,0,1,2024-01-11 12:55:49,0
949,937,945,840,44,37,115,15,28,101,28,28,30,27,12,12,109,8,8,8,7,7,8,7,7,7,63,1,2,5,20,0,0,4,1,1,0,0,0,0,0,0,0,0,0,0,2,2024-01-11 12:57:49,98
1005,950,899,857,18,15,66,6,67,33,67,67,30,61,16,16,44,3,3,3,3,3,3,3,3,3,24,1,4,38,11,9,6,4,3,6,0,2,0,1,1,1,1,2,1,0,0,2024-01-11 12:59:49,51
947,932,1208,833,24,20,34,10,28,12,28,28,45,27,17,17,17,11,11,11,4,4,6,4,4,4,8,8,2,3,2,8,6,4,1,1,5,2,0,0,1,1,1,2,1,0,0,2024-01-11 13:01:49,6
962,949,907,869,24,20,45,8,23,23,22,22,30,22,17,17,28,4,4,4,4,4,4,4,4,4,10,6,2,7,2,0,0,4,2,1,0,0,1,0,0,0,0,0,0,1,1,2024-01-11 13:03:49,5
940,923,1220,849,24,20,30,8,22,16,20,20,30,20,9,9,21,8,8,8,4,4,4,4,4,4,5,1,3,3,2,8,6,4,2,1,4,2,1,1,1,1,1,2,1,1,1,2024-01-11 13:05:49,2
956,937,898,848,36,30,51,12,29,27,26,26,45,26,18,18,33,6,6,6,6,6,6,6,6,6,8,4,6,6,4,8,6,4,2,0,0,2,0,3,1,1,1,2,1,0,2,2024-01-11 13:07:49,8
959,950,897,859,24,20,32,8,17,17,17,17,15,17,11,11,21,4,4,4,4,4,4,4,4,4,12,2,1,2,0,0,0,4,2,0,0,0,1,0,0,0,0,0,0,0,0,2024-01-11 13:09:49,0
942,930,1362,985,36,30,38,12,20,20,19,19,45,19,12,12,26,6,6,6,6,6,6,6,6,6,9,4,2,5,1,9,6,4,2,0,0,2,2,0,1,1,1,2,1,0,0,2024-01-11 13:11:49,1
958,946,1000,964,30,25,38,10,25,23,24,24,30,24,10,10,28,5,5,5,5,5,5,5,5,5,8,2,3,3,2,0,0,4,2,0,0,0,1,2,0,0,0,0,0,0,1,2024-01-11 13:13:49,4
947,932,1085,706,66,55,40,22,21,18,18,18,30,17,9,9,31,11,11,11,11,11,11,11,11,11,3,2,7,2,3,1,6,4,2,2,0,2,1,0,1,1,1,2,1,1,1,2024-01-11 13:15:49,0
952,940,36,0,30,25,40,10,31,26,32,32,45,30,8,8,32,5,5,5,5,5,5,5,5,5,8,4,3,4,0,9,6,4,2,1,0,2,1,0,1,1,1,2,1,1,2,2024-01-11 13:17:49,2
959,948,40,0,42,34,39,16,19,18,17,17,15,16,14,14,26,8,8,8,8,8,8,8,8,8,10,3,4,2,2,0,0,4,2,0,0,0,0,0,0,0,0,0,0,0,0,2024-01-11 13:19:49,0
964,943,392,0,78,66,57,27,30,28,29,29,45,27,15,15,41,15,15,15,12,12,15,12,12,12,16,5,3,11,3,7,6,4,2,1,0,2,0,0,1,1,1,2,1,0,0,2024-01-11 13:21:49,13
965,952,51,0,30,25,56,9,34,35,34,34,30,35,16,16,40,5,5,4,5,5,4,5,5,5,10,5,4,4,1,0,0,4,2,0,0,0,0,1,0,0,0,0,0,1,1,2024-01-11 13:23:49,6
949,927,381,0,12,10,38,5,12,11,12,12,30,12,25,25,13,16,16,17,2,2,3,2,2,2,8,1,1,4,1,8,6,4,2,0,14,2,1,2,1,1,1,2,1,0,1,2024-01-11 13:25:49,6
955,933,910,849,66,55,52,25,25,25,25,25,45,25,16,16,36,21,21,20,11,11,14,11,11,11,10,1,4,4,2,8,6,4,2,0,6,2,1,1,1,1,1,2,1,2,2,2024-01-11 13:27:49,6
1011,978,919,868,72,60,56,27,30,26,27,27,15,24,15,15,41,26,26,27,12,12,14,12,12,12,8,2,6,3,4,0,0,4,2,2,13,0,1,0,0,0,0,0,0,0,0,2024-01-11 13:29:49,5
960,932,1280,882,47,39,52,18,25,25,24,24,45,24,19,19,33,26,26,26,8,8,11,8,8,8,7,1,3,6,1,6,6,4,2,0,15,2,1,0,1,1,1,2,1,0,0,2024-01-11 13:31:49,0
1030,994,912,842,115,95,77,49,36,28,32,32,45,30,27,27,50,40,40,40,20,20,29,20,20,20,12,7,6,7,4,8,6,4,2,2,11,2,1,0,1,1,1,2,1,0,1,2024-01-11 13:33:49,4
974,942,1238,842,78,66,54,27,31,28,28,28,15,28,14,14,40,28,28,28,12,12,15,12,12,12,9,1,4,6,3,0,0,4,2,0,13,0,0,0,0,0,0,0,0,0,1,2024-01-11 13:35:49,0
957,933,875,823,42,35,57,14,27,26,26,26,45,26,24,24,34,19,19,19,7,7,7,7,7,7,12,7,4,4,1,8,6,4,2,1,12,2,1,0,1,1,1,2,1,1,2,2024-01-11 13:37:49,1
1009,978,915,864,69,57,59,26,22,18,21,21,15,19,25,25,33,28,28,28,12,12,14,12,12,12,11,4,5,4,3,0,0,4,2,2,14,0,1,0,0,0,0,0,0,1,0,2024-01-11 13:39:49,5
979,946,1248,835,87,73,79,31,35,39,34,34,45,32,25,25,54,25,25,25,14,14,17,14,14,14,18,4,6,9,5,8,6,4,2,1,8,2,1,0,1,1,1,2,1,0,0,2024-01-11 13:41:49,27
985,976,985,920,96,80,68,35,31,28,30,30,30,30,24,24,44,19,19,19,16,16,19,16,16,16,11,4,3,2,2,0,0,4,2,0,0,0,1,1,0,0,0,0,0,0,1,2024-01-11 13:43:49,10
963,949,1283,870,120,100,72,46,26,26,24,24,30,24,26,26,46,26,26,26,20,20,26,20,20,20,8,1,6,3,2,9,6,4,2,0,0,2,1,0,1,1,1,2,1,0,1,2024-01-11 13:45:49,2
973,957,885,823,90,75,58,38,21,19,20,20,45,20,24,24,34,23,23,23,15,15,23,15,15,15,6,1,7,6,1,8,6,4,2,0,0,2,0,1,1,1,1,2,1,0,2,2024-01-11 13:47:49,8
1024,999,984,904,126,105,82,43,38,30,35,35,15,35,29,29,53,24,24,24,21,21,23,21,20,20,5,2,7,6,3,0,0,4,2,2,1,0,2,1,0,0,0,0,0,2,0,2024-01-11 13:49:49,5
978,959,1402,970,124,103,84,43,28,37,28,28,45,27,25,25,59,21,21,22,21,21,22,21,21,21,23,4,7,10,4,9,6,4,2,1,0,2,0,0,1,1,1,2,1,0,0,2024-01-11 13:51:49,22
967,943,1003,960,44,37,47,14,37,27,35,35,30,33,12,12,35,8,8,7,7,7,7,7,7,7,11,2,10,3,3,0,0,4,2,1,0,0,0,0,0,0,0,0,0,0,1,2024-01-11 13:53:49,5
959,944,1024,617,72,60,71,37,28,28,28,28,30,27,29,29,42,25,25,25,12,12,25,12,12,12,15,7,3,3,2,9,6,4,2,2,0,2,1,0,1,1,1,2,1,1,1,2024-01-11 13:55:49,11
1424,980,914,0,132,110,1318,58,480,1238,470,469,45,458,44,44,1275,36,36,36,22,22,36,22,22,22,845,6,5,402,399,9,6,4,2,12,0,2,2,0,1,1,1,2,1,0,2,2024-01-11 13:57:49,1980
1458,993,77,0,84,70,415,36,649,33,655,656,15,400,31,31,383,22,22,22,14,14,22,14,14,14,268,1,5,271,85,0,0,4,2,255,0,0,1,1,0,0,0,0,0,0,0,2024-01-11 13:59:49,332
1016,990,437,0,186,155,96,74,35,36,37,37,45,38,28,28,68,49,49,49,31,31,44,31,30,30,20,7,8,9,1,8,6,4,2,1,5,2,1,1,1,1,1,2,1,2,0,2024-01-11 14:01:49,7
999,973,62,0,78,65,70,28,39,29,36,36,30,36,28,28,42,15,15,15,13,13,15,13,13,13,11,8,7,6,3,0,0,4,2,0,0,0,3,0,0,0,0,0,0,0,1,2024-01-11 14:03:49,4
974,946,423,0,102,85,88,38,49,48,47,47,30,43,21,21,67,23,23,23,17,17,22,17,16,16,21,3,10,9,5,8,6,4,2,2,1,2,2,0,1,1,1,2,1,0,1,2024-01-11 14:05:49,11
1036,957,977,853,90,75,193,28,105,104,101,101,45,74,37,37,156,22,22,22,15,15,16,15,12,12,87,5,6,53,45,8,6,4,2,27,6,2,1,2,1,1,1,2,1,0,2,2024-01-11 14:07:49,201
1043,1015,951,849,130,108,120,45,39,38,40,40,15,37,55,55,65,33,33,33,22,22,27,22,18,18,23,18,9,7,2,0,0,4,2,3,6,0,2,2,0,0,0,0,0,0,0,2024-01-11 14:09:49,20
982,946,1292,877,50,42,87,21,52,50,51,51,45,50,27,27,60,14,14,14,8,8,13,8,8,8,23,11,10,11,6,9,6,4,2,2,1,2,1,0,1,1,1,2,1,1,0,2024-01-11 14:11:49,21
975,959,938,839,96,80,104,39,40,49,40,40,30,41,39,39,65,23,23,23,16,16,23,16,16,16,23,4,6,8,3,0,0,4,2,0,0,0,0,0,0,0,0,0,0,1,1,2024-01-11 14:13:49,16
989,959,1228,820,114,95,75,34,30,25,28,28,30,27,29,29,46,26,26,26,19,19,19,19,15,15,11,7,8,3,5,7,6,4,2,1,7,2,2,0,1,1,1,2,1,0,1,2024-01-11 14:15:49,13
1018,999,928,831,160,133,95,67,41,36,40,40,30,38,30,30,65,40,40,40,27,27,40,27,27,27,14,8,2,6,0,0,0,4,2,2,0,0,1,1,0,0,0,0,0,0,2,2024-01-11 14:17:49,5
1028,1001,937,854,104,87,89,45,39,40,38,38,30,36,29,29,60,33,33,33,17,17,30,17,15,15,25,5,5,10,3,9,6,4,2,2,3,2,0,0,1,1,1,2,1,0,0,2024-01-11 14:19:49,12
1017,986,1264,825,132,110,129,46,42,55,44,44,45,43,48,48,81,24,24,24,22,22,24,22,22,22,31,22,6,12,10,9,6,4,2,1,0,2,0,1,1,1,1,2,1,0,0,2024-01-11 14:21:49,58
1000,972,957,871,144,120,91,46,46,38,44,44,30,42,26,26,65,29,29,29,24,24,25,24,21,21,23,2,5,7,4,0,0,4,2,3,4,0,1,3,0,0,0,0,0,1,1,2024-01-11 14:23:49,13
961,943,1282,871,48,39,70,19,34,34,32,32,30,33,28,28,43,11,11,11,9,9,11,8,8,8,11,2,9,6,3,9,6,4,2,0,0,2,0,0,1,1,1,2,1,1,1,2024-01-11 14:25:49,5
1005,973,931,840,108,91,98,38,46,46,46,46,30,45,32,32,65,30,30,30,17,17,24,18,14,14,20,12,4,11,5,0,0,4,2,2,6,0,1,2,0,0,0,0,0,1,2,2024-01-11 14:27:49,24
1009,988,937,864,104,86,88,33,36,30,36,36,30,34,40,40,49,25,25,26,18,18,20,17,13,13,17,14,3,5,1,9,6,4,2,1,6,2,1,1,1,1,1,2,1,0,0,2024-01-11 14:29:49,11
982,949,1396,959,70,59,110,30,52,55,49,49,45,43,36,36,73,23,23,22,11,11,18,12,12,12,27,10,7,9,9,7,6,4,2,6,4,2,0,2,1,1,1,2,1,0,0,2024-01-11 14:31:49,33
996,961,1040,964,54,45,83,23,42,38,41,41,30,40,35,35,48,14,14,14,9,9,14,9,9,9,21,5,8,12,3,0,0,4,2,1,0,0,2,0,0,0,0,0,0,0,1,2024-01-11 14:33:49,12
999,970,1195,752,144,120,108,50,42,39,41,41,30,39,44,44,64,35,35,35,24,24,29,24,21,21,19,9,9,8,2,9,6,4,2,1,6,2,0,1,1,1,1,2,1,1,1,2024-01-11 14:35:49,6
1022,996,94,0,108,90,124,44,43,47,42,42,30,42,58,58,66,26,26,26,18,18,26,18,18,18,23,30,10,12,2,0,0,4,2,1,0,0,1,3,0,0,0,0,0,1,2,2024-01-11 14:37:49,12
996,969,75,0,54,45,96,22,44,44,43,43,30,41,41,41,55,13,13,13,9,9,13,9,9,9,23,14,5,8,8,9,6,4,2,2,0,2,2,1,1,1,1,2,1,0,0,2024-01-11 14:39:49,34
996,965,436,0,142,118,108,48,42,50,40,40,45,38,32,32,76,24,24,24,24,24,24,24,24,24,24,7,12,13,6,7,6,4,2,2,0,2,0,0,1,1,1,2,1,0,0,2024-01-11 14:41:49,33
1161,1099,187,0,422,352,232,148,118,85,111,111,30,91,47,47,185,78,78,78,70,70,78,70,70,70,19,10,13,10,9,0,0,4,2,18,0,0,1,1,0,0,0,0,0,0,1,2024-01-11 14:43:49,68
989,959,427,0,108,90,93,38,46,41,40,40,30,38,31,31,60,20,20,20,18,18,20,18,18,18,20,6,12,4,9,8,6,4,3,1,0,2,1,0,1,1,1,2,1,0,1,2024-01-11 14:45:49,21
993,965,913,829,93,77,87,34,38,36,39,39,30,37,32,32,53,18,18,18,16,16,18,16,16,16,15,5,10,11,2,0,0,4,3,1,0,0,1,0,0,0,0,0,0,1,2,2024-01-11 14:47:49,20
1021,987,942,854,153,128,97,52,48,48,43,43,30,42,24,24,73,27,27,27,25,25,27,25,25,25,17,6,11,4,10,9,6,4,4,0,0,2,0,0,1,1,1,2,1,1,0,2024-01-11 14:49:49,38
1025,993,1331,867,168,140,116,67,45,45,43,43,30,41,41,41,75,41,41,41,28,28,40,28,27,27,20,4,9,10,6,0,0,4,2,2,1,0,0,1,0,0,0,0,0,0,0,2024-01-11 14:51:49,41
1000,967,924,837,66,55,93,24,48,49,43,43,45,42,31,31,61,17,17,17,11,11,15,11,9,9,17,7,12,9,6,8,6,4,2,1,2,2,2,0,1,1,1,2,1,0,1,2024-01-11 14:53:49,15
990,953,1251,836,90,75,83,31,55,42,51,51,30,49,25,25,58,18,18,18,15,15,17,15,14,14,23,11,7,11,6,8,6,4,3,1,1,2,0,0,1,1,1,2,1,0,1,2024-01-11 14:55:49,15
993,972,913,832,120,100,83,39,38,38,36,36,30,37,25,25,58,23,23,23,20,20,21,20,18,18,14,8,5,7,3,0,0,4,5,0,2,0,0,0,0,0,0,0,0,1,2,2024-01-11 14:57:49,18
1011,990,908,820,132,110,87,50,35,34,35,35,30,34,31,31,56,28,28,28,22,22,28,22,22,22,19,2,5,2,1,8,6,4,3,0,0,2,4,0,1,1,1,2,1,1,0,2024-01-11 14:59:49,3
1001,969,1270,839,90,75,108,33,43,40,41,41,30,41,51,51,57,23,23,23,15,15,18,15,15,15,13,23,6,9,4,0,0,4,4,1,5,0,3,0,0,0,0,0,0,1,0,2024-01-11 15:01:49,9
1000,969,915,848,66,55,85,22,43,41,40,40,45,35,27,27,58,11,11,11,11,11,11,11,11,11,28,11,6,12,5,7,6,4,3,5,0,2,1,1,1,1,1,2,1,0,1,2024-01-11 15:03:49,11
1039,1011,1294,867,150,125,108,67,44,35,39,39,30,38,47,47,61,46,46,46,25,25,42,25,25,25,15,22,7,5,5,9,6,4,2,1,4,2,1,0,1,1,1,2,1,0,1,2024-01-11 15:05:49,12
989,974,897,831,60,50,90,23,31,33,29,29,30,28,46,46,44,13,13,13,10,10,13,10,10,10,22,22,7,4,4,0,0,4,2,1,0,0,0,1,0,0,0,0,0,0,2,2024-01-11 15:07:49,13
1009,991,948,863,104,87,90,39,39,35,37,37,30,36,37,37,53,22,22,22,17,17,22,17,17,17,18,16,6,7,2,9,6,4,2,1,0,2,0,5,1,1,1,2,1,1,0,2024-01-11 15:09:49,10
1160,968,1559,964,96,80,434,37,262,313,259,259,30,208,36,36,398,21,21,21,16,16,21,16,16,16,248,13,9,145,122,0,0,4,2,51,0,0,1,1,0,0,0,0,0,0,0,2024-01-11 15:11:49,577
1065,996,1083,960,186,155,126,58,83,61,71,71,45,69,33,33,93,40,40,40,31,31,32,31,26,26,24,4,22,13,15,4,6,4,2,1,8,2,1,1,1,1,1,2,1,1,1,2024-01-11 15:13:49,26
979,949,1242,822,74,61,90,24,50,49,50,50,30,46,27,27,63,15,15,15,13,13,13,13,11,11,21,11,12,8,2,5,6,4,2,0,2,2,0,0,1,1,1,2,1,0,1,2024-01-11 15:15:49,15
1014,973,94,0,112,94,101,47,66,51,56,56,30,56,31,31,70,29,29,29,18,18,29,18,18,18,18,10,11,7,12,0,0,4,2,0,0,0,1,0,0,0,0,0,0,0,2,2024-01-11 15:17:49,8
1008,981,74,0,72,60,79,28,42,38,40,40,30,41,29,29,50,16,16,16,12,12,16,12,12,12,21,7,6,6,2,7,6,4,2,0,0,2,2,0,1,1,1,2,1,1,0,2024-01-11 15:19:49,11
985,946,422,0,62,51,99,16,42,43,38,38,30,34,42,42,57,13,13,14,11,11,8,11,8,8,24,13,8,14,8,0,0,4,2,3,6,0,1,1,0,0,0,0,0,0,0,2024-01-11 15:21:49,26
996,981,72,0,82,69,84,35,33,31,34,34,45,35,40,40,44,23,23,22,13,13,22,13,13,13,18,13,1,3,0,9,6,4,2,0,0,2,2,0,1,1,1,2,1,1,1,2024-01-11 15:23:49,0
961,937,400,0,18,15,81,6,40,40,36,36,15,35,37,37,44,3,3,3,3,3,3,3,3,3,20,18,9,6,8,0,0,4,2,1,0,0,1,0,0,0,0,0,0,0,1,2024-01-11 15:25:49,20
987,961,926,841,96,80,91,40,43,38,44,44,45,41,32,32,59,24,24,24,16,16,24,16,16,16,15,9,5,8,2,8,6,4,2,2,0,2,4,2,1,1,1,2,1,0,2,2024-01-11 15:27:49,19
1021,981,913,834,90,75,82,35,51,53,50,50,30,49,13,13,69,27,27,27,15,15,21,15,14,14,25,2,12,12,3,8,6,4,2,1,6,2,3,0,1,1,1,2,1,0,0,2024-01-11 15:29:49,18
1011,972,1325,894,116,96,91,46,44,43,41,41,30,42,27,27,64,31,31,31,20,20,26,20,20,20,19,8,8,12,7,0,0,4,2,1,5,0,1,0,0,0,0,0,0,2,0,2024-01-11 15:31:49,25
1044,1005,912,828,166,139,101,59,48,43,41,41,45,41,29,29,72,39,39,39,27,27,33,27,26,26,17,13,13,6,9,9,6,4,2,0,6,2,1,0,1,1,1,2,1,0,1,2024-01-11 15:33:49,16
994,957,1258,836,102,85,98,36,56,47,52,52,15,46,32,32,66,19,19,19,17,17,19,17,17,17,19,14,12,5,10,0,0,4,2,2,0,0,2,0,0,0,0,0,0,1,1,2024-01-11 15:35:49,21
1009,977,923,838,126,105,94,47,45,47,44,44,45,43,25,25,69,29,29,29,21,21,26,21,21,21,21,6,6,13,4,9,6,4,2,1,3,2,1,0,1,1,1,2,1,0,2,2024-01-11 15:37:49,20
1022,999,913,835,108,90,84,45,36,35,35,35,30,34,31,31,53,27,27,27,18,18,27,18,18,18,17,5,4,4,2,9,6,4,2,0,0,2,0,0,1,1,1,2,1,0,0,2024-01-11 15:39:49,8
999,951,1301,841,66,54,152,33,76,92,76,76,30,68,38,38,114,21,21,21,12,12,21,12,12,12,67,14,3,27,21,0,0,4,2,8,0,0,1,4,0,0,0,0,0,0,0,2024-01-11 15:41:49,113
1020,987,969,880,60,51,100,30,64,61,64,64,45,64,29,29,71,21,21,21,9,9,21,9,9,9,30,12,4,17,1,4,6,4,2,1,0,2,1,1,1,1,1,2,1,1,1,2024-01-11 15:43:49,17
1002,965,1317,875,138,115,109,57,53,55,49,49,15,47,29,29,80,34,34,34,23,23,34,23,23,23,27,7,10,15,5,0,0,4,2,2,0,0,5,0,0,0,0,0,0,0,1,2024-01-11 15:45:49,16
1045,991,945,831,130,107,128,55,73,62,62,62,45,62,42,42,86,39,39,39,23,23,33,23,22,22,23,13,14,13,13,9,6,4,2,1,6,2,1,0,1,1,1,2,1,1,2,2024-01-11 15:47:49,15
1084,1054,974,881,236,198,108,88,34,25,27,27,30,27,45,45,63,54,54,54,38,38,51,38,37,37,7,16,10,6,7,4,6,4,2,0,3,2,0,0,1,1,1,2,1,0,0,2024-01-11 15:49:49,3
1042,987,1460,969,148,123,158,62,60,87,59,59,30,56,42,42,116,50,50,50,25,25,39,25,23,23,67,9,3,26,19,0,0,4,2,2,11,0,4,0,0,0,0,0,0,0,0,2024-01-11 15:51:49,95
1023,977,1065,968,110,92,116,42,68,55,68,68,45,64,38,38,78,36,36,36,18,18,24,18,18,18,41,14,8,14,2,7,6,4,2,4,12,2,1,0,1,1,1,2,1,0,1,2024-01-11 15:53:49,7
1029,979,1166,718,141,117,113,52,62,54,57,57,15,58,35,35,78,39,39,39,24,24,28,24,24,24,25,13,9,12,4,0,0,4,2,0,11,0,1,2,0,0,0,0,0,1,1,2024-01-11 15:55:49,8
1007,973,98,0,109,91,99,40,46,43,45,45,45,44,38,38,61,32,32,32,18,18,22,18,18,18,25,13,2,13,2,9,6,4,2,0,10,2,1,0,1,1,1,2,1,0,2,2024-01-11 15:57:49,1
1068,1026,111,0,164,137,117,68,54,44,48,48,15,48,45,45,72,51,51,51,27,27,41,27,27,27,18,8,10,9,7,0,0,4,2,1,10,0,3,2,0,0,0,0,0,1,0,2024-01-11 15:59:49,15
1032,982,448,0,142,117,121,55,50,51,48,48,45,45,42,42,80,50,50,49,25,25,31,24,25,25,31,15,6,12,11,3,6,4,2,4,18,2,3,1,1,1,1,2,1,1,0,2024-01-11 16:01:49,42
1086,1000,152,0,142,119,212,61,104,129,101,101,45,90,44,44,167,46,46,47,23,23,37,24,23,23,92,14,5,45,42,9,6,4,2,11,10,2,2,2,1,1,1,2,1,0,1,2024-01-11 16:03:49,178
1026,976,433,0,152,126,101,60,68,52,61,61,15,61,23,23,78,48,48,48,26,26,35,26,26,26,22,8,7,12,9,0,0,4,2,0,13,0,0,1,0,0,0,0,0,0,1,2024-01-11 16:05:49,7
1048,995,952,860,140,118,117,46,54,45,38,38,45,38,49,49,68,36,36,36,22,22,24,22,21,21,21,24,13,7,20,7,6,4,2,1,12,2,2,2,1,1,1,2,1,1,2,2024-01-11 16:07:49,28
1051,1009,938,837,138,115,102,53,60,48,54,54,15,51,29,29,73,37,37,37,23,23,30,23,23,23,23,9,6,9,6,0,0,4,2,2,7,0,1,3,0,0,0,0,0,1,0,2024-01-11 16:09:49,4
1023,973,1331,882,164,136,129,61,62,64,59,59,45,52,33,33,96,33,33,33,28,28,33,28,28,28,38,11,6,17,18,8,6,4,2,3,0,2,1,0,1,1,1,2,1,0,0,2024-01-11 16:11:49,62
1050,1008,931,836,142,119,103,57,70,44,55,55,45,53,36,36,67,37,37,37,23,23,35,23,22,22,15,10,12,4,16,7,6,4,2,0,2,2,0,1,1,1,1,2,1,0,1,2024-01-11 16:13:49,7
993,973,1249,821,120,100,102,45,45,49,44,44,15,43,32,32,70,25,25,25,20,20,25,20,20,20,19,13,8,9,2,0,0,4,2,1,0,0,2,1,0,0,0,0,0,0,1,2024-01-11 16:15:49,12
1028,989,908,828,138,115,90,56,49,34,38,38,45,39,33,33,57,38,38,38,23,23,33,23,23,23,11,10,12,4,11,9,6,4,2,0,5,2,0,2,1,1,1,2,1,1,2,2024-01-11 16:17:49,5
1033,997,927,833,132,110,110,58,48,47,42,42,15,39,39,39,71,39,39,39,22,22,37,22,21,21,19,9,9,7,9,0,0,4,2,2,2,0,1,2,0,0,0,0,0,0,0,2024-01-11 16:19:49,23
1005,959,1302,857,102,85,133,35,70,74,64,64,45,61,35,35,98,18,18,18,17,17,18,17,17,17,44,16,7,23,16,5,6,4,2,4,0,2,1,2,1,1,1,2,1,1,0,2024-01-11 16:21:49,56
997,963,942,858,78,65,97,24,47,48,47,47,45,46,35,35,62,20,20,20,13,13,14,13,10,10,22,11,15,8,3,9,6,4,2,1,6,2,0,5,1,1,1,2,1,0,1,2024-01-11 16:23:49,18
1042,995,1356,907,128,106,125,51,74,61,70,70,15,61,41,41,84,29,29,29,22,22,29,22,22,22,21,16,10,12,11,0,0,4,2,1,0,0,0,4,0,0,0,0,0,0,1,2024-01-11 16:25:49,17
1040,991,957,840,142,119,119,55,66,57,56,56,45,52,38,38,82,32,32,32,23,23,32,23,23,23,28,11,18,7,13,9,6,4,2,0,0,2,1,2,1,1,1,2,1,0,2,2024-01-11 16:27:49,12
1034,974,1024,871,60,50,188,21,93,137,91,91,15,90,37,37,150,11,11,11,10,10,11,10,10,10,90,14,7,29,25,0,0,4,2,2,0,0,2,2,0,0,0,0,0,1,0,2024-01-11 16:29:49,107
1013,963,1405,955,110,91,127,45,73,53,72,72,45,65,44,43,83,30,30,30,19,19,26,19,19,19,31,10,10,21,9,8,6,4,2,7,4,2,4,1,1,1,1,2,1,0,0,2024-01-11 16:31:49,38
1039,995,1062,956,154,128,109,60,84,57,75,75,30,75,24,25,85,36,36,37,26,26,35,26,25,25,26,4,15,8,9,0,0,4,2,2,2,0,2,0,0,0,0,0,0,2,1,2024-01-11 16:33:49,1
1005,968,1145,728,96,81,94,34,49,37,43,43,30,40,38,38,56,20,20,19,15,15,19,15,15,15,21,14,8,9,9,9,6,4,2,2,0,2,1,0,1,1,1,2,1,0,1,2024-01-11 16:35:49,15
1001,970,89,0,86,71,104,34,46,49,42,42,45,42,40,40,64,19,19,19,15,15,19,15,15,15,24,13,9,12,7,9,6,4,1,0,0,2,1,0,1,1,1,2,1,0,2,2024-01-11 16:37:49,19
1045,993,119,0,154,129,141,50,66,68,65,65,15,60,42,42,99,34,34,34,25,25,28,25,22,22,45,10,4,22,11,0,0,4,2,3,6,0,4,1,0,0,0,0,0,0,0,2024-01-11 16:39:49,51
1152,963,916,0,96,80,602,36,480,530,479,479,45,472,45,45,557,20,20,20,16,16,20,16,16,16,58,11,7,128,14,3,6,4,2,8,0,2,2,0,1,1,1,2,1,1,0,2024-01-11 16:41:49,58
1188,991,443,0,148,123,461,56,438,395,431,431,30,423,34,34,427,31,31,32,25,25,31,25,25,25,23,6,10,103,11,0,0,4,2,7,1,0,0,1,0,0,0,0,0,0,1,2024-01-11 16:43:49,29
1052,1007,443,0,158,132,110,70,65,47,58,58,30,56,36,36,74,46,46,45,26,26,45,26,26,26,25,7,9,18,9,8,6,4,2,1,0,2,0,0,1,1,1,2,1,1,1,2024-01-11 16:45:49,18
986,949,928,857,96,80,82,29,50,37,47,47,30,43,29,29,53,16,16,16,16,16,14,16,14,14,16,11,10,4,5,0,0,4,2,0,2,0,1,0,0,0,0,0,0,0,2,2024-01-11 16:47:49,5
1098,1057,982,854,214,178,133,95,62,52,54,54,30,51,43,43,90,59,59,59,36,36,59,36,36,36,16,3,15,8,10,6,6,4,2,1,0,2,1,0,1,1,1,2,1,0,0,2024-01-11 16:49:49,11
1101,1031,1421,888,278,229,216,98,99,87,90,90,45,80,72,72,144,58,58,58,49,49,58,49,49,49,33,23,16,22,24,7,6,4,2,6,0,2,0,1,1,1,1,2,1,1,0,2024-01-11 16:51:49,65
1035,1000,957,854,136,111,128,39,56,49,52,52,30,50,51,51,77,31,31,31,25,25,26,25,21,21,20,19,9,4,7,0,0,4,2,2,5,0,2,1,0,0,0,0,0,0,1,2024-01-11 16:53:49,20
1075,1030,1261,825,134,117,124,86,68,56,67,67,30,61,40,40,84,55,55,55,17,17,52,17,17,17,29,25,11,9,5,9,6,4,2,5,3,2,6,1,1,1,1,2,1,1,1,2024-01-11 16:55:49,24
1018,976,938,830,150,125,122,57,59,54,53,53,30,51,40,40,82,33,33,33,25,25,32,25,25,25,32,14,11,11,10,0,0,4,2,2,1,0,2,0,0,0,0,0,0,0,2,2024-01-11 16:57:49,23
1060,1012,941,847,128,106,101,50,68,42,57,57,30,50,38,38,64,30,30,30,22,22,28,22,22,22,19,8,10,2,14,7,6,4,2,0,2,2,2,2,1,1,1,2,1,0,0,2024-01-11 16:59:49,10
1097,1009,1342,829,202,169,209,86,123,117,106,106,30,93,49,49,159,59,59,59,33,33,53,33,33,33,54,15,15,24,35,0,0,4,2,8,6,0,1,0,0,0,0,0,0,0,0,2024-01-11 17:01:49,90
1058,1018,988,863,192,160,138,74,62,67,56,56,45,52,36,36,102,42,42,42,32,32,42,32,32,32,32,3,9,12,19,8,6,4,2,3,0,2,0,0,1,1,1,2,1,1,1,2024-01-11 17:03:49,60
1038,1001,1298,851,246,205,117,88,46,37,41,41,30,41,39,39,78,51,51,51,41,41,47,41,41,41,12,12,7,6,6,7,6,4,2,0,4,2,2,0,1,1,1,2,1,1,1,2024-01-11 17:05:49,9
1052,1019,914,813,214,177,120,79,50,40,45,45,30,42,37,37,83,42,42,42,37,37,42,37,37,37,21,14,9,7,6,0,0,4,2,3,0,0,2,1,0,0,0,0,0,1,2,2024-01-11 17:07:49,18
1089,1062,993,871,252,211,136,96,40,41,44,44,30,39,47,47,89,55,55,55,41,41,55,41,41,41,28,14,7,6,3,8,6,4,2,5,0,2,4,1,1,1,1,2,1,0,0,2024-01-11 17:09:49,34
1261,990,1756,959,190,159,688,66,344,571,338,338,30,300,37,37,651,35,35,35,31,31,35,31,31,31,399,17,11,199,202,0,0,4,2,38,0,0,1,1,0,0,0,0,0,0,0,2024-01-11 17:11:49,949
1017,967,1040,952,108,90,94,41,148,48,144,144,45,137,24,24,70,23,23,23,18,18,23,18,18,18,29,2,10,17,10,9,6,4,2,4,0,2,0,1,1,1,1,2,1,0,1,2024-01-11 17:13:49,15
997,971,1201,776,108,90,85,47,41,36,36,36,15,36,30,30,55,29,29,29,18,18,29,18,18,18,16,7,9,6,6,0,0,4,2,1,0,0,1,2,0,0,0,0,0,1,1,2024-01-11 17:15:49,15
995,961,75,0,82,68,87,29,52,47,50,50,45,48,23,23,64,15,15,15,14,14,15,14,14,14,24,8,11,11,4,8,6,4,2,2,0,2,0,1,1,1,1,2,1,0,2,2024-01-11 17:17:49,10
1084,1042,110,0,205,170,137,75,67,48,57,57,30,52,47,47,90,40,40,40,35,35,40,35,35,35,27,23,10,6,10,9,6,4,2,2,0,2,3,3,1,1,1,2,1,1,0,2024-01-11 17:19:49,17
1057,1003,443,0,185,155,131,61,50,50,50,50,30,46,44,44,87,31,31,31,30,30,31,30,30,30,25,21,8,6,9,0,0,4,2,3,0,0,5,1,0,0,0,0,0,0,0,2024-01-11 17:21:49,82
1129,1038,180,0,252,209,256,97,131,138,129,129,45,108,50,50,207,55,55,55,43,43,55,43,43,43,97,20,8,51,42,8,6,4,2,19,0,2,1,5,1,1,1,2,1,0,1,2024-01-11 17:23:49,186
1076,1036,479,0,236,198,161,101,63,55,64,64,15,59,60,60,100,63,63,63,38,38,62,38,38,38,28,17,12,11,2,0,0,4,2,5,1,0,5,0,0,0,0,0,0,1,1,2024-01-11 17:25:49,11
1018,987,938,846,120,100,99,49,41,42,40,40,45,38,34,34,65,29,29,29,20,20,29,20,20,20,22,7,7,11,8,7,6,4,2,2,0,2,2,3,1,1,1,2,1,0,2,2024-01-11 17:27:49,35
1058,1031,933,845,154,128,114,58,48,31,45,45,15,39,55,55,59,32,32,32,26,26,32,26,26,26,13,24,10,5,6,0,0,4,2,2,0,0,0,1,0,0,0,0,0,1,0,2024-01-11 17:29:49,10
1017,978,1331,886,164,137,131,61,49,45,51,51,45,46,49,49,82,38,38,38,27,27,34,27,27,27,33,20,4,8,7,7,6,4,2,4,4,2,1,1,1,1,1,2,1,0,0,2024-01-11 17:31:49,41
1059,1027,950,835,196,163,119,85,51,51,49,49,45,49,34,34,84,52,52,52,33,33,52,33,33,33,16,10,5,7,6,7,6,4,3,0,0,2,5,0,1,1,1,2,1,0,1,2024-01-11 17:33:49,28
998,970,1265,847,122,102,89,42,39,39,34,34,15,32,30,30,59,22,22,22,20,20,22,20,20,20,17,9,9,4,9,0,0,4,2,0,0,0,1,0,0,0,0,0,0,0,1,2024-01-11 17:35:49,22
1008,972,925,830,114,95,103,40,53,45,43,43,45,44,39,39,64,21,21,21,19,19,21,19,19,19,19,8,10,5,12,8,6,4,2,0,0,2,3,3,1,1,1,2,1,2,2,2024-01-11 17:37:49,15
1023,997,908,823,94,78,103,37,41,45,39,39,15,37,41,41,63,21,21,21,16,16,21,16,16,16,23,13,7,8,8,0,0,4,2,1,0,0,0,2,0,0,0,0,0,0,0,2024-01-11 17:39:49,29
1073,1033,1356,828,358,297,164,124,66,69,64,64,45,62,30,30,133,63,63,63,61,61,63,61,61,61,42,9,9,16,9,9,6,4,2,3,0,2,2,1,1,1,1,2,1,1,0,2024-01-11 17:41:49,75
1074,1037,990,851,246,208,126,95,56,46,50,50,30,45,40,40,87,57,57,57,38,38,57,38,38,38,23,7,14,3,8,0,0,4,2,3,0,0,1,2,0,0,0,0,0,0,1,2024-01-11 17:43:49,15
1008,972,1315,873,138,115,108,50,56,39,52,52,30,50,45,45,62,30,30,30,23,23,27,23,23,23,20,7,6,12,5,9,6,4,2,0,3,2,0,1,1,1,1,2,1,0,1,2024-01-11 17:45:49,1
1030,993,929,830,126,105,114,51,49,41,41,41,45,41,52,52,62,31,31,31,21,21,30,21,21,21,16,15,10,7,8,7,6,4,2,0,1,2,3,1,1,1,1,2,1,0,2,2024-01-11 17:47:49,2
998,970,972,891,62,51,107,15,35,38,35,35,15,34,54,54,53,13,13,13,11,11,7,11,8,8,18,18,4,7,6,0,0,4,2,2,6,0,1,4,0,0,0,0,0,1,0,2024-01-11 17:49:49,32
1021,997,1415,948,180,150,127,67,40,37,40,40,45,41,60,60,67,37,37,37,30,30,37,30,30,30,18,20,6,4,2,9,6,4,2,0,0,2,3,1,1,1,1,2,1,1,0,2024-01-11 17:51:49,15
1022,982,1056,965,136,114,93,46,58,47,48,48,30,45,22,22,71,24,24,24,22,22,24,22,22,22,21,1,15,5,11,0,0,4,2,2,0,0,1,0,0,0,0,0,0,0,1,2024-01-11 17:53:49,8
1013,976,1199,771,156,130,85,57,47,34,33,33,30,33,25,25,60,31,31,31,26,26,31,26,26,26,12,3,15,4,14,8,6,4,2,0,0,2,1,0,1,1,1,2,1,0,1,2024-01-11 17:55:49,6
998,976,96,0,132,110,100,61,41,36,39,39,30,39,42,42,58,39,39,39,22,22,39,22,22,22,13,8,5,7,2,0,0,4,2,0,0,0,1,0,0,0,0,0,0,0,2,2024-01-11 17:57:49,1
1033,1016,68,0,114,95,88,42,28,25,25,25,30,25,44,44,44,23,23,23,19,19,23,19,19,19,14,24,4,4,4,9,6,4,2,0,0,2,1,4,1,1,1,2,1,1,0,2024-01-11 17:59:49,9
1024,985,459,0,180,150,135,66,50,55,47,47,45,45,47,47,88,40,40,40,30,30,36,30,30,30,35,16,7,18,11,8,6,4,2,2,4,2,1,2,1,1,1,2,1,0,0,2024-01-11 18:01:49,56
987,968,73,0,93,77,72,31,39,30,36,36,30,35,26,26,46,16,16,16,16,16,16,16,16,16,14,2,5,4,4,0,0,4,2,0,0,0,0,0,0,0,0,0,0,1,1,2024-01-11 18:03:49,7
970,951,394,0,75,63,56,25,28,28,26,26,30,25,15,15,41,16,16,16,12,12,12,12,12,12,11,2,4,1,3,7,6,4,2,1,4,2,0,0,1,1,1,2,1,0,1,2024-01-11 18:05:49,7
1032,1005,941,857,186,155,91,73,40,38,39,39,30,39,22,22,69,42,42,42,31,31,42,31,31,31,20,5,5,5,5,0,0,4,2,0,0,0,4,0,0,0,0,0,0,0,2,2024-01-11 18:07:49,18
1002,981,930,850,80,66,82,27,37,43,35,35,30,35,24,24,58,13,13,13,14,14,13,14,14,14,17,6,7,6,7,6,6,4,2,1,0,2,2,0,1,1,1,2,1,1,0,2024-01-11 18:09:49,28
984,966,1294,882,118,99,83,44,24,22,24,24,30,24,37,37,46,25,25,25,19,19,25,19,19,19,15,10,2,5,4,0,0,4,2,1,0,0,1,1,0,0,0,0,0,1,0,2024-01-11 18:11:49,22
1065,961,1107,844,54,45,287,20,230,238,231,231,45,211,18,18,269,14,14,14,9,9,11,9,9,9,17,4,7,59,3,8,6,4,2,21,3,2,1,0,1,1,1,2,1,1,1,2024-01-11 18:13:49,25
1013,921,1320,833,42,35,166,14,172,126,166,166,30,145,13,13,153,19,19,19,7,7,7,7,7,7,10,1,5,43,6,7,6,4,2,20,12,2,0,0,1,1,1,2,1,0,1,2024-01-11 18:15:49,1
1013,985,928,833,160,133,92,55,47,44,46,46,30,44,19,19,73,40,40,40,27,27,28,27,27,27,12,5,3,5,2,0,0,4,2,2,12,0,1,2,0,0,0,0,0,0,2,2024-01-11 18:17:49,11
988,956,920,845,74,62,65,25,35,26,29,29,30,29,27,27,38,22,22,22,12,12,13,12,12,12,8,1,7,3,7,1,6,4,2,0,9,2,1,0,1,1,1,2,1,0,0,2024-01-11 18:19:49,7
996,966,1234,832,84,70,71,31,28,23,23,23,30,20,33,33,38,29,29,29,14,14,17,14,14,14,10,11,5,3,7,0,0,4,2,1,12,0,0,2,0,0,0,0,0,0,0,2024-01-11 18:21:49,13
982,950,934,880,60,50,65,21,34,26,27,27,45,27,28,28,37,21,21,21,10,10,11,10,10,10,8,12,6,6,7,3,6,4,2,1,10,2,1,2,1,1,1,2,1,1,1,2024-01-11 18:23:49,3
1013,986,1296,865,108,90,89,52,32,28,28,28,15,29,43,43,46,46,46,46,18,18,34,18,18,18,10,13,3,4,5,0,0,4,2,0,12,0,2,3,0,0,0,0,0,1,1,2024-01-11 18:25:49,13
998,962,901,836,90,75,62,33,36,25,29,29,45,28,21,21,41,30,30,30,15,15,18,15,15,15,9,5,6,7,7,8,6,4,1,1,12,2,0,0,1,1,1,2,1,0,2,2024-01-11 18:27:49,0
1021,998,967,902,96,80,73,34,25,25,25,25,30,25,32,32,41,29,29,29,16,16,18,16,16,16,17,7,1,5,1,8,6,4,2,0,11,2,0,1,1,1,1,2,1,0,0,2024-01-11 18:29:49,8
988,940,1392,965,54,45,122,18,47,62,50,50,30,38,41,41,81,19,19,19,9,9,9,9,9,9,38,18,7,15,18,0,0,4,2,7,10,0,2,0,0,0,0,0,0,0,0,2024-01-11 18:31:49,83
1010,978,1020,946,120,100,84,44,49,38,48,48,45,45,25,25,59,24,24,24,20,20,24,20,20,20,11,7,5,11,6,9,6,4,2,1,0,2,3,0,1,1,1,2,1,1,1,2024-01-11 18:33:49,21
966,952,1096,699,90,75,60,31,24,23,22,22,15,19,20,20,40,16,16,16,15,15,16,15,15,15,13,3,4,4,5,0,0,4,2,1,0,0,1,1,0,0,0,0,0,0,1,2024-01-11 18:35:49,13
1008,975,78,0,144,120,80,48,44,31,33,33,45,34,25,25,55,25,25,25,24,24,24,24,24,24,12,2,9,6,12,8,6,4,2,0,1,2,1,0,1,1,1,2,1,1,2,2024-01-11 18:37:49,8
1033,1008,88,0,154,128,96,52,42,41,37,37,30,34,28,28,68,26,26,27,26,26,26,26,26,26,11,10,9,8,5,8,6,4,2,1,1,2,0,0,1,1,1,2,1,0,0,2024-01-11 18:39:49,3
955,928,401,0,74,62,68,24,39,32,36,36,30,35,21,21,47,13,13,12,12,12,12,12,12,12,18,8,8,8,6,0,0,4,2,2,0,0,2,1,0,0,0,0,0,1,0,2024-01-11 18:41:49,16
951,945,32,0,30,25,32,10,15,19,15,15,45,15,8,8,24,5,5,5,5,5,5,5,5,5,10,2,2,0,1,8,6,4,2,0,0,2,0,1,1,1,1,2,1,0,1,2024-01-11 18:43:49,5
962,936,394,0,42,35,54,17,32,34,25,25,15,26,13,13,41,10,10,10,7,7,10,7,7,7,21,1,6,9,8,0,0,4,2,0,0,0,0,0,0,0,0,0,0,1,1,2024-01-11 18:45:49,13
1260,1248,1057,866,930,773,192,320,23,16,20,20,45,21,19,19,173,161,161,163,157,157,163,157,157,157,9,2,4,4,3,9,6,4,2,0,0,2,0,0,1,1,1,2,1,1,2,2024-01-11 18:47:49,8
1012,980,941,877,71,61,76,24,38,45,37,37,15,36,19,19,57,16,16,14,10,10,14,10,10,10,29,3,6,12,10,0,0,4,2,1,0,0,1,0,0,0,0,0,0,0,0,2024-01-11 18:49:49,44
932,910,1272,862,55,46,60,18,30,30,29,29,45,27,19,19,41,11,11,11,9,9,9,9,9,9,13,5,5,7,1,9,6,4,2,2,2,2,1,0,1,1,1,2,1,0,0,2024-01-11 18:51:49,3
1000,982,907,850,72,60,74,24,36,29,33,33,45,32,33,33,41,12,12,12,12,12,12,12,12,12,12,17,4,4,3,9,6,4,2,0,0,2,1,0,1,1,1,2,1,0,1,2024-01-11 18:53:49,0
961,947,1240,849,52,43,48,24,28,28,28,28,15,27,12,12,37,15,15,15,9,9,15,9,9,9,9,4,5,3,0,0,0,4,2,0,0,0,1,0,0,0,0,0,0,0,1,2024-01-11 18:55:49,2
949,937,880,829,38,32,46,13,28,23,27,27,45,27,15,15,30,7,7,7,6,6,7,6,6,6,13,0,4,1,2,8,6,4,2,1,0,2,0,2,1,1,1,2,1,1,2,2024-01-11 18:57:49,6
969,955,885,840,12,10,48,4,30,30,30,30,15,31,16,16,32,2,2,2,2,2,2,2,2,2,17,2,4,5,2,0,0,4,2,0,0,0,0,0,0,0,0,0,0,1,0,2024-01-11 18:59:49,13
962,943,1269,833,42,35,111,16,29,38,28,28,45,28,66,66,45,13,13,13,7,7,9,7,7,7,21,17,3,3,6,9,6,4,2,0,4,2,1,2,1,1,1,2,1,0,0,2024-01-11 19:01:49,27
954,933,896,859,30,25,41,15,33,28,32,32,30,31,7,7,34,13,13,13,5,5,10,5,5,5,12,3,7,4,2,0,0,4,2,1,3,0,0,0,0,0,0,0,0,0,1,2024-01-11 19:03:49,12
1009,971,1282,877,84,70,71,38,45,42,40,40,30,37,12,12,59,28,28,28,14,14,24,14,14,14,18,5,14,6,5,4,6,4,2,2,4,2,0,1,1,1,1,2,1,0,1,2024-01-11 19:05:49,11
982,967,890,822,116,95,69,40,27,26,28,28,45,28,22,22,47,19,19,19,21,21,19,21,21,21,12,5,0,7,0,8,6,4,2,0,0,2,2,0,1,1,1,2,1,0,2,2024-01-11 19:07:49,0
1010,992,935,865,114,96,64,38,29,22,22,22,15,24,25,25,40,21,21,21,18,18,21,17,17,17,11,4,4,3,7,0,0,4,2,0,0,0,0,3,0,0,0,0,0,2,0,2024-01-11 19:09:49,4
927,911,1357,965,42,36,64,15,30,40,29,29,45,27,17,17,46,8,8,8,6,6,8,7,7,7,21,9,6,5,8,7,6,4,2,0,0,2,1,0,1,1,1,2,1,1,0,2024-01-11 19:11:49,33
974,955,995,958,36,30,45,12,25,20,23,23,30,23,19,19,26,6,6,6,6,6,6,6,6,6,11,8,5,7,3,0,0,4,2,0,0,0,0,1,0,0,0,0,0,0,1,2024-01-11 19:13:49,4
1005,984,1121,717,84,70,98,33,27,26,25,25,30,24,54,54,44,19,19,19,14,14,19,14,14,14,10,31,3,3,4,9,6,4,2,1,0,2,2,2,1,1,1,2,1,0,1,2024-01-11 19:15:49,19
961,945,48,0,24,20,55,8,28,30,29,29,30,29,21,21,34,4,4,4,4,4,4,4,4,4,9,9,3,7,1,0,0,4,2,0,0,0,1,3,0,0,0,0,0,0,2,2024-01-11 19:17:49,6
955,943,39,0,24,20,46,8,22,20,22,22,30,19,21,21,25,4,4,4,4,4,4,4,4,4,9,7,5,1,2,7,6,4,2,1,0,2,0,1,1,1,1,2,1,0,0,2024-01-11 19:19:49,2
943,918,398,0,18,15,62,6,36,42,35,35,45,36,16,16,46,4,4,4,3,3,3,3,3,3,28,0,0,16,7,6,6,4,2,1,1,2,0,1,1,1,1,2,1,2,0,2024-01-11 19:21:49,35
966,955,24,0,18,15,30,6,17,12,16,16,30,16,13,13,17,3,3,3,3,3,3,3,3,3,8,5,5,2,1,0,0,4,2,0,0,0,0,2,0,0,0,0,0,0,1,2024-01-11 19:23:49,3
961,944,389,0,42,35,64,14,28,23,27,27,30,25,33,33,31,7,7,7,7,7,7,7,7,7,13,17,3,5,2,3,6,4,2,1,0,2,4,0,1,1,1,2,1,0,1,2024-01-11 19:25:49,5
965,945,897,844,42,35,52,15,32,28,28,28,30,26,16,16,36,8,8,8,7,7,8,7,7,7,14,6,4,5,4,0,0,4,2,1,0,0,2,2,0,0,0,0,0,0,2,2024-01-11 19:27:49,4
987,968,923,869,42,35,68,15,33,34,34,34,30,33,23,23,45,8,8,8,7,7,8,7,7,7,23,11,3,8,0,8,6,4,2,1,0,2,1,0,1,1,1,2,1,0,0,2024-01-11 19:29:49,9
966,939,1287,869,54,45,77,18,31,31,29,29,30,30,37,37,40,13,13,13,9,9,9,9,9,9,17,18,3,8,10,0,0,4,2,0,4,0,0,1,0,0,0,0,0,1,0,2024-01-11 19:31:49,36
980,956,901,850,36,30,61,12,35,32,33,33,45,32,23,23,38,6,6,6,6,6,6,6,6,6,17,11,4,4,2,7,6,4,2,0,0,2,2,0,1,1,1,2,1,0,1,2024-01-11 19:33:49,0
952,939,1221,842,24,20,44,8,22,24,22,22,30,23,15,15,29,4,4,4,4,4,4,4,4,4,12,7,5,7,2,9,6,4,2,0,0,2,1,0,1,1,1,2,1,1,1,2024-01-11 19:35:49,11
964,940,888,827,36,30,74,12,47,40,45,45,30,43,27,27,47,6,6,6,6,6,6,6,6,6,18,12,5,7,2,0,0,4,2,1,0,0,0,0,0,0,0,0,0,0,2,2024-01-11 19:37:49,2
976,970,897,853,30,25,50,13,20,18,20,20,30,20,27,27,23,8,8,8,5,5,8,5,5,5,13,7,0,5,0,9,6,4,2,0,0,2,0,2,1,1,1,2,1,0,0,2024-01-11 19:39:49,1
936,918,1226,829,30,25,65,10,31,45,31,31,30,30,14,14,51,5,5,5,5,5,5,5,5,5,29,4,1,10,9,0,0,4,2,1,0,0,1,0,0,0,0,0,0,0,0,2024-01-11 19:41:49,45
951,941,902,881,18,15,18,6,18,9,18,18,45,21,6,6,12,3,3,3,3,3,3,3,3,3,3,2,0,4,0,9,6,4,2,0,0,2,0,0,1,1,1,2,1,3,1,2024-01-11 19:43:49,0
946,915,1293,886,6,5,95,2,55,62,55,55,15,46,23,23,72,1,1,1,1,1,1,1,1,1,41,9,2,21,12,0,0,4,2,9,0,0,1,0,0,0,0,0,0,0,1,2024-01-11 19:45:49,61
951,930,869,830,24,20,48,8,31,25,28,28,45,26,16,16,32,4,4,4,4,4,4,4,4,4,17,4,3,4,6,8,6,4,2,2,0,2,1,0,1,1,1,2,1,0,2,2024-01-11 19:47:49,15
999,976,951,905,30,25,52,12,35,29,31,31,30,30,17,17,35,7,7,7,5,5,7,5,5,5,12,6,4,8,4,8,6,4,2,1,0,2,1,0,1,1,1,2,1,0,0,2024-01-11 19:49:49,3
934,919,1361,971,6,5,40,2,18,17,15,15,30,14,21,21,19,1,1,1,1,1,1,1,1,1,12,5,3,4,4,0,0,4,2,1,0,0,1,2,0,0,0,0,0,0,0,2024-01-11 19:51:49,7
958,939,1017,973,48,40,41,16,24,20,22,22,45,23,13,13,28,8,8,8,8,8,8,8,8,8,10,0,4,7,2,7,6,4,2,0,0,2,1,0,1,1,1,2,1,1,1,2024-01-11 19:53:49,3
950,936,1023,640,66,55,38,22,20,16,17,17,15,18,11,11,27,12,12,12,11,11,11,11,11,11,4,1,6,2,3,0,0,4,2,0,1,0,0,2,0,0,0,0,0,1,1,2024-01-11 19:55:49,2
957,943,44,0,30,25,44,12,22,21,18,18,45,18,18,18,26,7,7,7,5,5,7,5,5,5,10,4,2,6,6,9,6,4,2,0,0,2,0,1,1,1,1,2,1,0,2,2024-01-11 19:57:49,13
965,948,40,0,0,0,50,0,31,33,31,31,15,30,16,16,34,0,0,0,0,0,0,0,0,0,14,5,2,7,4,0,0,4,2,1,0,0,1,1,0,0,0,0,0,0,0,2024-01-11 19:59:49,20
